TITLE="Graphics"
VARIABLES= "x", "T1", "Y_H2_1", 
"Y_H_1", "Y_O2_1", "Y_O_1", "Y_OH_1", "Y_HO2_1", "Y_H2O_1", "Y_H2O2_1", "Y_N2_1"
0  300 0.0144672 0 0.229637 0 0 0 0 0 0.755896
0.05  300.524 0.0140399 5.80837e-15 0.229874 1.86536e-09 1.52565e-10 8.28329e-08 2.06752e-06 9.12096e-08 0.756785
0.098  299.789 0.0151682 4.15115e-14 0.229488 1.47095e-25 1.29159e-09 -6.67163e-25 3.05269e-23 -1.08075e-24 0.755363
0.1  299.799 0.0151175 3.40385e-14 0.229499 3.73797e-26 1.06048e-09 5.40376e-25 4.37618e-23 0 0.755399
0.108333  299.891 0.014806 1.27053e-14 0.229559 0 3.64387e-10 7.60442e-09 0 0 0.755621
0.116667  300.936 0.0141621 3.17418e-13 0.229715 7.08711e-09 8.37784e-09 5.16988e-25 0 1.03398e-25 0.756127
0.120833  305.688 0.0135917 4.6904e-12 0.229749 1.86918e-08 1.07294e-07 2.2681e-06 0.000187075 1.00205e-06 0.756453
0.125  317.325 0.0128078 3.67386e-11 0.229604 4.4115e-08 3.87681e-07 1.19438e-05 0.000830437 5.4858e-06 0.756723
0.127083  329.254 0.0123171 2.91839e-10 0.229266 7.93483e-08 8.46467e-07 2.68156e-05 0.00162877 1.15714e-05 0.756732
0.129167  347.029 0.0117622 2.61739e-09 0.228632 1.50638e-07 1.91011e-06 5.39869e-05 0.00290209 2.13598e-05 0.75661
0.13125  372.929 0.0111467 2.25324e-08 0.227527 3.19652e-07 4.89597e-06 0.000102952 0.00485419 3.56283e-05 0.756313
0.133333  409.452 0.0104793 1.58447e-07 0.22573 7.77912e-07 1.41868e-05 0.000181983 0.00770506 5.34188e-05 0.755821
0.135417  458.6 0.00977301 8.47695e-07 0.223021 2.12352e-06 4.18538e-05 0.000276983 0.0116395 7.06758e-05 0.75516
0.1375  520.569 0.0090419 3.36844e-06 0.219261 5.98982e-06 0.000106788 0.000343761 0.0167378 8.17704e-05 0.754405
0.139583  592.777 0.00829863 9.98762e-06 0.214437 1.58876e-05 0.000211021 0.000358603 0.0229268 8.31535e-05 0.753647
0.141667  670.792 0.00755404 2.28462e-05 0.208685 3.85135e-05 0.000324914 0.000336207 0.0300024 7.4668e-05 0.75295
0.14375  750.311 0.00681794 4.26076e-05 0.202209 8.60593e-05 0.000420631 0.00029716 0.0377069 5.97684e-05 0.75235
0.145833  828.262 0.0060984 6.84718e-05 0.195168 0.000175929 0.00049938 0.00025456 0.0458096 4.34494e-05 0.751873
0.147917  902.811 0.0054016 9.89075e-05 0.187658 0.00032483 0.000583179 0.000215037 0.0541353 2.9476e-05 0.751545
0.15  972.961 0.0047332 0.000132058 0.179762 0.000541058 0.000698027 0.000181112 0.0625372 1.93928e-05 0.751389
0.154167  1099.11 0.00349648 0.000200264 0.163161 0.00116054 0.00108417 0.000130317 0.0791508 9.98329e-06 0.7516
0.158333  1203.74 0.00247318 0.000253081 0.147452 0.00187256 0.00167379 9.72041e-05 0.0938438 8.04357e-06 0.752321
0.1625  1287.72 0.00171001 0.000279353 0.134513 0.00248571 0.00234992 7.56286e-05 0.105386 8.46973e-06 0.753188
0.166667  1353.9 0.00119162 0.000280083 0.125046 0.00289487 0.00297725 6.1375e-05 0.113602 9.29031e-06 0.753936
0.170833  1405.93 0.000860079 0.000263639 0.118663 0.00309312 0.00347738 5.17165e-05 0.11911 9.91273e-06 0.754469
0.175  1447.21 0.000651234 0.000238983 0.114534 0.00312822 0.00383459 4.49119e-05 0.12275 1.02202e-05 0.754809
0.183333  1506.17 0.000445306 0.000184698 0.110519 0.00289101 0.0041628 3.6175e-05 0.126669 1.0026e-05 0.755084
0.2  1572.02 0.000292152 0.000107477 0.108224 0.00217785 0.00408049 2.67343e-05 0.12996 8.38939e-06 0.755135
0.25  1640.2 0.00014706 3.60752e-05 0.107017 0.00111434 0.00328034 1.55259e-05 0.133268 4.8163e-06 0.755113
0.3  1666.05 8.51788e-05 1.53892e-05 0.106861 0.000644891 0.00260805 9.97471e-06 0.134682 2.94043e-06 0.755139
0.36  1679.73 5.09539e-05 7.01492e-06 0.106842 0.00038627 0.00206753 6.4714e-06 0.135538 1.82964e-06 0.755141
0.432  1687.56 3.16305e-05 3.41067e-06 0.106828 0.000240414 0.00165494 4.27796e-06 0.136141 1.17229e-06 0.755227
0.5184  1692.34 2.04345e-05 1.767e-06 0.106682 0.000155587 0.00134407 2.91336e-06 0.136651 7.76182e-07 0.755298
0.62208  1695.49 1.37388e-05 9.73772e-07 0.106517 0.000104771 0.00111033 2.06523e-06 0.13709 5.31851e-07 0.75543
0.746496  1697.6 9.56743e-06 5.65363e-07 0.106237 7.29233e-05 0.000930903 1.52969e-06 0.137567 3.75661e-07 0.755581
0.895795  1699.26 6.92281e-06 3.46654e-07 0.105735 5.24945e-05 0.000793944 1.1921e-06 0.138158 2.73867e-07 0.755677
1.07495  1700.27 5.32851e-06 2.32598e-07 0.105098 4.00444e-05 0.000697168 9.9467e-07 0.138792 2.11414e-07 0.755703
1.28995  1701.76 4.48324e-06 1.79002e-07 0.104509 3.34272e-05 0.000639419 8.95159e-07 0.139335 1.76863e-07 0.755689
1.54793  1702.28 4.10092e-06 1.56859e-07 0.104102 3.04304e-05 0.000610461 8.52467e-07 0.139697 1.61299e-07 0.755667
1.85752  1704.85 3.97056e-06 1.48986e-07 0.103845 2.93879e-05 0.00060209 8.38543e-07 0.139915 1.53703e-07 0.755648
2.22903  1704.85 3.97056e-06 1.48986e-07 0.103845 2.93879e-05 0.00060209 8.38543e-07 0.139915 1.53703e-07 0.755648
