TITLE="Graphics"
VARIABLES= "x", "T1", "Y_H2_1", 
"Y_H_1", "Y_O2_1", "Y_O_1", "Y_OH_1", "Y_HO2_1", "Y_H2O_1", "Y_H2O2_1", "Y_N2_1"
0  300 0.0144672 0 0.229637 0 0 0 0 0 0.755896
0.05  300.42 0.0140315 2.35027e-14 0.229714 1.96059e-09 7.12109e-10 2.88674e-07 8.63408e-06 2.7061e-07 0.756259
0.098  299.837 0.0151471 0 0.22949 2.37383e-26 5.6657e-28 0 0 0 0.755368
0.1  299.844 0.0150999 4.30637e-15 0.2295 0 1.57127e-10 0 0 0 0.755404
0.108333  299.917 0.0148077 8.21577e-14 0.229563 0 2.42972e-09 1.36184e-08 0 0 0.755632
0.116667  300.834 0.0141917 1.43814e-12 0.229718 6.43831e-11 4.35639e-08 0 0 0 0.756119
0.120833  305.477 0.0136381 4.90856e-12 0.229751 1.12874e-08 1.21143e-07 2.12591e-06 0.000171024 8.06086e-07 0.75644
0.122917  310.411 0.0132796 1.12374e-11 0.229694 2.36576e-08 2.19854e-07 6.16276e-06 0.000439913 2.70862e-06 0.75658
0.123958  313.875 0.0130777 1.87472e-11 0.22963 3.24659e-08 3.01293e-07 9.44589e-06 0.000645549 4.2243e-06 0.756635
0.125  318.151 0.0128601 3.3939e-11 0.229534 4.37424e-08 4.1542e-07 1.38699e-05 0.000911112 6.22101e-06 0.756676
0.126042  323.418 0.0126266 7.08525e-11 0.229397 5.86725e-08 5.81559e-07 1.98544e-05 0.00125215 8.82454e-06 0.756698
0.127083  329.884 0.0123766 1.7653e-10 0.229204 7.9205e-08 8.33407e-07 2.79871e-05 0.00168727 1.2176e-05 0.756694
0.127604  333.662 0.0122454 3.16194e-10 0.22908 9.28165e-08 1.0145e-06 3.31759e-05 0.00194871 1.41898e-05 0.75668
0.128125  337.834 0.01211 5.72062e-10 0.228936 1.09252e-07 1.24413e-06 3.92392e-05 0.00224217 1.64446e-05 0.756657
0.128646  342.436 0.0119706 1.05053e-09 0.228769 1.29309e-07 1.53864e-06 4.63279e-05 0.00257082 1.89558e-05 0.756625
0.129167  347.505 0.0118272 1.94559e-09 0.228576 1.54043e-07 1.92052e-06 5.46136e-05 0.002938 2.17357e-05 0.756583
0.129688  353.08 0.0116799 3.60487e-09 0.228353 1.84857e-07 2.42073e-06 6.42852e-05 0.00334715 2.47918e-05 0.75653
0.130208  359.202 0.0115288 6.63695e-09 0.228099 2.23631e-07 3.08203e-06 7.55421e-05 0.00380184 2.81256e-05 0.756466
0.130729  365.91 0.011374 1.20785e-08 0.227808 2.7289e-07 3.96316e-06 8.85779e-05 0.00430569 3.17305e-05 0.75639
0.13125  373.247 0.0112156 2.16445e-08 0.227478 3.36038e-07 5.14427e-06 0.000103555 0.00486231 3.55896e-05 0.756301
0.131771  381.253 0.0110538 3.80872e-08 0.227105 4.17669e-07 6.73317e-06 0.000120569 0.00547527 3.9674e-05 0.756201
0.132292  389.966 0.0108888 6.56862e-08 0.226685 5.2398e-07 8.87199e-06 0.000139596 0.00614802 4.39414e-05 0.756088
0.132812  399.422 0.0107208 1.10884e-07 0.226214 6.63289e-07 1.17425e-05 0.000160439 0.00688381 4.83355e-05 0.755962
0.133333  409.651 0.01055 1.83067e-07 0.225689 8.46679e-07 1.55678e-05 0.000182658 0.00768562 5.2787e-05 0.755825
0.135417  458.161 0.00984435 8.58621e-07 0.22305 2.14607e-06 4.2564e-05 0.000277339 0.0115368 7.03053e-05 0.755178
0.1375  519.685 0.00911171 3.39749e-06 0.219351 5.99278e-06 0.000107887 0.000344282 0.0165652 8.17999e-05 0.754431
0.139583  591.711 0.00836511 1.01059e-05 0.214575 1.59018e-05 0.000213673 0.000359133 0.0227069 8.35518e-05 0.753673
0.141667  669.768 0.00761586 2.31908e-05 0.208853 3.86025e-05 0.000329528 0.000336465 0.0297595 7.52175e-05 0.752971
0.14375  749.468 0.00687423 4.33463e-05 0.202391 8.64385e-05 0.000426591 0.000297119 0.0374623 6.0234e-05 0.752362
0.145833  827.674 0.00614871 6.9756e-05 0.19535 0.000177174 0.000505965 0.00025435 0.0455804 4.37223e-05 0.751872
0.147917  902.51 0.0054457 0.000100854 0.187826 0.000327973 0.00059028 0.000214787 0.0539361 2.95698e-05 0.751531
0.15  972.961 0.00477106 0.000134745 0.1799 0.000547457 0.000706228 0.000180878 0.0623811 1.93742e-05 0.751362
0.154167  1099.72 0.00352227 0.000204541 0.163194 0.00117755 0.00109789 0.000130086 0.0791142 9.91947e-06 0.751552
0.158333  1204.92 0.00248962 0.00025869 0.147344 0.0019026 0.00169737 9.69187e-05 0.0939399 8.01109e-06 0.752265
0.1625  1289.38 0.00172139 0.000285782 0.134269 0.00252708 0.00238504 7.5297e-05 0.105597 8.46429e-06 0.753134
0.166667  1355.98 0.00120217 0.000286874 0.124686 0.00294359 0.00302268 6.10322e-05 0.1139 9.29439e-06 0.753891
0.170833  1408.35 0.000873336 0.000270487 0.118206 0.00314455 0.00352989 5.13967e-05 0.119473 9.91094e-06 0.754443
0.175  1449.89 0.00067077 0.000245593 0.114013 0.0031768 0.00388972 4.46434e-05 0.123145 1.02019e-05 0.754807
0.179167  1483.3 0.000544911 0.000218408 0.111336 0.00309872 0.00412089 3.96922e-05 0.125601 1.02085e-05 0.755033
0.183333  1510.59 0.000463534 0.00019229 0.109609 0.00295867 0.00425285 3.58923e-05 0.127312 1.00088e-05 0.755168
0.1875  1533.21 0.000407551 0.000168665 0.108468 0.00278968 0.00431323 3.28525e-05 0.128566 9.67528e-06 0.755247
0.191667  1552.23 0.000366182 0.0001479 0.107687 0.00261181 0.00432377 3.03333e-05 0.129535 9.26391e-06 0.755291
0.195833  1568.46 0.00033344 0.000129869 0.107132 0.00243617 0.0043005 2.81816e-05 0.13032 8.81416e-06 0.755313
0.2  1582.52 0.000305961 0.000114243 0.106716 0.00226892 0.00425578 2.62917e-05 0.130983 8.35534e-06 0.755323
0.225  1632.4 0.000208861 6.12302e-05 0.105663 0.00155874 0.00383873 1.91594e-05 0.133319 6.09247e-06 0.755328
0.25  1659.4 0.000150646 3.61961e-05 0.105295 0.00112091 0.0034046 1.46921e-05 0.134658 4.52388e-06 0.755318
0.275  1675.65 0.000112956 2.30088e-05 0.10517 0.000839067 0.003026 1.16206e-05 0.135509 3.46015e-06 0.755308
0.3  1686.18 8.73937e-05 1.54593e-05 0.105147 0.000649062 0.00270852 9.40351e-06 0.136085 2.72156e-06 0.755299
0.33  1694.51 6.66717e-05 1.02111e-05 0.105171 0.000495672 0.00240027 7.49506e-06 0.136557 2.11145e-06 0.755292
0.36  1700.13 5.2331e-05 7.06541e-06 0.105222 0.000389781 0.00214906 6.10025e-06 0.136889 1.68296e-06 0.755286
0.432  1707.64 3.3353e-05 3.57875e-06 0.105342 0.00024942 0.00174132 4.13567e-06 0.13735 1.10084e-06 0.755278
0.5184  1712.45 2.19365e-05 1.90783e-06 0.105454 0.000164843 0.00142763 2.8767e-06 0.137657 7.40179e-07 0.755272
0.62208  1715.4 1.49932e-05 1.08083e-06 0.105552 0.000113314 0.00118998 2.08675e-06 0.137857 5.16218e-07 0.755272
0.746496  1718.07 9.97422e-06 5.84778e-07 0.10564 7.53766e-05 0.000974672 1.50626e-06 0.138035 3.47193e-07 0.755265
0.895795  1718.07 9.97422e-06 5.84778e-07 0.10564 7.53766e-05 0.000974672 1.50626e-06 0.138035 3.47193e-07 0.755265
