TITLE="Graphics"
VARIABLES= "x", "T", "rho", "u",, "Y_H2", "Y_O2", "Y_N2"
0  400 6.1422e-05 0 1 0 0
0.00668896  419.382 5.85834e-05 0 1 1.75284e-10 3.18747e-11
0.0133779  419.382 5.85834e-05 0 1 1.75253e-10 3.1869e-11
0.0200669  419.382 5.85834e-05 0 1 1.75197e-10 3.18587e-11
0.0267559  419.382 5.85834e-05 0 1 1.75118e-10 3.1844e-11
0.0334448  419.382 5.85833e-05 0 1 1.75014e-10 3.18249e-11
0.0401338  419.382 5.85833e-05 0 1 1.74887e-10 3.18014e-11
0.0468227  419.383 5.85833e-05 0 1 1.74737e-10 3.17737e-11
0.0535117  419.383 5.85833e-05 0 1 1.74563e-10 3.17417e-11
0.0602007  419.383 5.85832e-05 0 1 1.74366e-10 3.17054e-11
0.0668896  419.383 5.85832e-05 0 1 1.74146e-10 3.16648e-11
0.0735786  419.384 5.85832e-05 0 1 1.73903e-10 3.16199e-11
0.0802676  419.384 5.85831e-05 0 1 1.73637e-10 3.15709e-11
0.0869565  419.384 5.85831e-05 0 1 1.73348e-10 3.15175e-11
0.0936455  419.385 5.8583e-05 0 1 1.73035e-10 3.146e-11
0.100334  419.385 5.8583e-05 0 1 1.72701e-10 3.13983e-11
0.107023  419.385 5.85829e-05 0 1 1.72343e-10 3.13323e-11
0.113712  419.386 5.85829e-05 0 1 1.71963e-10 3.12622e-11
0.120401  419.386 5.85828e-05 0 1 1.7156e-10 3.1188e-11
0.12709  419.387 5.85827e-05 0 1 1.71135e-10 3.11096e-11
0.133779  419.387 5.85826e-05 0 1 1.70688e-10 3.10271e-11
0.140468  419.388 5.85826e-05 0 1 1.70218e-10 3.09405e-11
0.147157  419.388 5.85825e-05 0 1 1.69726e-10 3.08498e-11
0.153846  419.389 5.85824e-05 0 1 1.69212e-10 3.0755e-11
0.160535  419.389 5.85823e-05 0 1 1.68677e-10 3.06563e-11
0.167224  419.39 5.85822e-05 0 1 1.68119e-10 3.05535e-11
0.173913  419.391 5.85821e-05 0 1 1.6754e-10 3.04467e-11
0.180602  419.391 5.85821e-05 0 1 1.6694e-10 3.0336e-11
0.187291  419.392 5.8582e-05 0 1 1.66318e-10 3.02214e-11
0.19398  419.393 5.85819e-05 0 1 1.65675e-10 3.01029e-11
0.200669  419.394 5.85817e-05 0 1 1.65011e-10 2.99804e-11
0.207358  419.394 5.85816e-05 0 1 1.64326e-10 2.98542e-11
0.214047  419.395 5.85815e-05 0 1 1.6362e-10 2.97241e-11
0.220736  419.396 5.85814e-05 0 1 1.62894e-10 2.95903e-11
0.227425  419.397 5.85813e-05 0 1 1.62147e-10 2.94527e-11
0.234114  419.398 5.85812e-05 0 1 1.61381e-10 2.93114e-11
0.240803  419.399 5.8581e-05 0 1 1.60594e-10 2.91664e-11
0.247492  419.4 5.85809e-05 0 1 1.59787e-10 2.90177e-11
0.254181  419.401 5.85808e-05 0 1 1.58961e-10 2.88655e-11
0.26087  419.402 5.85806e-05 0 1 1.58116e-10 2.87096e-11
0.267559  419.403 5.85805e-05 0 1 1.57251e-10 2.85503e-11
0.274247  419.404 5.85804e-05 0 1 1.56367e-10 2.83874e-11
0.280936  419.405 5.85802e-05 0 1 1.55464e-10 2.82211e-11
0.287625  419.406 5.85801e-05 0 1 1.54543e-10 2.80513e-11
0.294314  419.407 5.85799e-05 0 1 1.53603e-10 2.78782e-11
0.301003  419.408 5.85798e-05 0 1 1.52645e-10 2.77017e-11
0.307692  419.409 5.85796e-05 0 1 1.5167e-10 2.7522e-11
0.314381  419.41 5.85795e-05 0 1 1.50677e-10 2.7339e-11
0.32107  419.411 5.85793e-05 0 1 1.49666e-10 2.71528e-11
0.327759  419.412 5.85791e-05 0 1 1.48638e-10 2.69635e-11
0.334448  419.414 5.8579e-05 0 1 1.47593e-10 2.67711e-11
0.341137  419.415 5.85788e-05 0 1 1.46531e-10 2.65755e-11
0.347826  419.416 5.85786e-05 0 1 1.45453e-10 2.6377e-11
0.354515  419.417 5.85784e-05 0 1 1.44358e-10 2.61754e-11
0.361204  419.419 5.85783e-05 0 1 1.43248e-10 2.59709e-11
0.367893  419.42 5.85781e-05 0 1 1.42121e-10 2.57636e-11
0.374582  419.421 5.85779e-05 0 1 1.40979e-10 2.55534e-11
0.381271  419.423 5.85777e-05 0 1 1.39822e-10 2.53404e-11
0.38796  419.424 5.85775e-05 0 1 1.3865e-10 2.51246e-11
0.394649  419.425 5.85773e-05 0 1 1.37463e-10 2.49062e-11
0.401338  419.427 5.85771e-05 0 1 1.36262e-10 2.46851e-11
0.408027  419.428 5.85769e-05 0 1 1.35047e-10 2.44615e-11
0.414716  419.43 5.85767e-05 0 1 1.33818e-10 2.42353e-11
0.421405  419.431 5.85765e-05 0 1 1.32575e-10 2.40067e-11
0.428094  419.433 5.85763e-05 0 1 1.31319e-10 2.37756e-11
0.434783  419.434 5.85761e-05 0 1 1.3005e-10 2.35422e-11
0.441472  419.436 5.85759e-05 0 1 1.28769e-10 2.33064e-11
0.448161  419.437 5.85757e-05 0 1 1.27475e-10 2.30684e-11
0.454849  419.439 5.85755e-05 0 1 1.26169e-10 2.28281e-11
0.461538  419.44 5.85753e-05 0 1 1.24851e-10 2.25858e-11
0.468227  419.442 5.8575e-05 0 1 1.23521e-10 2.23413e-11
0.474916  419.443 5.85748e-05 0 1 1.22181e-10 2.20948e-11
0.481605  419.445 5.85746e-05 0 1 1.20829e-10 2.18463e-11
0.488294  419.446 5.85744e-05 0 1 1.19467e-10 2.15959e-11
0.494983  419.448 5.85741e-05 0 1 1.18095e-10 2.13436e-11
0.501672  419.45 5.85739e-05 0 1 1.16713e-10 2.10896e-11
0.508361  419.451 5.85737e-05 0 1 1.15321e-10 2.08337e-11
0.51505  419.453 5.85735e-05 0 1 1.13919e-10 2.05762e-11
0.521739  419.455 5.85732e-05 0 1 1.12509e-10 2.03171e-11
0.528428  419.456 5.8573e-05 0 1 1.1109e-10 2.00564e-11
0.535117  419.458 5.85727e-05 0 1 1.09663e-10 1.97942e-11
0.541806  419.46 5.85725e-05 0 1 1.08228e-10 1.95305e-11
0.548495  419.462 5.85723e-05 0 1 1.06785e-10 1.92655e-11
0.555184  419.463 5.8572e-05 0 1 1.05334e-10 1.89991e-11
0.561873  419.465 5.85718e-05 0 1 1.03877e-10 1.87315e-11
0.568562  419.467 5.85715e-05 0 1 1.02413e-10 1.84627e-11
0.575251  419.469 5.85713e-05 0 1 1.00943e-10 1.81928e-11
0.58194  419.47 5.8571e-05 0 1 9.94675e-11 1.7922e-11
0.588629  419.472 5.85708e-05 0 1 9.79875e-11 1.76503e-11
0.595318  419.474 5.85705e-05 0 1 9.65038e-11 1.7378e-11
0.602007  419.476 5.85703e-05 0 1 9.50168e-11 1.71051e-11
0.608696  419.478 5.857e-05 0 1 9.35274e-11 1.68318e-11
0.615385  419.479 5.85698e-05 0 1 9.20362e-11 1.65582e-11
0.622074  419.481 5.85695e-05 0 1 9.05439e-11 1.62844e-11
0.628763  419.483 5.85693e-05 0 1 8.90511e-11 1.60106e-11
0.635452  419.485 5.8569e-05 0 1 8.75586e-11 1.57369e-11
0.64214  419.487 5.85687e-05 0 1 8.60668e-11 1.54633e-11
0.648829  419.489 5.85685e-05 0 1 8.45766e-11 1.51901e-11
0.655518  419.491 5.85682e-05 0 1 8.30883e-11 1.49173e-11
0.662207  419.492 5.8568e-05 0 1 8.16028e-11 1.4645e-11
0.668896  419.494 5.85677e-05 0 1 8.01205e-11 1.43733e-11
0.675585  419.496 5.85674e-05 0 1 7.8642e-11 1.41024e-11
0.682274  419.498 5.85672e-05 0 1 7.71679e-11 1.38324e-11
0.688963  419.5 5.85669e-05 0 1 7.56987e-11 1.35633e-11
0.695652  419.502 5.85666e-05 0 1 7.42351e-11 1.32952e-11
0.702341  419.504 5.85664e-05 0 1 7.27774e-11 1.30283e-11
0.70903  419.506 5.85661e-05 0 1 7.13263e-11 1.27627e-11
0.715719  419.508 5.85658e-05 0 1 6.98822e-11 1.24984e-11
0.722408  419.51 5.85655e-05 0 1 6.84456e-11 1.22355e-11
0.729097  419.512 5.85653e-05 0 1 6.7017e-11 1.19742e-11
0.735786  419.514 5.8565e-05 0 1 6.55969e-11 1.17144e-11
0.742475  419.516 5.85647e-05 0 1 6.41857e-11 1.14563e-11
0.749164  419.517 5.85645e-05 0 1 6.2784e-11 1.12e-11
0.755853  419.519 5.85642e-05 0 1 6.1392e-11 1.09456e-11
0.762542  419.521 5.85639e-05 0 1 6.00103e-11 1.06931e-11
0.769231  419.523 5.85636e-05 0 1 5.86392e-11 1.04426e-11
0.77592  419.525 5.85634e-05 0 1 5.72791e-11 1.01942e-11
0.782609  419.527 5.85631e-05 0 1 5.59305e-11 9.94791e-12
0.789298  419.529 5.85628e-05 0 1 5.45937e-11 9.70385e-12
0.795987  419.531 5.85625e-05 0 1 5.32691e-11 9.46209e-12
0.802676  419.533 5.85623e-05 0 1 5.1957e-11 9.22267e-12
0.809365  419.535 5.8562e-05 0 1 5.06577e-11 8.98566e-12
0.816054  419.537 5.85617e-05 0 1 4.93715e-11 8.75109e-12
0.822742  419.539 5.85614e-05 0 1 4.80986e-11 8.51904e-12
0.829431  419.541 5.85612e-05 0 1 4.68396e-11 8.28957e-12
0.83612  419.543 5.85609e-05 0 1 4.55946e-11 8.06275e-12
0.842809  419.545 5.85606e-05 0 1 4.43641e-11 7.83861e-12
0.849498  419.547 5.85603e-05 0 1 4.31482e-11 7.61722e-12
0.856187  419.549 5.85601e-05 0 1 4.19471e-11 7.3986e-12
0.862876  419.551 5.85598e-05 0 1 4.07613e-11 7.18282e-12
0.869565  419.553 5.85595e-05 0 1 3.95908e-11 6.96991e-12
0.876254  419.555 5.85593e-05 0 1 3.84359e-11 6.75991e-12
0.882943  419.557 5.8559e-05 0 1 3.72968e-11 6.55287e-12
0.889632  419.559 5.85587e-05 0 1 3.61737e-11 6.3488e-12
0.896321  419.561 5.85584e-05 0 1 3.50668e-11 6.14776e-12
0.90301  419.563 5.85582e-05 0 1 3.39762e-11 5.94977e-12
0.909699  419.565 5.85579e-05 0 1 3.29022e-11 5.75486e-12
0.916388  419.566 5.85577e-05 0 0.999999 3.18449e-11 5.56306e-12
0.923077  419.568 5.85575e-05 0 0.999997 3.08044e-11 5.37439e-12
0.929766  419.57 5.85572e-05 0 0.999999 2.97809e-11 5.18888e-12
0.936455  419.572 5.85538e-05 0 1.00005 2.8775e-11 5.00665e-12
0.943144  419.574 5.85759e-05 0 0.999669 2.77867e-11 4.82773e-12
0.949833  419.576 5.84621e-05 0 1.00161 2.68657e-11 4.66063e-12
0.956522  419.578 5.85662e-05 0 0.999826 2.58581e-11 4.47875e-12
0.963211  419.58 5.86253e-05 0 0.998814 2.48706e-11 4.30055e-12
0.9699  419.582 5.85514e-05 0 1.00007 2.40024e-11 4.14326e-12
0.976589  419.584 5.8555e-05 0 1 2.30998e-11 3.98029e-12
0.983278  419.586 5.85534e-05 0 1.00003 2.22165e-11 3.82085e-12
0.989967  419.588 5.8556e-05 0 0.999977 2.13501e-11 3.66456e-12
0.996656  419.589 5.85549e-05 0 0.999992 2.05015e-11 3.51157e-12
1.00334  419.591 5.8554e-05 0 1 1.96707e-11 3.36187e-12
1.01003  419.593 5.85539e-05 0 1 1.88577e-11 3.21549e-12
1.01672  419.595 5.85536e-05 0 1 1.80625e-11 3.07241e-12
1.02341  419.597 5.85534e-05 0 1 1.72851e-11 2.93263e-12
1.0301  419.599 5.85531e-05 0 1 1.65256e-11 2.79616e-12
1.03679  419.601 5.85528e-05 0 1 1.57839e-11 2.66299e-12
1.04348  419.603 5.85526e-05 0 1 1.50599e-11 2.5331e-12
1.05017  419.604 5.85523e-05 0 1 1.43537e-11 2.40651e-12
1.05686  419.606 5.85521e-05 0 1 1.36652e-11 2.28319e-12
1.06355  419.608 5.85518e-05 0 1 1.29943e-11 2.16313e-12
1.07023  419.61 5.85516e-05 0 1 1.2341e-11 2.04634e-12
1.07692  419.612 5.85513e-05 0 1 1.17053e-11 1.93278e-12
1.08361  419.613 5.85511e-05 0 1 1.1087e-11 1.82244e-12
1.0903  419.615 5.85508e-05 0 1 1.0486e-11 1.71532e-12
1.09699  419.617 5.85506e-05 0 1 9.90236e-12 1.61139e-12
1.10368  419.619 5.85503e-05 0 1 9.33589e-12 1.51064e-12
1.11037  419.62 5.85501e-05 0 1 8.78649e-12 1.41304e-12
1.11706  419.622 5.85498e-05 0 1 8.25406e-12 1.31856e-12
1.12375  419.624 5.85496e-05 0 1 7.73848e-12 1.2272e-12
1.13043  419.626 5.85494e-05 0 1 7.23963e-12 1.13892e-12
1.13712  419.627 5.85491e-05 0 1 6.75737e-12 1.0537e-12
1.14381  419.629 5.85489e-05 0 1 6.29156e-12 9.71516e-13
1.1505  419.631 5.85486e-05 0 1 5.84207e-12 8.92334e-13
1.15719  419.632 5.85484e-05 0 1 5.40874e-12 8.16128e-13
1.16388  419.634 5.85482e-05 0 1 4.99141e-12 7.42867e-13
1.17057  419.636 5.85479e-05 0 1 4.58993e-12 6.72521e-13
1.17726  419.637 5.85477e-05 0 1 4.20411e-12 6.05057e-13
1.18395  419.639 5.85475e-05 0 1 3.8338e-12 5.40442e-13
1.19064  419.641 5.85473e-05 0 1 3.4788e-12 4.78641e-13
1.19732  419.642 5.8547e-05 0 1 3.13893e-12 4.19619e-13
1.20401  419.644 5.85468e-05 0 1 2.814e-12 3.63339e-13
1.2107  419.646 5.85466e-05 0 1 2.50382e-12 3.09765e-13
1.21739  419.647 5.85464e-05 0 1 2.20818e-12 2.58858e-13
1.22408  419.649 5.85461e-05 0 1 1.92688e-12 2.10578e-13
1.23077  419.65 5.85459e-05 0 1 1.65971e-12 1.64887e-13
1.23746  419.652 5.85457e-05 0 1 1.40645e-12 1.21742e-13
1.24415  419.653 5.85455e-05 0 1 1.16688e-12 8.11027e-14
1.25084  419.655 5.85453e-05 0 1 9.40777e-13 4.29265e-14
1.25753  419.656 5.85451e-05 0 1 7.27918e-13 7.17022e-15
1.26421  419.658 5.85449e-05 0 1 5.28067e-13 0
1.2709  419.659 5.85446e-05 0 1 3.4099e-13 0
1.27759  419.661 5.85444e-05 0 1 1.66448e-13 0
1.28428  419.662 5.85442e-05 0 1 4.19664e-15 0
1.29097  419.664 5.8544e-05 0 1 0 0
1.29766  419.665 5.85438e-05 0 1 0 0
1.30435  419.667 5.85436e-05 0 1 0 0
1.31104  419.668 5.85434e-05 0 1 0 0
1.31773  419.67 5.85432e-05 0 1 0 0
1.32441  419.671 5.8543e-05 0 1 0 0
1.3311  419.672 5.85428e-05 0 1 0 0
1.33779  419.674 5.85427e-05 0 1 0 0
1.34448  419.675 5.85425e-05 0 1 0 0
1.35117  419.676 5.85423e-05 0 1 0 0
1.35786  419.678 5.85421e-05 0 1 6.167e-11 0
1.36455  419.679 5.85419e-05 0 1 1.86763e-10 2.2117e-11
1.37124  419.68 5.85417e-05 0 1 3.10598e-10 4.71615e-11
1.37793  419.682 5.85416e-05 0 1 4.33169e-10 7.19533e-11
1.38462  419.683 5.85414e-05 0 1 5.54471e-10 9.64911e-11
1.3913  419.684 5.85412e-05 0 1 6.74495e-10 1.20774e-10
1.39799  419.685 5.8541e-05 0 1 7.93238e-10 1.44799e-10
1.40468  419.687 5.85409e-05 0 1 9.10692e-10 1.68567e-10
1.41137  419.688 5.85406e-05 0 1 1.02685e-09 1.92076e-10
1.41806  419.689 5.85405e-05 0 1 1.14171e-09 2.15324e-10
1.42475  419.69 5.85404e-05 0 0.999999 1.25527e-09 2.3831e-10
1.43144  419.691 5.85402e-05 0 1 1.36751e-09 2.61034e-10
1.43813  419.693 5.854e-05 0 1 1.47844e-09 2.83494e-10
1.44482  419.694 5.85399e-05 0 1 1.58805e-09 3.05688e-10
1.45151  419.695 5.85397e-05 0 1 1.69633e-09 3.27617e-10
1.45819  419.696 5.85396e-05 0 1 1.80328e-09 3.49278e-10
1.46488  419.697 5.85394e-05 0 1 1.9089e-09 3.70671e-10
1.47157  419.698 5.85392e-05 0 1 2.01318e-09 3.91795e-10
1.47826  419.699 5.85391e-05 0 1 2.11611e-09 4.12649e-10
1.48495  419.7 5.8539e-05 0 1 2.2177e-09 4.33232e-10
1.49164  419.701 5.85388e-05 0 1 2.31793e-09 4.53543e-10
1.49833  419.702 5.85387e-05 0 1 2.41681e-09 4.73581e-10
1.50502  419.703 5.85385e-05 0 1 2.51433e-09 4.93345e-10
1.51171  419.704 5.85384e-05 0 1 2.61049e-09 5.12836e-10
1.51839  419.705 5.85382e-05 0 1 2.70529e-09 5.32051e-10
1.52508  419.706 5.85381e-05 0 1 2.79882e-09 5.50996e-10
1.53177  419.707 5.8538e-05 0 1 2.89097e-09 5.6968e-10
1.53846  419.708 5.85378e-05 0 1 2.98176e-09 5.88087e-10
1.54515  419.709 5.85377e-05 0 1 3.07117e-09 6.06218e-10
1.55184  419.71 5.85376e-05 0 1 3.1592e-09 6.24071e-10
1.55853  419.711 5.85375e-05 0 1 3.24586e-09 6.41646e-10
1.56522  419.712 5.85373e-05 0 1 3.33115e-09 6.58943e-10
1.57191  419.713 5.85372e-05 0 1 3.41505e-09 6.75962e-10
1.5786  419.714 5.85371e-05 0 1 3.49758e-09 6.92702e-10
1.58528  419.714 5.8537e-05 0 1 3.57872e-09 7.09162e-10
1.59197  419.715 5.85368e-05 0 1 3.65849e-09 7.25345e-10
1.59866  419.716 5.85368e-05 0 0.999998 3.73685e-09 7.41245e-10
1.60535  419.717 5.85366e-05 0 1 3.81385e-09 7.56869e-10
1.61204  419.718 5.85365e-05 0 1 3.88947e-09 7.72212e-10
1.61873  419.718 5.85364e-05 0 1 3.9637e-09 7.87276e-10
1.62542  419.719 5.85363e-05 0 1 4.03654e-09 8.02059e-10
1.63211  419.72 5.85362e-05 0 1 4.108e-09 8.16563e-10
1.6388  419.721 5.85361e-05 0 1 4.17808e-09 8.30787e-10
1.64548  419.721 5.8536e-05 0 1 4.24678e-09 8.44731e-10
1.65217  419.722 5.85359e-05 0 1 4.3141e-09 8.58396e-10
1.65886  419.723 5.85358e-05 0 1 4.38003e-09 8.71781e-10
1.66555  419.723 5.85357e-05 0 1 4.44459e-09 8.84887e-10
1.67224  419.724 5.85356e-05 0 1 4.50776e-09 8.97714e-10
1.67893  419.725 5.85355e-05 0 1 4.56956e-09 9.10262e-10
1.68562  419.725 5.85355e-05 0 1 4.62999e-09 9.22531e-10
1.69231  419.726 5.85354e-05 0 1 4.68904e-09 9.34522e-10
1.699  419.727 5.85353e-05 0 1 4.74672e-09 9.46235e-10
1.70569  419.727 5.85352e-05 0 1 4.80303e-09 9.5767e-10
1.71237  419.728 5.85351e-05 0 1 4.85797e-09 9.68828e-10
1.71906  419.728 5.85351e-05 0 1 4.91154e-09 9.79709e-10
1.72575  419.729 5.8535e-05 0 1 4.96375e-09 9.90314e-10
1.73244  419.729 5.85349e-05 0 1 5.0146e-09 1.00064e-09
1.73913  419.73 5.85348e-05 0 1 5.0641e-09 1.0107e-09
1.74582  419.73 5.85348e-05 0 1 5.11223e-09 1.02047e-09
1.75251  419.731 5.85347e-05 0 1 5.15901e-09 1.02998e-09
1.7592  419.731 5.85346e-05 0 1 5.20445e-09 1.03921e-09
1.76589  419.732 5.85346e-05 0 1 5.24854e-09 1.04817e-09
1.77258  419.732 5.85345e-05 0 1 5.29128e-09 1.05685e-09
1.77926  419.733 5.85344e-05 0 1 5.33268e-09 1.06526e-09
1.78595  419.733 5.85344e-05 0 1 5.37275e-09 1.0734e-09
1.79264  419.733 5.85343e-05 0 1 5.41149e-09 1.08127e-09
1.79933  419.734 5.85343e-05 0 1 5.4489e-09 1.08888e-09
1.80602  419.734 5.85342e-05 0 1 5.48498e-09 1.09621e-09
1.81271  419.735 5.85342e-05 0 1 5.51974e-09 1.10327e-09
1.8194  419.735 5.85341e-05 0 1 5.55319e-09 1.11007e-09
1.82609  419.735 5.85341e-05 0 1 5.58532e-09 1.1166e-09
1.83278  419.736 5.8534e-05 0 1 5.61615e-09 1.12287e-09
1.83946  419.736 5.8534e-05 0 1 5.64568e-09 1.12887e-09
1.84615  419.736 5.8534e-05 0 1 5.6739e-09 1.1346e-09
1.85284  419.736 5.85339e-05 0 1 5.70084e-09 1.14008e-09
1.85953  419.737 5.85339e-05 0 1 5.72649e-09 1.14529e-09
1.86622  419.737 5.85338e-05 0 1 5.75085e-09 1.15024e-09
1.87291  419.737 5.85338e-05 0 1 5.77394e-09 1.15494e-09
1.8796  419.737 5.85337e-05 0 1 5.79576e-09 1.15937e-09
1.88629  419.738 5.85338e-05 0 1 5.81631e-09 1.16355e-09
1.89298  419.738 5.85338e-05 0 0.999999 5.83559e-09 1.16747e-09
1.89967  419.738 5.85337e-05 0 1 5.85363e-09 1.17114e-09
1.90635  419.738 5.85337e-05 0 1 5.87042e-09 1.17455e-09
1.91304  419.738 5.85337e-05 0 1 5.88597e-09 1.17771e-09
1.91973  419.738 5.85336e-05 0 1 5.90027e-09 1.18062e-09
1.92642  419.739 5.85336e-05 0 1 5.91335e-09 1.18328e-09
1.93311  419.739 5.85336e-05 0 1 5.92521e-09 1.18569e-09
1.9398  419.739 5.85336e-05 0 1 5.93585e-09 1.18785e-09
1.94649  419.739 5.85336e-05 0 1 5.94527e-09 1.18976e-09
1.95318  419.739 5.85336e-05 0 1 5.9535e-09 1.19144e-09
1.95987  419.739 5.85335e-05 0 1 5.96053e-09 1.19287e-09
1.96656  419.739 5.85335e-05 0 1 5.96636e-09 1.19405e-09
1.97324  419.739 5.85335e-05 0 1 5.97102e-09 1.195e-09
1.97993  419.739 5.85335e-05 0 1 5.9745e-09 1.19571e-09
1.98662  419.739 5.85335e-05 0 1 5.97681e-09 1.19618e-09
1.99331  419.739 5.85335e-05 0 1 5.97797e-09 1.19641e-09
2  419.739 5.85335e-05 0 1 5.97797e-09 1.19641e-09
