TITLE="Graphics"
VARIABLES= "x", "T", "rho", "u",, "Y_H2", "Y_O2", "Y_N2"
0  400 6.1422e-05 0 1 0 0
0.00668896  419.574 5.85565e-05 0 1 7.09087e-09 1.43755e-09
0.0133779  419.574 5.85565e-05 0 1 7.09055e-09 1.43749e-09
0.0200669  419.574 5.85565e-05 0 1 7.08999e-09 1.43737e-09
0.0267559  419.574 5.85565e-05 0 1 7.08918e-09 1.43721e-09
0.0334448  419.574 5.85565e-05 0 1 7.08813e-09 1.43699e-09
0.0401338  419.574 5.85565e-05 0 1 7.08684e-09 1.43673e-09
0.0468227  419.575 5.85565e-05 0 1 7.08532e-09 1.43641e-09
0.0535117  419.575 5.85565e-05 0 1 7.08356e-09 1.43605e-09
0.0602007  419.575 5.85565e-05 0 1 7.08156e-09 1.43564e-09
0.0668896  419.575 5.85565e-05 0 1 7.07933e-09 1.43518e-09
0.0735786  419.575 5.85565e-05 0 1 7.07686e-09 1.43467e-09
0.0802676  419.575 5.85564e-05 0 1 7.07415e-09 1.43412e-09
0.0869565  419.575 5.85564e-05 0 1 7.07121e-09 1.43351e-09
0.0936455  419.575 5.85564e-05 0 1 7.06804e-09 1.43286e-09
0.100334  419.575 5.85564e-05 0 1 7.06463e-09 1.43216e-09
0.107023  419.575 5.85564e-05 0 1 7.06098e-09 1.43141e-09
0.113712  419.576 5.85563e-05 0 1 7.0571e-09 1.43061e-09
0.120401  419.576 5.85563e-05 0 1 7.05299e-09 1.42977e-09
0.12709  419.576 5.85563e-05 0 1 7.04864e-09 1.42887e-09
0.133779  419.576 5.85563e-05 0 1 7.04406e-09 1.42793e-09
0.140468  419.576 5.85563e-05 0 1 7.03924e-09 1.42694e-09
0.147157  419.576 5.85562e-05 0 1 7.0342e-09 1.4259e-09
0.153846  419.577 5.85562e-05 0 1 7.02892e-09 1.42482e-09
0.160535  419.577 5.85562e-05 0 1 7.0234e-09 1.42368e-09
0.167224  419.577 5.85561e-05 0 1 7.01766e-09 1.4225e-09
0.173913  419.577 5.85561e-05 0 1 7.01168e-09 1.42127e-09
0.180602  419.577 5.85561e-05 0 1 7.00548e-09 1.42e-09
0.187291  419.578 5.8556e-05 0 1 6.99904e-09 1.41867e-09
0.19398  419.578 5.8556e-05 0 1 6.99237e-09 1.4173e-09
0.200669  419.578 5.8556e-05 0 1 6.98547e-09 1.41589e-09
0.207358  419.579 5.85559e-05 0 1 6.97834e-09 1.41442e-09
0.214047  419.579 5.85559e-05 0 1 6.97098e-09 1.41291e-09
0.220736  419.579 5.85559e-05 0 1 6.9634e-09 1.41135e-09
0.227425  419.579 5.85558e-05 0 1 6.95558e-09 1.40974e-09
0.234114  419.58 5.85558e-05 0 1 6.94754e-09 1.40809e-09
0.240803  419.58 5.85557e-05 0 1 6.93927e-09 1.40639e-09
0.247492  419.58 5.85557e-05 0 1 6.93077e-09 1.40464e-09
0.254181  419.581 5.85556e-05 0 1 6.92205e-09 1.40285e-09
0.26087  419.581 5.85556e-05 0 1 6.9131e-09 1.40101e-09
0.267559  419.581 5.85556e-05 0 1 6.90392e-09 1.39912e-09
0.274247  419.582 5.85555e-05 0 1 6.89452e-09 1.39719e-09
0.280936  419.582 5.85555e-05 0 1 6.8849e-09 1.39521e-09
0.287625  419.582 5.85554e-05 0 1 6.87505e-09 1.39319e-09
0.294314  419.583 5.85554e-05 0 1 6.86498e-09 1.39112e-09
0.301003  419.583 5.85553e-05 0 1 6.85468e-09 1.389e-09
0.307692  419.583 5.85553e-05 0 1 6.84417e-09 1.38684e-09
0.314381  419.584 5.85552e-05 0 1 6.83343e-09 1.38463e-09
0.32107  419.584 5.85551e-05 0 1 6.82247e-09 1.38238e-09
0.327759  419.585 5.85551e-05 0 1 6.8113e-09 1.38008e-09
0.334448  419.585 5.8555e-05 0 1 6.7999e-09 1.37774e-09
0.341137  419.585 5.8555e-05 0 1 6.78829e-09 1.37535e-09
0.347826  419.586 5.85549e-05 0 1 6.77645e-09 1.37292e-09
0.354515  419.586 5.85549e-05 0 1 6.7644e-09 1.37044e-09
0.361204  419.587 5.85548e-05 0 1 6.75214e-09 1.36792e-09
0.367893  419.587 5.85547e-05 0 1 6.73965e-09 1.36536e-09
0.374582  419.588 5.85547e-05 0 1 6.72696e-09 1.36275e-09
0.381271  419.588 5.85546e-05 0 1 6.71404e-09 1.36009e-09
0.38796  419.589 5.85545e-05 0 1 6.70092e-09 1.3574e-09
0.394649  419.589 5.85545e-05 0 1 6.68758e-09 1.35466e-09
0.401338  419.59 5.85544e-05 0 1 6.67403e-09 1.35187e-09
0.408027  419.59 5.85543e-05 0 1 6.66027e-09 1.34904e-09
0.414716  419.59 5.85543e-05 0 1 6.6463e-09 1.34617e-09
0.421405  419.591 5.85542e-05 0 1 6.63212e-09 1.34326e-09
0.428094  419.591 5.85541e-05 0 1 6.61773e-09 1.3403e-09
0.434783  419.592 5.85541e-05 0 1 6.60313e-09 1.3373e-09
0.441472  419.593 5.8554e-05 0 1 6.58833e-09 1.33426e-09
0.448161  419.593 5.85539e-05 0 1 6.57332e-09 1.33118e-09
0.454849  419.594 5.85538e-05 0 1 6.55811e-09 1.32805e-09
0.461538  419.594 5.85538e-05 0 1 6.54269e-09 1.32488e-09
0.468227  419.595 5.85537e-05 0 1 6.52706e-09 1.32167e-09
0.474916  419.595 5.85536e-05 0 1 6.51124e-09 1.31842e-09
0.481605  419.596 5.85535e-05 0 1 6.49521e-09 1.31513e-09
0.488294  419.596 5.85535e-05 0 1 6.47899e-09 1.31179e-09
0.494983  419.597 5.85534e-05 0 1 6.46256e-09 1.30842e-09
0.501672  419.597 5.85533e-05 0 1 6.44594e-09 1.305e-09
0.508361  419.598 5.85532e-05 0 1 6.42911e-09 1.30155e-09
0.51505  419.599 5.85531e-05 0 1 6.4121e-09 1.29805e-09
0.521739  419.599 5.85531e-05 0 1 6.39488e-09 1.29451e-09
0.528428  419.6 5.8553e-05 0 1 6.37747e-09 1.29094e-09
0.535117  419.6 5.85529e-05 0 1 6.35987e-09 1.28732e-09
0.541806  419.601 5.85528e-05 0 1 6.34208e-09 1.28367e-09
0.548495  419.601 5.85527e-05 0 1 6.32409e-09 1.27997e-09
0.555184  419.602 5.85526e-05 0 1 6.30591e-09 1.27624e-09
0.561873  419.603 5.85526e-05 0 1 6.28755e-09 1.27247e-09
0.568562  419.603 5.85525e-05 0 1 6.269e-09 1.26866e-09
0.575251  419.604 5.85524e-05 0 1 6.25025e-09 1.26481e-09
0.58194  419.605 5.85523e-05 0 1 6.23133e-09 1.26092e-09
0.588629  419.605 5.85522e-05 0 1 6.21222e-09 1.25699e-09
0.595318  419.606 5.85521e-05 0 1 6.19292e-09 1.25303e-09
0.602007  419.606 5.8552e-05 0 1 6.17344e-09 1.24903e-09
0.608696  419.607 5.8552e-05 0 1 6.15378e-09 1.24499e-09
0.615385  419.608 5.85519e-05 0 1 6.13394e-09 1.24092e-09
0.622074  419.608 5.85518e-05 0 1 6.11393e-09 1.23681e-09
0.628763  419.609 5.85517e-05 0 1 6.09373e-09 1.23266e-09
0.635452  419.61 5.85516e-05 0 1 6.07336e-09 1.22848e-09
0.64214  419.61 5.85515e-05 0 1 6.05281e-09 1.22426e-09
0.648829  419.611 5.85514e-05 0 1 6.03208e-09 1.22e-09
0.655518  419.612 5.85513e-05 0 1 6.01119e-09 1.21571e-09
0.662207  419.612 5.85512e-05 0 1 5.99012e-09 1.21139e-09
0.668896  419.613 5.85511e-05 0 1 5.96888e-09 1.20703e-09
0.675585  419.614 5.8551e-05 0 1 5.94747e-09 1.20263e-09
0.682274  419.614 5.8551e-05 0 1 5.9259e-09 1.1982e-09
0.688963  419.615 5.85509e-05 0 1 5.90415e-09 1.19374e-09
0.695652  419.616 5.85508e-05 0 1 5.88224e-09 1.18924e-09
0.702341  419.616 5.85507e-05 0 1 5.86017e-09 1.18471e-09
0.70903  419.617 5.85506e-05 0 1 5.83793e-09 1.18014e-09
0.715719  419.618 5.85505e-05 0 1 5.81554e-09 1.17555e-09
0.722408  419.618 5.85504e-05 0 1 5.79298e-09 1.17092e-09
0.729097  419.619 5.85503e-05 0 1 5.77026e-09 1.16625e-09
0.735786  419.62 5.85502e-05 0 1 5.74738e-09 1.16156e-09
0.742475  419.62 5.85501e-05 0 1 5.72435e-09 1.15683e-09
0.749164  419.621 5.855e-05 0 1 5.70117e-09 1.15207e-09
0.755853  419.622 5.85499e-05 0 1 5.67783e-09 1.14728e-09
0.762542  419.622 5.85498e-05 0 1 5.65433e-09 1.14246e-09
0.769231  419.623 5.85497e-05 0 1 5.63069e-09 1.13761e-09
0.77592  419.624 5.85496e-05 0 1 5.6069e-09 1.13273e-09
0.782609  419.625 5.85495e-05 0 1 5.58295e-09 1.12781e-09
0.789298  419.625 5.85494e-05 0 1 5.55887e-09 1.12287e-09
0.795987  419.626 5.85493e-05 0 1 5.53463e-09 1.1179e-09
0.802676  419.627 5.85492e-05 0 1 5.51025e-09 1.1129e-09
0.809365  419.627 5.85491e-05 0 1 5.48573e-09 1.10787e-09
0.816054  419.628 5.8549e-05 0 1 5.46107e-09 1.10281e-09
0.822742  419.629 5.85489e-05 0 1 5.43627e-09 1.09772e-09
0.829431  419.629 5.85488e-05 0 1 5.41133e-09 1.0926e-09
0.83612  419.63 5.85487e-05 0 1 5.38626e-09 1.08746e-09
0.842809  419.631 5.85486e-05 0 1 5.36104e-09 1.08229e-09
0.849498  419.632 5.85485e-05 0 1 5.3357e-09 1.07709e-09
0.856187  419.632 5.85484e-05 0 1 5.31022e-09 1.07186e-09
0.862876  419.633 5.85483e-05 0 1 5.28461e-09 1.06661e-09
0.869565  419.634 5.85482e-05 0 1 5.25887e-09 1.06133e-09
0.876254  419.634 5.85481e-05 0 1 5.233e-09 1.05603e-09
0.882943  419.635 5.8548e-05 0 1 5.20701e-09 1.0507e-09
0.889632  419.636 5.85479e-05 0 1 5.18089e-09 1.04534e-09
0.896321  419.636 5.85478e-05 0 1 5.15465e-09 1.03996e-09
0.90301  419.637 5.85478e-05 0 1 5.12829e-09 1.03455e-09
0.909699  419.638 5.85476e-05 0 1 5.10181e-09 1.02912e-09
0.916388  419.639 5.85476e-05 0 0.999999 5.0752e-09 1.02367e-09
0.923077  419.639 5.85476e-05 0 0.999998 5.04846e-09 1.01819e-09
0.929766  419.64 5.8547e-05 0 1.00001 5.02162e-09 1.01268e-09
0.936455  419.641 5.85451e-05 0 1.00004 4.99548e-09 1.00731e-09
0.943144  419.641 5.85672e-05 0 0.999658 4.9661e-09 1.0013e-09
0.949833  419.642 5.84542e-05 0 1.00159 4.94766e-09 9.975e-10
0.956522  419.643 5.85575e-05 0 0.99982 4.91361e-09 9.90527e-10
0.963211  419.643 5.86148e-05 0 0.998841 4.88007e-09 9.83685e-10
0.9699  419.644 5.85405e-05 0 1.00011 4.85718e-09 9.78992e-10
0.976589  419.645 5.85478e-05 0 0.99998 4.83082e-09 9.73569e-10
0.983278  419.646 5.85448e-05 0 1.00003 4.8031e-09 9.67889e-10
0.989967  419.646 5.85478e-05 0 0.999977 4.77502e-09 9.62137e-10
0.996656  419.647 5.85469e-05 0 0.999991 4.74718e-09 9.56431e-10
1.00334  419.648 5.85462e-05 0 1 4.71924e-09 9.50705e-10
1.01003  419.648 5.85462e-05 0 1 4.69112e-09 9.44945e-10
1.01672  419.649 5.85461e-05 0 1 4.66293e-09 9.39168e-10
1.02341  419.65 5.8546e-05 0 1 4.63464e-09 9.33371e-10
1.0301  419.65 5.85459e-05 0 1 4.60625e-09 9.27555e-10
1.03679  419.651 5.85458e-05 0 1 4.57777e-09 9.21721e-10
1.04348  419.652 5.85457e-05 0 1 4.54921e-09 9.15869e-10
1.05017  419.652 5.85456e-05 0 1 4.52055e-09 9.1e-10
1.05686  419.653 5.85455e-05 0 1 4.49181e-09 9.04113e-10
1.06355  419.654 5.85454e-05 0 1 4.46299e-09 8.9821e-10
1.07023  419.654 5.85454e-05 0 1 4.43408e-09 8.9229e-10
1.07692  419.655 5.85453e-05 0 1 4.4051e-09 8.86353e-10
1.08361  419.656 5.85452e-05 0 1 4.37603e-09 8.80401e-10
1.0903  419.656 5.85451e-05 0 1 4.34689e-09 8.74433e-10
1.09699  419.657 5.8545e-05 0 1 4.31767e-09 8.6845e-10
1.10368  419.658 5.85449e-05 0 1 4.28838e-09 8.62452e-10
1.11037  419.658 5.85448e-05 0 1 4.25901e-09 8.5644e-10
1.11706  419.659 5.85447e-05 0 1 4.22957e-09 8.50413e-10
1.12375  419.66 5.85446e-05 0 1 4.20007e-09 8.44373e-10
1.13043  419.66 5.85445e-05 0 1 4.17049e-09 8.38319e-10
1.13712  419.661 5.85444e-05 0 1 4.14085e-09 8.32252e-10
1.14381  419.662 5.85444e-05 0 1 4.11115e-09 8.26172e-10
1.1505  419.662 5.85443e-05 0 1 4.08138e-09 8.20079e-10
1.15719  419.663 5.85442e-05 0 1 4.05156e-09 8.13975e-10
1.16388  419.663 5.85441e-05 0 1 4.02167e-09 8.07859e-10
1.17057  419.664 5.8544e-05 0 1 3.99172e-09 8.01731e-10
1.17726  419.665 5.85439e-05 0 1 3.96172e-09 7.95592e-10
1.18395  419.665 5.85438e-05 0 1 3.93167e-09 7.89443e-10
1.19064  419.666 5.85437e-05 0 1 3.90156e-09 7.83283e-10
1.19732  419.666 5.85437e-05 0 1 3.8714e-09 7.77113e-10
1.20401  419.667 5.85436e-05 0 1 3.8412e-09 7.70933e-10
1.2107  419.668 5.85435e-05 0 1 3.81094e-09 7.64744e-10
1.21739  419.668 5.85434e-05 0 1 3.78064e-09 7.58546e-10
1.22408  419.669 5.85433e-05 0 1 3.7503e-09 7.5234e-10
1.23077  419.669 5.85432e-05 0 1 3.71991e-09 7.46125e-10
1.23746  419.67 5.85432e-05 0 1 3.68948e-09 7.39902e-10
1.24415  419.671 5.85431e-05 0 1 3.65901e-09 7.33672e-10
1.25084  419.671 5.8543e-05 0 1 3.62851e-09 7.27434e-10
1.25753  419.672 5.85429e-05 0 1 3.59797e-09 7.2119e-10
1.26421  419.672 5.85428e-05 0 1 3.56739e-09 7.14939e-10
1.2709  419.673 5.85428e-05 0 1 3.53679e-09 7.08682e-10
1.27759  419.673 5.85427e-05 0 1 3.50615e-09 7.02418e-10
1.28428  419.674 5.85426e-05 0 1 3.47548e-09 6.9615e-10
1.29097  419.675 5.85425e-05 0 1 3.44479e-09 6.89876e-10
1.29766  419.675 5.85425e-05 0 1 3.41407e-09 6.83598e-10
1.30435  419.676 5.85424e-05 0 1 3.38332e-09 6.77314e-10
1.31104  419.676 5.85423e-05 0 1 3.35256e-09 6.71027e-10
1.31773  419.677 5.85422e-05 0 1 3.32177e-09 6.64736e-10
1.32441  419.677 5.85422e-05 0 1 3.29097e-09 6.58442e-10
1.3311  419.678 5.85421e-05 0 1 3.26014e-09 6.52145e-10
1.33779  419.678 5.8542e-05 0 1 3.2293e-09 6.45845e-10
1.34448  419.679 5.85419e-05 0 1 3.19845e-09 6.39542e-10
1.35117  419.679 5.85419e-05 0 1 3.16759e-09 6.33238e-10
1.35786  419.68 5.85418e-05 0 1 3.14405e-09 6.26932e-10
1.36455  419.68 5.85417e-05 0 1 3.12805e-09 6.23255e-10
1.37124  419.681 5.85417e-05 0 1 3.11191e-09 6.19927e-10
1.37793  419.681 5.85416e-05 0 1 3.09564e-09 6.16573e-10
1.38462  419.682 5.85415e-05 0 1 3.07926e-09 6.13195e-10
1.3913  419.682 5.85415e-05 0 1 3.06277e-09 6.09796e-10
1.39799  419.683 5.85414e-05 0 1 3.04618e-09 6.06376e-10
1.40468  419.683 5.85413e-05 0 1 3.02952e-09 6.0294e-10
1.41137  419.684 5.85412e-05 0 1 3.01278e-09 5.9949e-10
1.41806  419.684 5.85412e-05 0 1 2.99598e-09 5.96026e-10
1.42475  419.685 5.85412e-05 0 0.999999 2.97912e-09 5.92551e-10
1.43144  419.685 5.85411e-05 0 1 2.96224e-09 5.89069e-10
1.43813  419.686 5.8541e-05 0 1 2.94531e-09 5.8558e-10
1.44482  419.686 5.8541e-05 0 1 2.92837e-09 5.82086e-10
1.45151  419.686 5.85409e-05 0 1 2.91141e-09 5.78591e-10
1.45819  419.687 5.85408e-05 0 1 2.89446e-09 5.75095e-10
1.46488  419.687 5.85408e-05 0 1 2.87751e-09 5.716e-10
1.47157  419.688 5.85407e-05 0 1 2.86058e-09 5.68109e-10
1.47826  419.688 5.85407e-05 0 1 2.84367e-09 5.64623e-10
1.48495  419.688 5.85406e-05 0 1 2.8268e-09 5.61145e-10
1.49164  419.689 5.85405e-05 0 1 2.80997e-09 5.57675e-10
1.49833  419.689 5.85405e-05 0 1 2.7932e-09 5.54216e-10
1.50502  419.69 5.85404e-05 0 1 2.77648e-09 5.50769e-10
1.51171  419.69 5.85404e-05 0 1 2.75983e-09 5.47336e-10
1.51839  419.69 5.85403e-05 0 1 2.74326e-09 5.43918e-10
1.52508  419.691 5.85403e-05 0 1 2.72677e-09 5.40518e-10
1.53177  419.691 5.85402e-05 0 1 2.71037e-09 5.37137e-10
1.53846  419.692 5.85402e-05 0 1 2.69407e-09 5.33776e-10
1.54515  419.692 5.85401e-05 0 1 2.67787e-09 5.30436e-10
1.55184  419.692 5.85401e-05 0 1 2.66179e-09 5.2712e-10
1.55853  419.693 5.854e-05 0 1 2.64583e-09 5.23829e-10
1.56522  419.693 5.854e-05 0 1 2.63e-09 5.20564e-10
1.57191  419.693 5.85399e-05 0 1 2.61429e-09 5.17326e-10
1.5786  419.694 5.85399e-05 0 1 2.59873e-09 5.14117e-10
1.58528  419.694 5.85398e-05 0 1 2.58332e-09 5.10938e-10
1.59197  419.694 5.85397e-05 0 1 2.56806e-09 5.07792e-10
1.59866  419.695 5.85398e-05 0 0.999998 2.55295e-09 5.04675e-10
1.60535  419.695 5.85397e-05 0 1 2.53802e-09 5.01596e-10
1.61204  419.695 5.85397e-05 0 1 2.52325e-09 4.9855e-10
1.61873  419.696 5.85396e-05 0 1 2.50866e-09 4.9554e-10
1.62542  419.696 5.85396e-05 0 1 2.49424e-09 4.92568e-10
1.63211  419.696 5.85395e-05 0 1 2.48002e-09 4.89635e-10
1.6388  419.696 5.85395e-05 0 1 2.46599e-09 4.8674e-10
1.64548  419.697 5.85395e-05 0 1 2.45215e-09 4.83886e-10
1.65217  419.697 5.85394e-05 0 1 2.43851e-09 4.81074e-10
1.65886  419.697 5.85394e-05 0 1 2.42508e-09 4.78304e-10
1.66555  419.697 5.85393e-05 0 1 2.41186e-09 4.75578e-10
1.67224  419.698 5.85393e-05 0 1 2.39886e-09 4.72896e-10
1.67893  419.698 5.85393e-05 0 1 2.38607e-09 4.70258e-10
1.68562  419.698 5.85392e-05 0 1 2.37351e-09 4.67667e-10
1.69231  419.698 5.85392e-05 0 1 2.36117e-09 4.65123e-10
1.699  419.699 5.85392e-05 0 1 2.34907e-09 4.62626e-10
1.70569  419.699 5.85391e-05 0 1 2.3372e-09 4.60177e-10
1.71237  419.699 5.85391e-05 0 1 2.32556e-09 4.57777e-10
1.71906  419.699 5.85391e-05 0 1 2.31417e-09 4.55427e-10
1.72575  419.7 5.85391e-05 0 1 2.30302e-09 4.53128e-10
1.73244  419.7 5.8539e-05 0 1 2.29212e-09 4.50879e-10
1.73913  419.7 5.8539e-05 0 1 2.28147e-09 4.48682e-10
1.74582  419.7 5.8539e-05 0 1 2.27107e-09 4.46537e-10
1.75251  419.7 5.85389e-05 0 1 2.26093e-09 4.44444e-10
1.7592  419.701 5.85389e-05 0 1 2.25104e-09 4.42405e-10
1.76589  419.701 5.85389e-05 0 1 2.24142e-09 4.40419e-10
1.77258  419.701 5.85389e-05 0 1 2.23205e-09 4.38488e-10
1.77926  419.701 5.85388e-05 0 1 2.22295e-09 4.36611e-10
1.78595  419.701 5.85388e-05 0 1 2.21412e-09 4.34789e-10
1.79264  419.701 5.85388e-05 0 1 2.20556e-09 4.33023e-10
1.79933  419.702 5.85388e-05 0 1 2.19727e-09 4.31312e-10
1.80602  419.702 5.85388e-05 0 1 2.18924e-09 4.29657e-10
1.81271  419.702 5.85387e-05 0 1 2.1815e-09 4.28059e-10
1.8194  419.702 5.85387e-05 0 1 2.17402e-09 4.26517e-10
1.82609  419.702 5.85387e-05 0 1 2.16682e-09 4.25032e-10
1.83278  419.702 5.85387e-05 0 1 2.1599e-09 4.23604e-10
1.83946  419.702 5.85387e-05 0 1 2.15326e-09 4.22233e-10
1.84615  419.702 5.85386e-05 0 1 2.14689e-09 4.2092e-10
1.85284  419.703 5.85386e-05 0 1 2.14081e-09 4.19664e-10
1.85953  419.703 5.85386e-05 0 1 2.135e-09 4.18466e-10
1.86622  419.703 5.85386e-05 0 1 2.12947e-09 4.17326e-10
1.87291  419.703 5.85386e-05 0 1 2.12423e-09 4.16244e-10
1.8796  419.703 5.85385e-05 0 1 2.11926e-09 4.15219e-10
1.88629  419.703 5.85386e-05 0 1 2.11458e-09 4.14252e-10
1.89298  419.703 5.85386e-05 0 0.999999 2.11017e-09 4.13343e-10
1.89967  419.703 5.85385e-05 0 1 2.10605e-09 4.12493e-10
1.90635  419.703 5.85385e-05 0 1 2.10221e-09 4.117e-10
1.91304  419.703 5.85385e-05 0 1 2.09864e-09 4.10965e-10
1.91973  419.703 5.85385e-05 0 1 2.09536e-09 4.10288e-10
1.92642  419.703 5.85385e-05 0 1 2.09236e-09 4.09668e-10
1.93311  419.703 5.85385e-05 0 1 2.08963e-09 4.09106e-10
1.9398  419.704 5.85385e-05 0 1 2.08718e-09 4.08601e-10
1.94649  419.704 5.85385e-05 0 1 2.08501e-09 4.08153e-10
1.95318  419.704 5.85385e-05 0 1 2.08312e-09 4.07762e-10
1.95987  419.704 5.85385e-05 0 1 2.0815e-09 4.07428e-10
1.96656  419.704 5.85385e-05 0 1 2.08015e-09 4.0715e-10
1.97324  419.704 5.85385e-05 0 1 2.07908e-09 4.06929e-10
1.97993  419.704 5.85385e-05 0 1 2.07827e-09 4.06763e-10
1.98662  419.704 5.85385e-05 0 1 2.07774e-09 4.06653e-10
1.99331  419.704 5.85385e-05 0 1 2.07747e-09 4.06598e-10
2  419.704 5.85385e-05 0 1 2.07747e-09 4.06598e-10
