TITLE="Graphics"
VARIABLES= "x", "T", "rho", "u",, "Y_H2", "Y_O2", "Y_N2"
0  400 6.1422e-05 0 1 0 0
0.0134228  400 6.10074e-05 0 1.0068 1.90466e-13 3.19199e-13
0.0268456  400 6.1086e-05 0 1.0055 2.53567e-13 4.29524e-13
0.0402685  400 6.10957e-05 0 1.00534 3.97263e-13 6.83065e-13
0.0536913  400 6.21237e-05 0 0.988705 6.72716e-13 1.17569e-12
0.0671141  400 6.11616e-05 0 1.00426 1.24846e-12 2.21875e-12
0.0805369  400 6.14035e-05 0 1.0003 2.36603e-12 4.27682e-12
0.0939597  400 6.14421e-05 0 0.999673 4.60477e-12 8.46602e-12
0.107383  400 6.12035e-05 0 1.00357 9.16365e-12 1.71369e-11
0.120805  400 6.14771e-05 0 0.999105 1.82902e-11 3.47917e-11
0.134228  400 6.14688e-05 0 0.999239 3.69258e-11 7.14448e-11
0.147651  400 6.1366e-05 0 1.00091 7.51041e-11 1.47807e-10
0.161074  400 6.16071e-05 0 0.996996 1.52284e-10 3.04839e-10
0.174497  400 6.14024e-05 0 1.00032 3.11461e-10 6.3416e-10
0.187919  400 6.12266e-05 0 1.00319 6.37783e-10 1.32089e-09
0.201342  400 6.14771e-05 0 0.999104 1.2946e-09 2.72719e-09
0.214765  400 6.1463e-05 0 0.999333 2.63071e-09 5.63657e-09
0.228188  400 6.14656e-05 0 0.999291 5.3284e-09 1.16118e-08
0.241611  400 6.13622e-05 0 1.00097 1.0771e-08 2.38731e-08
0.255034  400 6.14795e-05 0 0.999065 2.15819e-08 4.86496e-08
0.268456  400 6.13832e-05 0 1.00063 4.31335e-08 9.88824e-08
0.281879  400 6.14125e-05 0 1.00016 8.54696e-08 1.99256e-07
0.295302  400 6.13852e-05 0 1.0006 1.68201e-07 3.98742e-07
0.308725  400 6.14681e-05 0 0.999251 3.27503e-07 7.89418e-07
0.322148  400 6.14234e-05 0 0.999978 6.32855e-07 1.55088e-06
0.33557  400 6.14201e-05 0 1.00003 1.20953e-06 3.01317e-06
0.348993  400 6.14239e-05 0 0.999969 2.28472e-06 5.78507e-06
0.362416  400 6.14248e-05 0 0.999954 4.2615e-06 1.09655e-05
0.375839  400 6.14234e-05 0 0.999975 7.84014e-06 2.0497e-05
0.389262  400 6.1425e-05 0 0.999949 1.42092e-05 3.77336e-05
0.402685  400 6.14274e-05 0 0.999906 2.53388e-05 6.83286e-05
0.416107  400 6.14315e-05 0 0.999834 4.44038e-05 0.000121546
0.42953  400 6.14385e-05 0 0.999712 7.63686e-05 0.000212108
0.442953  400 6.14501e-05 0 0.999509 0.000128739 0.000362627
0.456376  400 6.14689e-05 0 0.999181 0.00021245 0.000606555
0.469799  400 6.14984e-05 0 0.998666 0.000342793 0.000991366
0.483221  400 6.15435e-05 0 0.997878 0.000540213 0.00158142
0.496644  400 6.16106e-05 0 0.99671 0.000830719 0.00245968
0.510067  400 6.17075e-05 0 0.995027 0.00124564 0.00372739
0.52349  400 6.18432e-05 0 0.992679 0.00182052 0.00550076
0.536913  400 6.20278e-05 0 0.989502 0.00259301 0.00790457
0.550336  400 6.22714e-05 0 0.985337 0.0036 0.0110627
0.563758  400 6.25841e-05 0 0.980039 0.00487421 0.015087
0.577181  400 6.29748e-05 0 0.973493 0.00644081 0.020066
0.590604  400 6.34506e-05 0 0.96563 0.00831467 0.0260551
0.604027  400 6.40165e-05 0 0.956431 0.0104987 0.0330703
0.61745  400 6.46749e-05 0 0.94593 0.0129834 0.0410868
0.630872  400 6.54259e-05 0 0.934209 0.0157487 0.050042
0.644295  400 6.62675e-05 0 0.921392 0.0187654 0.0598425
0.657718  400 6.71957e-05 0 0.907626 0.0219992 0.0703744
0.671141  400 6.82058e-05 0 0.893072 0.0254132 0.0815145
0.684564  400 6.92926e-05 0 0.877888 0.0289717 0.0931404
0.697987  400 7.04509e-05 0 0.862219 0.0326419 0.105139
0.711409  400 7.16766e-05 0 0.84619 0.0363956 0.117414
0.724832  400 7.29664e-05 0 0.829905 0.0402098 0.129886
0.738255  400 7.43184e-05 0 0.813442 0.0440667 0.142492
0.751678  400 7.57317e-05 0 0.796859 0.0479531 0.155188
0.765101  400 7.7207e-05 0 0.780197 0.0518596 0.167943
0.778523  400 7.87457e-05 0 0.763484 0.0557798 0.180736
0.791946  400 8.03503e-05 0 0.746737 0.0597096 0.193553
0.805369  400 8.2024e-05 0 0.729968 0.0636463 0.206386
0.818792  400 8.37707e-05 0 0.713182 0.0675884 0.21923
0.832215  400 8.55947e-05 0 0.696384 0.071535 0.232081
0.845638  400 8.75011e-05 0 0.679575 0.0754856 0.24494
0.85906  400 8.94956e-05 0 0.662756 0.0794401 0.257803
0.872483  400 9.15842e-05 0 0.645929 0.0833984 0.270672
0.885906  400 9.37739e-05 0 0.629093 0.0873606 0.283546
0.899329  400 9.6072e-05 0 0.612248 0.091327 0.296425
0.912752  400 9.84871e-05 0 0.595393 0.0952977 0.309309
0.926174  400 0.000101028 0 0.578528 0.0992729 0.322199
0.939597  400 0.000103706 0 0.561653 0.103253 0.335094
0.95302  400 0.000106531 0 0.544768 0.107238 0.347994
0.966443  400 0.000109516 0 0.52787 0.111229 0.360901
0.979866  400 0.000112676 0 0.51096 0.115226 0.373814
0.993289  400 0.000116027 0 0.494037 0.119229 0.386734
1.00671  400 0.000119585 0 0.4771 0.123239 0.399662
1.02013  400 0.000123373 0 0.460146 0.127256 0.412598
1.03356  400 0.000127413 0 0.443176 0.131281 0.425542
1.04698  400 0.000131731 0 0.426188 0.135315 0.438497
1.0604  400 0.000136358 0 0.409179 0.139359 0.451462
1.07383  400 0.000141328 0 0.392147 0.143412 0.46444
1.08725  400 0.000146683 0 0.375091 0.147477 0.477432
1.10067  400 0.000152469 0 0.358008 0.151553 0.490439
1.11409  400 0.000158742 0 0.340895 0.155642 0.503464
1.12752  400 0.000165566 0 0.323749 0.159743 0.516508
1.14094  400 0.000173019 0 0.306569 0.163856 0.529575
1.15436  400 0.000181192 0 0.289354 0.167981 0.542665
1.16779  400 0.000190194 0 0.272105 0.172114 0.555781
1.18121  400 0.000200155 0 0.254827 0.17625 0.568923
1.19463  400 0.000211229 0 0.237531 0.18038 0.582089
1.20805  400 0.000223599 0 0.220237 0.184489 0.595274
1.22148  400 0.000237477 0 0.202978 0.188554 0.608468
1.2349  400 0.000253109 0 0.185804 0.192545 0.621651
1.24832  400 0.000270772 0 0.168784 0.19642 0.634796
1.26174  400 0.000290766 0 0.152012 0.200128 0.64786
1.27517  400 0.000313402 0 0.135605 0.203614 0.660781
1.28859  400 0.000338978 0 0.119702 0.206824 0.673474
1.30201  400 0.000367745 0 0.104457 0.209717 0.685826
1.31544  400 0.000399862 0 0.0900257 0.212283 0.697691
1.32886  400 0.000435343 0 0.0765576 0.21455 0.708892
1.34228  400 0.000473994 0 0.0641805 0.216593 0.719226
1.3557  400 0.000515361 0 0.0529912 0.218518 0.728491
1.36913  400 0.000558692 0 0.0430493 0.220431 0.73652
1.38255  400 0.00060294 0 0.0343745 0.222399 0.743227
1.39597  400 0.000646816 0 0.0269478 0.224415 0.748637
1.4094  400 0.000688904 0 0.0207155 0.226391 0.752893
1.42282  400 0.000727827 0 0.0155951 0.228192 0.756213
1.43624  400 0.000762435 0 0.0114819 0.229697 0.758821
1.44966  400 0.000791965 0 0.00825627 0.230843 0.760901
1.46309  400 0.000816118 0 0.00579075 0.231643 0.762566
1.47651  400 0.000835049 0 0.00395721 0.232163 0.76388
1.48993  400 0.000849274 0 0.00263274 0.232481 0.764886
1.50336  400 0.00085953 0 0.00170463 0.232668 0.765627
1.51678  400 0.000866638 0 0.00107419 0.232776 0.76615
1.5302  400 0.00087138 0 0.000659124 0.232838 0.766503
1.54362  400 0.000874435 0 0.00039412 0.232873 0.766733
1.55705  400 0.000876339 0 0.000229889 0.232892 0.766878
1.57047  400 0.000877489 0 0.000130966 0.232904 0.766965
1.58389  400 0.000878165 0 7.29657e-05 0.23291 0.767017
1.59732  400 0.000878552 0 3.98087e-05 0.232913 0.767047
1.61074  400 0.000878769 0 2.12971e-05 0.232915 0.767063
1.62416  400 0.000878887 0 1.11869e-05 0.232916 0.767072
1.63758  400 0.00087895 0 5.77694e-06 0.232917 0.767077
1.65101  400 0.000878983 0 2.93626e-06 0.232917 0.76708
1.66443  400 0.000879 0 1.47057e-06 0.232917 0.767081
1.67785  400 0.000879009 0 7.26472e-07 0.232917 0.767082
1.69128  400 0.000879013 0 3.54336e-07 0.232917 0.767082
1.7047  400 0.000879015 0 1.70789e-07 0.232917 0.767082
1.71812  400 0.000879016 0 8.14162e-08 0.232918 0.767082
1.73154  400 0.000879017 0 3.84145e-08 0.232918 0.767082
1.74497  400 0.000879017 0 1.79521e-08 0.232918 0.767082
1.75839  400 0.000879017 0 8.31472e-09 0.232918 0.767082
1.77181  400 0.000879017 0 3.81899e-09 0.232918 0.767082
1.78523  400 0.000879017 0 1.74042e-09 0.232918 0.767082
1.79866  400 0.000879017 0 7.8737e-10 0.232918 0.767082
1.81208  400 0.000879017 0 3.53771e-10 0.232918 0.767082
1.8255  400 0.000879017 0 1.57932e-10 0.232918 0.767082
1.83893  400 0.000879017 0 7.00787e-11 0.232918 0.767082
1.85235  400 0.000879017 0 3.09194e-11 0.232918 0.767082
1.86577  400 0.000879017 0 1.3569e-11 0.232918 0.767082
1.87919  400 0.000879017 0 5.92474e-12 0.232918 0.767082
1.89262  400 0.000879017 0 2.57467e-12 0.232918 0.767082
1.90604  400 0.000879017 0 1.11383e-12 0.232918 0.767082
1.91946  400 0.000879017 0 4.79836e-13 0.232918 0.767082
1.93289  400 0.000879017 0 2.05943e-13 0.232918 0.767082
1.94631  400 0.000879017 0 8.82021e-14 0.232918 0.767082
1.95973  400 0.000879017 0 3.79917e-14 0.232918 0.767082
1.97315  400 0.000879017 0 1.71372e-14 0.232918 0.767082
1.98658  400 0.000879017 0 9.62888e-15 0.232918 0.767082
2  400 0.000879017 0 9.62888e-15 0.232918 0.767082
