TITLE="Graphics"
VARIABLES= "x", "T", "rho", "u",, "Y_H2", "Y_O2", "Y_N2"
0  400 6.1422e-05 0 1 0 0
0.00668896  419.668 5.85434e-05 0 1 1.59039e-09 3.02549e-10
0.0133779  419.668 5.85434e-05 0 1 1.59053e-09 3.02577e-10
0.0200669  419.668 5.85434e-05 0 1 1.59077e-09 3.02628e-10
0.0267559  419.668 5.85434e-05 0 1 1.59112e-09 3.027e-10
0.0334448  419.668 5.85434e-05 0 1 1.59156e-09 3.02794e-10
0.0401338  419.668 5.85434e-05 0 1 1.59212e-09 3.02909e-10
0.0468227  419.668 5.85434e-05 0 1 1.59277e-09 3.03045e-10
0.0535117  419.668 5.85434e-05 0 1 1.59352e-09 3.03202e-10
0.0602007  419.668 5.85434e-05 0 1 1.59438e-09 3.03381e-10
0.0668896  419.668 5.85434e-05 0 1 1.59533e-09 3.0358e-10
0.0735786  419.668 5.85434e-05 0 1 1.59639e-09 3.03801e-10
0.0802676  419.668 5.85434e-05 0 1 1.59755e-09 3.04043e-10
0.0869565  419.669 5.85434e-05 0 1 1.5988e-09 3.04305e-10
0.0936455  419.669 5.85434e-05 0 1 1.60016e-09 3.04589e-10
0.100334  419.669 5.85434e-05 0 1 1.60162e-09 3.04893e-10
0.107023  419.669 5.85434e-05 0 1 1.60318e-09 3.05218e-10
0.113712  419.669 5.85434e-05 0 1 1.60484e-09 3.05565e-10
0.120401  419.669 5.85434e-05 0 1 1.6066e-09 3.05932e-10
0.12709  419.669 5.85434e-05 0 1 1.60845e-09 3.06319e-10
0.133779  419.669 5.85434e-05 0 1 1.61041e-09 3.06728e-10
0.140468  419.669 5.85434e-05 0 1 1.61247e-09 3.07157e-10
0.147157  419.669 5.85434e-05 0 1 1.61462e-09 3.07607e-10
0.153846  419.669 5.85434e-05 0 1 1.61687e-09 3.08077e-10
0.160535  419.669 5.85434e-05 0 1 1.61922e-09 3.08568e-10
0.167224  419.669 5.85433e-05 0 1 1.62167e-09 3.09079e-10
0.173913  419.669 5.85433e-05 0 1 1.62422e-09 3.09611e-10
0.180602  419.669 5.85433e-05 0 1 1.62687e-09 3.10163e-10
0.187291  419.669 5.85433e-05 0 1 1.62961e-09 3.10736e-10
0.19398  419.669 5.85433e-05 0 1 1.63245e-09 3.11328e-10
0.200669  419.669 5.85433e-05 0 1 1.63538e-09 3.11941e-10
0.207358  419.669 5.85433e-05 0 1 1.63842e-09 3.12574e-10
0.214047  419.669 5.85433e-05 0 1 1.64154e-09 3.13228e-10
0.220736  419.669 5.85433e-05 0 1 1.64477e-09 3.13901e-10
0.227425  419.669 5.85433e-05 0 1 1.64809e-09 3.14594e-10
0.234114  419.669 5.85433e-05 0 1 1.6515e-09 3.15307e-10
0.240803  419.669 5.85433e-05 0 1 1.65501e-09 3.16039e-10
0.247492  419.669 5.85433e-05 0 1 1.65862e-09 3.16792e-10
0.254181  419.669 5.85433e-05 0 1 1.66232e-09 3.17564e-10
0.26087  419.669 5.85433e-05 0 1 1.66611e-09 3.18355e-10
0.267559  419.669 5.85433e-05 0 1 1.66999e-09 3.19166e-10
0.274247  419.669 5.85433e-05 0 1 1.67397e-09 3.19997e-10
0.280936  419.669 5.85433e-05 0 1 1.67804e-09 3.20846e-10
0.287625  419.669 5.85433e-05 0 1 1.6822e-09 3.21715e-10
0.294314  419.669 5.85433e-05 0 1 1.68646e-09 3.22603e-10
0.301003  419.669 5.85433e-05 0 1 1.6908e-09 3.2351e-10
0.307692  419.669 5.85432e-05 0 1 1.69524e-09 3.24436e-10
0.314381  419.67 5.85432e-05 0 1 1.69976e-09 3.25381e-10
0.32107  419.67 5.85432e-05 0 1 1.70438e-09 3.26344e-10
0.327759  419.67 5.85432e-05 0 1 1.70908e-09 3.27326e-10
0.334448  419.67 5.85432e-05 0 1 1.71388e-09 3.28327e-10
0.341137  419.67 5.85432e-05 0 1 1.71876e-09 3.29346e-10
0.347826  419.67 5.85432e-05 0 1 1.72373e-09 3.30383e-10
0.354515  419.67 5.85432e-05 0 1 1.72879e-09 3.31439e-10
0.361204  419.67 5.85432e-05 0 1 1.73393e-09 3.32512e-10
0.367893  419.67 5.85432e-05 0 1 1.73916e-09 3.33604e-10
0.374582  419.67 5.85432e-05 0 1 1.74447e-09 3.34714e-10
0.381271  419.67 5.85432e-05 0 1 1.74987e-09 3.35841e-10
0.38796  419.67 5.85432e-05 0 1 1.75536e-09 3.36986e-10
0.394649  419.67 5.85432e-05 0 1 1.76093e-09 3.38148e-10
0.401338  419.67 5.85431e-05 0 1 1.76658e-09 3.39328e-10
0.408027  419.67 5.85431e-05 0 1 1.77232e-09 3.40525e-10
0.414716  419.67 5.85431e-05 0 1 1.77813e-09 3.41739e-10
0.421405  419.67 5.85431e-05 0 1 1.78403e-09 3.42971e-10
0.428094  419.67 5.85431e-05 0 1 1.79001e-09 3.44219e-10
0.434783  419.671 5.85431e-05 0 1 1.79607e-09 3.45484e-10
0.441472  419.671 5.85431e-05 0 1 1.80221e-09 3.46765e-10
0.448161  419.671 5.85431e-05 0 1 1.80843e-09 3.48063e-10
0.454849  419.671 5.85431e-05 0 1 1.81473e-09 3.49378e-10
0.461538  419.671 5.85431e-05 0 1 1.82111e-09 3.50708e-10
0.468227  419.671 5.85431e-05 0 1 1.82756e-09 3.52055e-10
0.474916  419.671 5.8543e-05 0 1 1.83409e-09 3.53418e-10
0.481605  419.671 5.8543e-05 0 1 1.84069e-09 3.54796e-10
0.488294  419.671 5.8543e-05 0 1 1.84737e-09 3.5619e-10
0.494983  419.671 5.8543e-05 0 1 1.85412e-09 3.576e-10
0.501672  419.671 5.8543e-05 0 1 1.86095e-09 3.59025e-10
0.508361  419.671 5.8543e-05 0 1 1.86785e-09 3.60465e-10
0.51505  419.671 5.8543e-05 0 1 1.87482e-09 3.6192e-10
0.521739  419.671 5.8543e-05 0 1 1.88187e-09 3.6339e-10
0.528428  419.671 5.8543e-05 0 1 1.88898e-09 3.64875e-10
0.535117  419.672 5.8543e-05 0 1 1.89617e-09 3.66374e-10
0.541806  419.672 5.8543e-05 0 1 1.90342e-09 3.67888e-10
0.548495  419.672 5.85429e-05 0 1 1.91074e-09 3.69416e-10
0.555184  419.672 5.85429e-05 0 1 1.91813e-09 3.70959e-10
0.561873  419.672 5.85429e-05 0 1 1.92559e-09 3.72515e-10
0.568562  419.672 5.85429e-05 0 1 1.93311e-09 3.74085e-10
0.575251  419.672 5.85429e-05 0 1 1.9407e-09 3.75668e-10
0.58194  419.672 5.85429e-05 0 1 1.94836e-09 3.77266e-10
0.588629  419.672 5.85429e-05 0 1 1.95607e-09 3.78876e-10
0.595318  419.672 5.85429e-05 0 1 1.96385e-09 3.80499e-10
0.602007  419.672 5.85429e-05 0 1 1.97169e-09 3.82136e-10
0.608696  419.672 5.85428e-05 0 1 1.9796e-09 3.83785e-10
0.615385  419.672 5.85428e-05 0 1 1.98756e-09 3.85447e-10
0.622074  419.672 5.85428e-05 0 1 1.99558e-09 3.87121e-10
0.628763  419.673 5.85428e-05 0 1 2.00366e-09 3.88807e-10
0.635452  419.673 5.85428e-05 0 1 2.0118e-09 3.90506e-10
0.64214  419.673 5.85428e-05 0 1 2.02e-09 3.92216e-10
0.648829  419.673 5.85428e-05 0 1 2.02825e-09 3.93938e-10
0.655518  419.673 5.85428e-05 0 1 2.03656e-09 3.95671e-10
0.662207  419.673 5.85428e-05 0 1 2.04492e-09 3.97416e-10
0.668896  419.673 5.85427e-05 0 1 2.05334e-09 3.99172e-10
0.675585  419.673 5.85427e-05 0 1 2.06181e-09 4.00939e-10
0.682274  419.673 5.85427e-05 0 1 2.07033e-09 4.02717e-10
0.688963  419.673 5.85427e-05 0 1 2.0789e-09 4.04505e-10
0.695652  419.673 5.85427e-05 0 1 2.08752e-09 4.06304e-10
0.702341  419.673 5.85427e-05 0 1 2.09619e-09 4.08113e-10
0.70903  419.674 5.85427e-05 0 1 2.1049e-09 4.09932e-10
0.715719  419.674 5.85427e-05 0 1 2.11367e-09 4.1176e-10
0.722408  419.674 5.85427e-05 0 1 2.12248e-09 4.13599e-10
0.729097  419.674 5.85426e-05 0 1 2.13134e-09 4.15446e-10
0.735786  419.674 5.85426e-05 0 1 2.14024e-09 4.17303e-10
0.742475  419.674 5.85426e-05 0 1 2.14918e-09 4.19169e-10
0.749164  419.674 5.85426e-05 0 1 2.15816e-09 4.21044e-10
0.755853  419.674 5.85426e-05 0 1 2.16719e-09 4.22927e-10
0.762542  419.674 5.85426e-05 0 1 2.17626e-09 4.24819e-10
0.769231  419.674 5.85426e-05 0 1 2.18537e-09 4.26719e-10
0.77592  419.674 5.85426e-05 0 1 2.19451e-09 4.28627e-10
0.782609  419.674 5.85425e-05 0 1 2.20369e-09 4.30542e-10
0.789298  419.675 5.85425e-05 0 1 2.21291e-09 4.32465e-10
0.795987  419.675 5.85425e-05 0 1 2.22217e-09 4.34396e-10
0.802676  419.675 5.85425e-05 0 1 2.23146e-09 4.36334e-10
0.809365  419.675 5.85425e-05 0 1 2.24078e-09 4.38279e-10
0.816054  419.675 5.85425e-05 0 1 2.25013e-09 4.4023e-10
0.822742  419.675 5.85425e-05 0 1 2.25952e-09 4.42188e-10
0.829431  419.675 5.85425e-05 0 1 2.26894e-09 4.44153e-10
0.83612  419.675 5.85424e-05 0 1 2.27838e-09 4.46123e-10
0.842809  419.675 5.85424e-05 0 1 2.28786e-09 4.48099e-10
0.849498  419.675 5.85424e-05 0 1 2.29736e-09 4.50081e-10
0.856187  419.675 5.85424e-05 0 1 2.30689e-09 4.52069e-10
0.862876  419.676 5.85424e-05 0 1 2.31644e-09 4.54062e-10
0.869565  419.676 5.85424e-05 0 1 2.32602e-09 4.56059e-10
0.876254  419.676 5.85424e-05 0 1 2.33562e-09 4.58062e-10
0.882943  419.676 5.85424e-05 0 1 2.34524e-09 4.60069e-10
0.889632  419.676 5.85424e-05 0 1 2.35488e-09 4.62081e-10
0.896321  419.676 5.85423e-05 0 1 2.36455e-09 4.64096e-10
0.90301  419.676 5.85423e-05 0 1 2.37423e-09 4.66116e-10
0.909699  419.676 5.85423e-05 0 1 2.38393e-09 4.68139e-10
0.916388  419.676 5.85424e-05 0 0.999999 2.39365e-09 4.70165e-10
0.923077  419.676 5.85424e-05 0 0.999998 2.40337e-09 4.72193e-10
0.929766  419.676 5.85418e-05 0 1.00001 2.41314e-09 4.74232e-10
0.936455  419.677 5.85399e-05 0 1.00004 2.42311e-09 4.76309e-10
0.943144  419.677 5.85614e-05 0 0.999673 2.43274e-09 4.78323e-10
0.949833  419.677 5.84489e-05 0 1.0016 2.44654e-09 4.81149e-10
0.956522  419.677 5.85531e-05 0 0.999813 2.45178e-09 4.82296e-10
0.963211  419.677 5.86108e-05 0 0.99883 2.45869e-09 4.83767e-10
0.9699  419.677 5.85363e-05 0 1.0001 2.4715e-09 4.86404e-10
0.976589  419.677 5.85436e-05 0 0.999976 2.48158e-09 4.88506e-10
0.983278  419.677 5.85404e-05 0 1.00003 2.49161e-09 4.90596e-10
0.989967  419.677 5.85435e-05 0 0.999977 2.50129e-09 4.92615e-10
0.996656  419.677 5.85427e-05 0 0.999991 2.51115e-09 4.94672e-10
1.00334  419.677 5.8542e-05 0 1 2.52101e-09 4.96728e-10
1.01003  419.677 5.85422e-05 0 1 2.53085e-09 4.98779e-10
1.01672  419.678 5.85421e-05 0 1 2.54069e-09 5.00831e-10
1.02341  419.678 5.85421e-05 0 1 2.55052e-09 5.02882e-10
1.0301  419.678 5.85421e-05 0 1 2.56036e-09 5.04933e-10
1.03679  419.678 5.85421e-05 0 1 2.57019e-09 5.06984e-10
1.04348  419.678 5.85421e-05 0 1 2.58002e-09 5.09033e-10
1.05017  419.678 5.85421e-05 0 1 2.58985e-09 5.11082e-10
1.05686  419.678 5.8542e-05 0 1 2.59967e-09 5.13129e-10
1.06355  419.678 5.8542e-05 0 1 2.60948e-09 5.15175e-10
1.07023  419.678 5.8542e-05 0 1 2.61928e-09 5.17219e-10
1.07692  419.678 5.8542e-05 0 1 2.62907e-09 5.1926e-10
1.08361  419.678 5.8542e-05 0 1 2.63885e-09 5.213e-10
1.0903  419.679 5.8542e-05 0 1 2.64862e-09 5.23337e-10
1.09699  419.679 5.8542e-05 0 1 2.65838e-09 5.25371e-10
1.10368  419.679 5.8542e-05 0 1 2.66812e-09 5.27403e-10
1.11037  419.679 5.85419e-05 0 1 2.67785e-09 5.29431e-10
1.11706  419.679 5.85419e-05 0 1 2.68756e-09 5.31456e-10
1.12375  419.679 5.85419e-05 0 1 2.69726e-09 5.33477e-10
1.13043  419.679 5.85419e-05 0 1 2.70693e-09 5.35494e-10
1.13712  419.679 5.85419e-05 0 1 2.71659e-09 5.37507e-10
1.14381  419.679 5.85419e-05 0 1 2.72622e-09 5.39516e-10
1.1505  419.679 5.85419e-05 0 1 2.73583e-09 5.4152e-10
1.15719  419.679 5.85419e-05 0 1 2.74542e-09 5.43519e-10
1.16388  419.679 5.85419e-05 0 1 2.75499e-09 5.45513e-10
1.17057  419.68 5.85418e-05 0 1 2.76453e-09 5.47502e-10
1.17726  419.68 5.85418e-05 0 1 2.77404e-09 5.49486e-10
1.18395  419.68 5.85418e-05 0 1 2.78353e-09 5.51463e-10
1.19064  419.68 5.85418e-05 0 1 2.79299e-09 5.53435e-10
1.19732  419.68 5.85418e-05 0 1 2.80241e-09 5.554e-10
1.20401  419.68 5.85418e-05 0 1 2.81181e-09 5.57359e-10
1.2107  419.68 5.85418e-05 0 1 2.82118e-09 5.59311e-10
1.21739  419.68 5.85418e-05 0 1 2.83051e-09 5.61257e-10
1.22408  419.68 5.85418e-05 0 1 2.8398e-09 5.63194e-10
1.23077  419.68 5.85417e-05 0 1 2.84907e-09 5.65126e-10
1.23746  419.68 5.85417e-05 0 1 2.85829e-09 5.67048e-10
1.24415  419.68 5.85417e-05 0 1 2.86748e-09 5.68964e-10
1.25084  419.68 5.85417e-05 0 1 2.87663e-09 5.7087e-10
1.25753  419.681 5.85417e-05 0 1 2.88574e-09 5.7277e-10
1.26421  419.681 5.85417e-05 0 1 2.89481e-09 5.7466e-10
1.2709  419.681 5.85417e-05 0 1 2.90383e-09 5.76541e-10
1.27759  419.681 5.85417e-05 0 1 2.91282e-09 5.78414e-10
1.28428  419.681 5.85417e-05 0 1 2.92176e-09 5.80277e-10
1.29097  419.681 5.85416e-05 0 1 2.93065e-09 5.82131e-10
1.29766  419.681 5.85416e-05 0 1 2.9395e-09 5.83975e-10
1.30435  419.681 5.85416e-05 0 1 2.9483e-09 5.85809e-10
1.31104  419.681 5.85416e-05 0 1 2.95705e-09 5.87633e-10
1.31773  419.681 5.85416e-05 0 1 2.96575e-09 5.89447e-10
1.32441  419.681 5.85416e-05 0 1 2.9744e-09 5.9125e-10
1.3311  419.681 5.85416e-05 0 1 2.983e-09 5.93042e-10
1.33779  419.681 5.85416e-05 0 1 2.99154e-09 5.94823e-10
1.34448  419.681 5.85416e-05 0 1 3.00004e-09 5.96593e-10
1.35117  419.682 5.85416e-05 0 1 3.00847e-09 5.98351e-10
1.35786  419.682 5.85416e-05 0 1 3.01685e-09 6.00098e-10
1.36455  419.682 5.85415e-05 0 1 3.02518e-09 6.01833e-10
1.37124  419.682 5.85415e-05 0 1 3.03344e-09 6.03555e-10
1.37793  419.682 5.85415e-05 0 1 3.04165e-09 6.05265e-10
1.38462  419.682 5.85415e-05 0 1 3.04979e-09 6.06963e-10
1.3913  419.682 5.85415e-05 0 1 3.05787e-09 6.08648e-10
1.39799  419.682 5.85415e-05 0 1 3.06589e-09 6.10319e-10
1.40468  419.682 5.85415e-05 0 1 3.07385e-09 6.11978e-10
1.41137  419.682 5.85414e-05 0 1 3.08175e-09 6.13623e-10
1.41806  419.682 5.85415e-05 0 1 3.08957e-09 6.15254e-10
1.42475  419.682 5.85415e-05 0 0.999999 3.09733e-09 6.16871e-10
1.43144  419.682 5.85415e-05 0 1 3.10502e-09 6.18475e-10
1.43813  419.682 5.85414e-05 0 1 3.11265e-09 6.20064e-10
1.44482  419.682 5.85414e-05 0 1 3.1202e-09 6.21638e-10
1.45151  419.682 5.85414e-05 0 1 3.12769e-09 6.23198e-10
1.45819  419.683 5.85414e-05 0 1 3.1351e-09 6.24743e-10
1.46488  419.683 5.85414e-05 0 1 3.14244e-09 6.26273e-10
1.47157  419.683 5.85414e-05 0 1 3.1497e-09 6.27787e-10
1.47826  419.683 5.85414e-05 0 1 3.1569e-09 6.29286e-10
1.48495  419.683 5.85414e-05 0 1 3.16401e-09 6.30769e-10
1.49164  419.683 5.85414e-05 0 1 3.17105e-09 6.32237e-10
1.49833  419.683 5.85414e-05 0 1 3.17801e-09 6.33688e-10
1.50502  419.683 5.85414e-05 0 0.999999 3.1849e-09 6.35123e-10
1.51171  419.683 5.85414e-05 0 0.999999 3.1917e-09 6.36541e-10
1.51839  419.683 5.85412e-05 0 1 3.19844e-09 6.37945e-10
1.52508  419.683 5.85415e-05 0 0.999997 3.20507e-09 6.39328e-10
1.53177  419.683 5.8541e-05 0 1.00001 3.21166e-09 6.407e-10
1.53846  419.683 5.85419e-05 0 0.999991 3.21812e-09 6.42046e-10
1.54515  419.683 5.85406e-05 0 1.00001 3.22454e-09 6.43385e-10
1.55184  419.683 5.85423e-05 0 0.999983 3.23084e-09 6.44698e-10
1.55853  419.683 5.85402e-05 0 1.00002 3.23707e-09 6.45997e-10
1.56522  419.683 5.85425e-05 0 0.99998 3.24325e-09 6.47285e-10
1.57191  419.683 5.85402e-05 0 1.00002 3.24923e-09 6.48531e-10
1.5786  419.683 5.85423e-05 0 0.999983 3.25534e-09 6.49804e-10
1.58528  419.684 5.85403e-05 0 1.00002 3.26105e-09 6.50995e-10
1.59197  419.684 5.85422e-05 0 0.999984 3.26705e-09 6.52246e-10
1.59866  419.684 5.85403e-05 0 1.00002 3.27255e-09 6.53393e-10
1.60535  419.684 5.85424e-05 0 0.99998 3.27837e-09 6.54604e-10
1.61204  419.684 5.85401e-05 0 1.00002 3.28374e-09 6.55724e-10
1.61873  419.684 5.85422e-05 0 0.999983 3.28931e-09 6.56884e-10
1.62542  419.684 5.85405e-05 0 1.00001 3.29456e-09 6.57981e-10
1.63211  419.684 5.85417e-05 0 0.999992 3.29989e-09 6.5909e-10
1.6388  419.684 5.85409e-05 0 1.00001 3.30501e-09 6.60159e-10
1.64548  419.684 5.85414e-05 0 0.999997 3.31011e-09 6.61221e-10
1.65217  419.684 5.85412e-05 0 1 3.31508e-09 6.62257e-10
1.65886  419.684 5.85413e-05 0 0.999999 3.31997e-09 6.63278e-10
1.66555  419.684 5.85412e-05 0 1 3.32477e-09 6.64276e-10
1.67224  419.684 5.85412e-05 0 1 3.32947e-09 6.65256e-10
1.67893  419.684 5.85412e-05 0 1 3.33407e-09 6.66216e-10
1.68562  419.684 5.85412e-05 0 1 3.33858e-09 6.67157e-10
1.69231  419.684 5.85412e-05 0 1 3.343e-09 6.68077e-10
1.699  419.684 5.85412e-05 0 1 3.34732e-09 6.68977e-10
1.70569  419.684 5.85412e-05 0 1 3.35154e-09 6.69858e-10
1.71237  419.684 5.85412e-05 0 1 3.35567e-09 6.70718e-10
1.71906  419.684 5.85412e-05 0 1 3.3597e-09 6.71558e-10
1.72575  419.684 5.85412e-05 0 1 3.36363e-09 6.72378e-10
1.73244  419.684 5.85412e-05 0 1 3.36747e-09 6.73178e-10
1.73913  419.684 5.85412e-05 0 1 3.37121e-09 6.73957e-10
1.74582  419.684 5.85412e-05 0 1 3.37485e-09 6.74716e-10
1.75251  419.684 5.85412e-05 0 1 3.37839e-09 6.75455e-10
1.7592  419.684 5.85412e-05 0 1 3.38184e-09 6.76173e-10
1.76589  419.684 5.85412e-05 0 1 3.38519e-09 6.76871e-10
1.77258  419.684 5.85412e-05 0 1 3.38844e-09 6.77549e-10
1.77926  419.684 5.85412e-05 0 1 3.39159e-09 6.78206e-10
1.78595  419.685 5.85412e-05 0 1 3.39464e-09 6.78842e-10
1.79264  419.685 5.85411e-05 0 1 3.39759e-09 6.79458e-10
1.79933  419.685 5.85411e-05 0 1 3.40045e-09 6.80053e-10
1.80602  419.685 5.85411e-05 0 1 3.40321e-09 6.80628e-10
1.81271  419.685 5.85411e-05 0 1 3.40587e-09 6.81183e-10
1.8194  419.685 5.85411e-05 0 1 3.40843e-09 6.81717e-10
1.82609  419.685 5.85411e-05 0 1 3.41089e-09 6.8223e-10
1.83278  419.685 5.85411e-05 0 1 3.41326e-09 6.82723e-10
1.83946  419.685 5.85411e-05 0 1 3.41553e-09 6.83196e-10
1.84615  419.685 5.85411e-05 0 1 3.41769e-09 6.83648e-10
1.85284  419.685 5.85411e-05 0 1 3.41977e-09 6.8408e-10
1.85953  419.685 5.85411e-05 0 1 3.42174e-09 6.84492e-10
1.86622  419.685 5.85411e-05 0 1 3.42362e-09 6.84883e-10
1.87291  419.685 5.85411e-05 0 1 3.4254e-09 6.85254e-10
1.8796  419.685 5.85411e-05 0 1 3.42708e-09 6.85605e-10
1.88629  419.685 5.85411e-05 0 1 3.42866e-09 6.85935e-10
1.89298  419.685 5.85412e-05 0 0.999999 3.43015e-09 6.86245e-10
1.89967  419.685 5.85411e-05 0 1 3.43155e-09 6.86536e-10
1.90635  419.685 5.85411e-05 0 1 3.43284e-09 6.86807e-10
1.91304  419.685 5.85411e-05 0 1 3.43405e-09 6.87057e-10
1.91973  419.685 5.85411e-05 0 1 3.43515e-09 6.87288e-10
1.92642  419.685 5.85411e-05 0 1 3.43617e-09 6.87499e-10
1.93311  419.685 5.85411e-05 0 1 3.43708e-09 6.8769e-10
1.9398  419.685 5.85411e-05 0 1 3.43791e-09 6.87862e-10
1.94649  419.685 5.85411e-05 0 1 3.43864e-09 6.88014e-10
1.95318  419.685 5.85411e-05 0 1 3.43927e-09 6.88147e-10
1.95987  419.685 5.85411e-05 0 1 3.43982e-09 6.88261e-10
1.96656  419.685 5.85411e-05 0 1 3.44027e-09 6.88355e-10
1.97324  419.685 5.85411e-05 0 1 3.44063e-09 6.8843e-10
1.97993  419.685 5.85411e-05 0 1 3.4409e-09 6.88487e-10
1.98662  419.685 5.85411e-05 0 1 3.44108e-09 6.88524e-10
1.99331  419.685 5.85411e-05 0 1 3.44117e-09 6.88543e-10
2  419.685 5.85411e-05 0 1 3.44117e-09 6.88543e-10
