TITLE="Graphics"
VARIABLES= "x", "T", "rho", "u",, "Y_H2", "Y_O2", "Y_N2"
0  400 6.1422e-05 0 1 0 0
0.00668896  419.627 5.85491e-05 0 1 5.28302e-09 1.06242e-09
0.0133779  419.627 5.85491e-05 0 1 5.28288e-09 1.06239e-09
0.0200669  419.627 5.85491e-05 0 1 5.28261e-09 1.06234e-09
0.0267559  419.627 5.85491e-05 0 1 5.28224e-09 1.06226e-09
0.0334448  419.627 5.85491e-05 0 1 5.28175e-09 1.06216e-09
0.0401338  419.628 5.85491e-05 0 1 5.28115e-09 1.06204e-09
0.0468227  419.628 5.85491e-05 0 1 5.28044e-09 1.06189e-09
0.0535117  419.628 5.85491e-05 0 1 5.27963e-09 1.06173e-09
0.0602007  419.628 5.85491e-05 0 1 5.2787e-09 1.06154e-09
0.0668896  419.628 5.85491e-05 0 1 5.27766e-09 1.06132e-09
0.0735786  419.628 5.85491e-05 0 1 5.27651e-09 1.06109e-09
0.0802676  419.628 5.85491e-05 0 1 5.27525e-09 1.06083e-09
0.0869565  419.628 5.85491e-05 0 1 5.27389e-09 1.06055e-09
0.0936455  419.628 5.85491e-05 0 1 5.27241e-09 1.06025e-09
0.100334  419.628 5.8549e-05 0 1 5.27083e-09 1.05993e-09
0.107023  419.628 5.8549e-05 0 1 5.26913e-09 1.05958e-09
0.113712  419.628 5.8549e-05 0 1 5.26733e-09 1.05921e-09
0.120401  419.628 5.8549e-05 0 1 5.26541e-09 1.05882e-09
0.12709  419.628 5.8549e-05 0 1 5.26339e-09 1.05841e-09
0.133779  419.628 5.8549e-05 0 1 5.26126e-09 1.05797e-09
0.140468  419.628 5.8549e-05 0 1 5.25902e-09 1.05752e-09
0.147157  419.628 5.8549e-05 0 1 5.25667e-09 1.05704e-09
0.153846  419.629 5.8549e-05 0 1 5.25421e-09 1.05654e-09
0.160535  419.629 5.85489e-05 0 1 5.25165e-09 1.05601e-09
0.167224  419.629 5.85489e-05 0 1 5.24897e-09 1.05546e-09
0.173913  419.629 5.85489e-05 0 1 5.24619e-09 1.0549e-09
0.180602  419.629 5.85489e-05 0 1 5.2433e-09 1.05431e-09
0.187291  419.629 5.85489e-05 0 1 5.2403e-09 1.05369e-09
0.19398  419.629 5.85489e-05 0 1 5.2372e-09 1.05306e-09
0.200669  419.629 5.85488e-05 0 1 5.23398e-09 1.0524e-09
0.207358  419.63 5.85488e-05 0 1 5.23066e-09 1.05172e-09
0.214047  419.63 5.85488e-05 0 1 5.22723e-09 1.05102e-09
0.220736  419.63 5.85488e-05 0 1 5.2237e-09 1.0503e-09
0.227425  419.63 5.85488e-05 0 1 5.22005e-09 1.04956e-09
0.234114  419.63 5.85487e-05 0 1 5.2163e-09 1.04879e-09
0.240803  419.63 5.85487e-05 0 1 5.21244e-09 1.048e-09
0.247492  419.63 5.85487e-05 0 1 5.20848e-09 1.04719e-09
0.254181  419.631 5.85487e-05 0 1 5.20441e-09 1.04636e-09
0.26087  419.631 5.85487e-05 0 1 5.20023e-09 1.04551e-09
0.267559  419.631 5.85486e-05 0 1 5.19595e-09 1.04463e-09
0.274247  419.631 5.85486e-05 0 1 5.19156e-09 1.04374e-09
0.280936  419.631 5.85486e-05 0 1 5.18706e-09 1.04282e-09
0.287625  419.631 5.85486e-05 0 1 5.18246e-09 1.04188e-09
0.294314  419.632 5.85485e-05 0 1 5.17776e-09 1.04092e-09
0.301003  419.632 5.85485e-05 0 1 5.17294e-09 1.03994e-09
0.307692  419.632 5.85485e-05 0 1 5.16803e-09 1.03893e-09
0.314381  419.632 5.85485e-05 0 1 5.16301e-09 1.03791e-09
0.32107  419.632 5.85484e-05 0 1 5.15788e-09 1.03686e-09
0.327759  419.633 5.85484e-05 0 1 5.15265e-09 1.03579e-09
0.334448  419.633 5.85484e-05 0 1 5.14731e-09 1.0347e-09
0.341137  419.633 5.85483e-05 0 1 5.14188e-09 1.03359e-09
0.347826  419.633 5.85483e-05 0 1 5.13633e-09 1.03246e-09
0.354515  419.633 5.85483e-05 0 1 5.13069e-09 1.03131e-09
0.361204  419.634 5.85483e-05 0 1 5.12494e-09 1.03013e-09
0.367893  419.634 5.85482e-05 0 1 5.11909e-09 1.02894e-09
0.374582  419.634 5.85482e-05 0 1 5.11313e-09 1.02772e-09
0.381271  419.634 5.85482e-05 0 1 5.10707e-09 1.02648e-09
0.38796  419.634 5.85481e-05 0 1 5.10091e-09 1.02523e-09
0.394649  419.635 5.85481e-05 0 1 5.09465e-09 1.02395e-09
0.401338  419.635 5.85481e-05 0 1 5.08829e-09 1.02265e-09
0.408027  419.635 5.8548e-05 0 1 5.08182e-09 1.02133e-09
0.414716  419.635 5.8548e-05 0 1 5.07525e-09 1.01999e-09
0.421405  419.636 5.8548e-05 0 1 5.06859e-09 1.01862e-09
0.428094  419.636 5.85479e-05 0 1 5.06182e-09 1.01724e-09
0.434783  419.636 5.85479e-05 0 1 5.05495e-09 1.01584e-09
0.441472  419.636 5.85479e-05 0 1 5.04798e-09 1.01442e-09
0.448161  419.637 5.85478e-05 0 1 5.04091e-09 1.01297e-09
0.454849  419.637 5.85478e-05 0 1 5.03374e-09 1.01151e-09
0.461538  419.637 5.85477e-05 0 1 5.02647e-09 1.01003e-09
0.468227  419.637 5.85477e-05 0 1 5.01911e-09 1.00852e-09
0.474916  419.638 5.85477e-05 0 1 5.01164e-09 1.007e-09
0.481605  419.638 5.85476e-05 0 1 5.00408e-09 1.00545e-09
0.488294  419.638 5.85476e-05 0 1 4.99642e-09 1.00389e-09
0.494983  419.639 5.85476e-05 0 1 4.98866e-09 1.0023e-09
0.501672  419.639 5.85475e-05 0 1 4.9808e-09 1.0007e-09
0.508361  419.639 5.85475e-05 0 1 4.97284e-09 9.99077e-10
0.51505  419.639 5.85474e-05 0 1 4.96479e-09 9.97433e-10
0.521739  419.64 5.85474e-05 0 1 4.95665e-09 9.9577e-10
0.528428  419.64 5.85474e-05 0 1 4.9484e-09 9.94087e-10
0.535117  419.64 5.85473e-05 0 1 4.94006e-09 9.92385e-10
0.541806  419.641 5.85473e-05 0 1 4.93163e-09 9.90663e-10
0.548495  419.641 5.85472e-05 0 1 4.9231e-09 9.88922e-10
0.555184  419.641 5.85472e-05 0 1 4.91448e-09 9.87161e-10
0.561873  419.641 5.85472e-05 0 1 4.90576e-09 9.85382e-10
0.568562  419.642 5.85471e-05 0 1 4.89694e-09 9.83583e-10
0.575251  419.642 5.85471e-05 0 1 4.88804e-09 9.81765e-10
0.58194  419.642 5.8547e-05 0 1 4.87904e-09 9.79928e-10
0.588629  419.643 5.8547e-05 0 1 4.86995e-09 9.78072e-10
0.595318  419.643 5.85469e-05 0 1 4.86076e-09 9.76198e-10
0.602007  419.643 5.85469e-05 0 1 4.85148e-09 9.74304e-10
0.608696  419.644 5.85468e-05 0 1 4.84212e-09 9.72392e-10
0.615385  419.644 5.85468e-05 0 1 4.83266e-09 9.70461e-10
0.622074  419.644 5.85468e-05 0 1 4.8231e-09 9.68512e-10
0.628763  419.645 5.85467e-05 0 1 4.81346e-09 9.66545e-10
0.635452  419.645 5.85467e-05 0 1 4.80373e-09 9.64558e-10
0.64214  419.645 5.85466e-05 0 1 4.79391e-09 9.62554e-10
0.648829  419.646 5.85466e-05 0 1 4.784e-09 9.60532e-10
0.655518  419.646 5.85465e-05 0 1 4.774e-09 9.58491e-10
0.662207  419.646 5.85465e-05 0 1 4.76391e-09 9.56432e-10
0.668896  419.647 5.85464e-05 0 1 4.75373e-09 9.54356e-10
0.675585  419.647 5.85464e-05 0 1 4.74347e-09 9.52261e-10
0.682274  419.647 5.85463e-05 0 1 4.73312e-09 9.50149e-10
0.688963  419.648 5.85463e-05 0 1 4.72268e-09 9.48019e-10
0.695652  419.648 5.85463e-05 0 1 4.71215e-09 9.45871e-10
0.702341  419.648 5.85462e-05 0 1 4.70154e-09 9.43706e-10
0.70903  419.649 5.85462e-05 0 1 4.69084e-09 9.41524e-10
0.715719  419.649 5.85461e-05 0 1 4.68006e-09 9.39324e-10
0.722408  419.649 5.85461e-05 0 1 4.66919e-09 9.37107e-10
0.729097  419.65 5.8546e-05 0 1 4.65824e-09 9.34873e-10
0.735786  419.65 5.8546e-05 0 1 4.64721e-09 9.32622e-10
0.742475  419.65 5.85459e-05 0 1 4.63609e-09 9.30354e-10
0.749164  419.651 5.85459e-05 0 1 4.62489e-09 9.28068e-10
0.755853  419.651 5.85458e-05 0 1 4.6136e-09 9.25767e-10
0.762542  419.651 5.85458e-05 0 1 4.60224e-09 9.23448e-10
0.769231  419.652 5.85457e-05 0 1 4.59079e-09 9.21113e-10
0.77592  419.652 5.85457e-05 0 1 4.57926e-09 9.18761e-10
0.782609  419.652 5.85456e-05 0 1 4.56765e-09 9.16393e-10
0.789298  419.653 5.85456e-05 0 1 4.55596e-09 9.14009e-10
0.795987  419.653 5.85455e-05 0 1 4.54419e-09 9.11609e-10
0.802676  419.653 5.85455e-05 0 1 4.53234e-09 9.09192e-10
0.809365  419.654 5.85454e-05 0 1 4.52041e-09 9.0676e-10
0.816054  419.654 5.85454e-05 0 1 4.50841e-09 9.04311e-10
0.822742  419.655 5.85453e-05 0 1 4.49632e-09 9.01847e-10
0.829431  419.655 5.85453e-05 0 1 4.48416e-09 8.99367e-10
0.83612  419.655 5.85452e-05 0 1 4.47193e-09 8.96872e-10
0.842809  419.656 5.85452e-05 0 1 4.45961e-09 8.94361e-10
0.849498  419.656 5.85451e-05 0 1 4.44722e-09 8.91834e-10
0.856187  419.656 5.85451e-05 0 1 4.43476e-09 8.89293e-10
0.862876  419.657 5.8545e-05 0 1 4.42222e-09 8.86736e-10
0.869565  419.657 5.8545e-05 0 1 4.4096e-09 8.84164e-10
0.876254  419.657 5.85449e-05 0 1 4.39691e-09 8.81577e-10
0.882943  419.658 5.85449e-05 0 1 4.38415e-09 8.78975e-10
0.889632  419.658 5.85448e-05 0 1 4.37132e-09 8.76358e-10
0.896321  419.658 5.85448e-05 0 1 4.35841e-09 8.73727e-10
0.90301  419.659 5.85447e-05 0 1 4.34543e-09 8.71081e-10
0.909699  419.659 5.85447e-05 0 1 4.33239e-09 8.68422e-10
0.916388  419.66 5.85447e-05 0 0.999999 4.31926e-09 8.65746e-10
0.923077  419.66 5.85447e-05 0 0.999998 4.30606e-09 8.63055e-10
0.929766  419.66 5.85441e-05 0 1.00001 4.2928e-09 8.60354e-10
0.936455  419.661 5.85424e-05 0 1.00004 4.28009e-09 8.57758e-10
0.943144  419.661 5.85639e-05 0 0.999668 4.26514e-09 8.54719e-10
0.949833  419.661 5.84514e-05 0 1.00159 4.25908e-09 8.53461e-10
0.956522  419.662 5.8555e-05 0 0.999817 4.23917e-09 8.49416e-10
0.963211  419.662 5.86126e-05 0 0.998835 4.22031e-09 8.45595e-10
0.9699  419.662 5.85381e-05 0 1.0001 4.21092e-09 8.43676e-10
0.976589  419.663 5.85456e-05 0 0.999977 4.19815e-09 8.4106e-10
0.983278  419.663 5.85424e-05 0 1.00003 4.18441e-09 8.38263e-10
0.989967  419.663 5.85454e-05 0 0.999977 4.17031e-09 8.3539e-10
0.996656  419.664 5.85446e-05 0 0.999991 4.15644e-09 8.32564e-10
1.00334  419.664 5.85439e-05 0 1 4.1425e-09 8.29724e-10
1.01003  419.664 5.8544e-05 0 1 4.12844e-09 8.26859e-10
1.01672  419.665 5.85439e-05 0 1 4.11433e-09 8.23984e-10
1.02341  419.665 5.85438e-05 0 1 4.10015e-09 8.21095e-10
1.0301  419.666 5.85438e-05 0 1 4.08591e-09 8.18193e-10
1.03679  419.666 5.85437e-05 0 1 4.07161e-09 8.1528e-10
1.04348  419.666 5.85437e-05 0 1 4.05724e-09 8.12354e-10
1.05017  419.667 5.85437e-05 0 1 4.04282e-09 8.09416e-10
1.05686  419.667 5.85436e-05 0 1 4.02834e-09 8.06467e-10
1.06355  419.667 5.85436e-05 0 1 4.0138e-09 8.03505e-10
1.07023  419.668 5.85435e-05 0 1 3.9992e-09 8.00532e-10
1.07692  419.668 5.85435e-05 0 1 3.98455e-09 7.97547e-10
1.08361  419.668 5.85434e-05 0 1 3.96983e-09 7.9455e-10
1.0903  419.669 5.85434e-05 0 1 3.95507e-09 7.91543e-10
1.09699  419.669 5.85433e-05 0 1 3.94024e-09 7.88524e-10
1.10368  419.669 5.85433e-05 0 1 3.92536e-09 7.85493e-10
1.11037  419.67 5.85432e-05 0 1 3.91043e-09 7.82452e-10
1.11706  419.67 5.85432e-05 0 1 3.89544e-09 7.794e-10
1.12375  419.67 5.85431e-05 0 1 3.8804e-09 7.76337e-10
1.13043  419.671 5.85431e-05 0 1 3.8653e-09 7.73264e-10
1.13712  419.671 5.8543e-05 0 1 3.85015e-09 7.7018e-10
1.14381  419.671 5.8543e-05 0 1 3.83495e-09 7.67085e-10
1.1505  419.672 5.8543e-05 0 1 3.8197e-09 7.63981e-10
1.15719  419.672 5.85429e-05 0 1 3.8044e-09 7.60866e-10
1.16388  419.672 5.85429e-05 0 1 3.78905e-09 7.57741e-10
1.17057  419.673 5.85428e-05 0 1 3.77365e-09 7.54606e-10
1.17726  419.673 5.85428e-05 0 1 3.7582e-09 7.51462e-10
1.18395  419.673 5.85427e-05 0 1 3.7427e-09 7.48307e-10
1.19064  419.674 5.85427e-05 0 1 3.72716e-09 7.45144e-10
1.19732  419.674 5.85426e-05 0 1 3.71157e-09 7.4197e-10
1.20401  419.674 5.85426e-05 0 1 3.69593e-09 7.38788e-10
1.2107  419.674 5.85426e-05 0 1 3.68024e-09 7.35596e-10
1.21739  419.675 5.85425e-05 0 1 3.66452e-09 7.32395e-10
1.22408  419.675 5.85425e-05 0 1 3.64874e-09 7.29186e-10
1.23077  419.675 5.85424e-05 0 1 3.63292e-09 7.25967e-10
1.23746  419.676 5.85424e-05 0 1 3.61706e-09 7.2274e-10
1.24415  419.676 5.85423e-05 0 1 3.60116e-09 7.19504e-10
1.25084  419.676 5.85423e-05 0 1 3.58521e-09 7.1626e-10
1.25753  419.677 5.85423e-05 0 1 3.56923e-09 7.13008e-10
1.26421  419.677 5.85422e-05 0 1 3.5532e-09 7.09747e-10
1.2709  419.677 5.85422e-05 0 1 3.53713e-09 7.06478e-10
1.27759  419.677 5.85421e-05 0 1 3.52102e-09 7.03202e-10
1.28428  419.678 5.85421e-05 0 1 3.50487e-09 6.99917e-10
1.29097  419.678 5.85421e-05 0 1 3.48869e-09 6.96625e-10
1.29766  419.678 5.8542e-05 0 1 3.47246e-09 6.93326e-10
1.30435  419.679 5.8542e-05 0 1 3.4562e-09 6.90019e-10
1.31104  419.679 5.85419e-05 0 1 3.4399e-09 6.86704e-10
1.31773  419.679 5.85419e-05 0 1 3.42357e-09 6.83383e-10
1.32441  419.679 5.85419e-05 0 1 3.4072e-09 6.80054e-10
1.3311  419.68 5.85418e-05 0 1 3.39079e-09 6.76719e-10
1.33779  419.68 5.85418e-05 0 1 3.37436e-09 6.73377e-10
1.34448  419.68 5.85418e-05 0 1 3.35788e-09 6.70028e-10
1.35117  419.68 5.85417e-05 0 1 3.34138e-09 6.66673e-10
1.35786  419.681 5.85417e-05 0 1 3.32484e-09 6.63311e-10
1.36455  419.681 5.85416e-05 0 1 3.30828e-09 6.59943e-10
1.37124  419.681 5.85416e-05 0 1 3.29169e-09 6.5657e-10
1.37793  419.682 5.85416e-05 0 1 3.27509e-09 6.53194e-10
1.38462  419.682 5.85415e-05 0 1 3.25849e-09 6.49816e-10
1.3913  419.682 5.85415e-05 0 1 3.24189e-09 6.46438e-10
1.39799  419.682 5.85415e-05 0 1 3.2253e-09 6.43062e-10
1.40468  419.683 5.85414e-05 0 1 3.20873e-09 6.39689e-10
1.41137  419.683 5.85413e-05 0 1 3.19219e-09 6.3632e-10
1.41806  419.683 5.85414e-05 0 1 3.17567e-09 6.32957e-10
1.42475  419.683 5.85414e-05 0 0.999999 3.15919e-09 6.29601e-10
1.43144  419.683 5.85413e-05 0 1 3.14276e-09 6.26254e-10
1.43813  419.684 5.85413e-05 0 1 3.12638e-09 6.22917e-10
1.44482  419.684 5.85412e-05 0 1 3.11006e-09 6.19591e-10
1.45151  419.684 5.85412e-05 0 1 3.09381e-09 6.16278e-10
1.45819  419.684 5.85412e-05 0 1 3.07762e-09 6.12979e-10
1.46488  419.685 5.85411e-05 0 1 3.06151e-09 6.09695e-10
1.47157  419.685 5.85411e-05 0 1 3.04548e-09 6.06427e-10
1.47826  419.685 5.85411e-05 0 1 3.02955e-09 6.03178e-10
1.48495  419.685 5.8541e-05 0 1 3.0137e-09 5.99946e-10
1.49164  419.685 5.8541e-05 0 1 2.99796e-09 5.96735e-10
1.49833  419.686 5.8541e-05 0 1 2.98232e-09 5.93545e-10
1.50502  419.686 5.8541e-05 0 1 2.96679e-09 5.90377e-10
1.51171  419.686 5.8541e-05 0 0.999999 2.95138e-09 5.87232e-10
1.51839  419.686 5.85408e-05 0 1 2.93609e-09 5.84113e-10
1.52508  419.686 5.85409e-05 0 0.999999 2.92092e-09 5.81017e-10
1.53177  419.687 5.85407e-05 0 1 2.90589e-09 5.77949e-10
1.53846  419.687 5.8541e-05 0 0.999996 2.89098e-09 5.74906e-10
1.54515  419.687 5.85405e-05 0 1.00001 2.87623e-09 5.71895e-10
1.55184  419.687 5.85412e-05 0 0.999993 2.86161e-09 5.6891e-10
1.55853  419.687 5.85403e-05 0 1.00001 2.84713e-09 5.65955e-10
1.56522  419.688 5.85412e-05 0 0.999992 2.83284e-09 5.63036e-10
1.57191  419.688 5.85402e-05 0 1.00001 2.81864e-09 5.60136e-10
1.5786  419.688 5.85411e-05 0 0.999993 2.80471e-09 5.57291e-10
1.58528  419.688 5.85402e-05 0 1.00001 2.7908e-09 5.54449e-10
1.59197  419.688 5.8541e-05 0 0.999994 2.77723e-09 5.51678e-10
1.59866  419.688 5.85402e-05 0 1.00001 2.76364e-09 5.48902e-10
1.60535  419.689 5.85411e-05 0 0.999992 2.75042e-09 5.46201e-10
1.61204  419.689 5.85401e-05 0 1.00001 2.73721e-09 5.43502e-10
1.61873  419.689 5.85409e-05 0 0.999993 2.72432e-09 5.40868e-10
1.62542  419.689 5.85402e-05 0 1.00001 2.71151e-09 5.38251e-10
1.63211  419.689 5.85407e-05 0 0.999996 2.69897e-09 5.35687e-10
1.6388  419.689 5.85403e-05 0 1 2.68657e-09 5.33153e-10
1.64548  419.69 5.85405e-05 0 0.999999 2.6744e-09 5.30664e-10
1.65217  419.69 5.85404e-05 0 1 2.6624e-09 5.28213e-10
1.65886  419.69 5.85404e-05 0 1 2.65062e-09 5.25804e-10
1.66555  419.69 5.85404e-05 0 1 2.63904e-09 5.23436e-10
1.67224  419.69 5.85404e-05 0 1 2.62766e-09 5.21111e-10
1.67893  419.69 5.85404e-05 0 1 2.61649e-09 5.18827e-10
1.68562  419.69 5.85403e-05 0 1 2.60554e-09 5.16587e-10
1.69231  419.69 5.85403e-05 0 1 2.5948e-09 5.14391e-10
1.699  419.691 5.85403e-05 0 1 2.58427e-09 5.12239e-10
1.70569  419.691 5.85403e-05 0 1 2.57396e-09 5.10131e-10
1.71237  419.691 5.85403e-05 0 1 2.56388e-09 5.08067e-10
1.71906  419.691 5.85403e-05 0 1 2.55401e-09 5.06049e-10
1.72575  419.691 5.85402e-05 0 1 2.54437e-09 5.04077e-10
1.73244  419.691 5.85402e-05 0 1 2.53495e-09 5.02151e-10
1.73913  419.691 5.85402e-05 0 1 2.52576e-09 5.00271e-10
1.74582  419.691 5.85402e-05 0 1 2.5168e-09 4.98437e-10
1.75251  419.691 5.85402e-05 0 1 2.50806e-09 4.96651e-10
1.7592  419.692 5.85402e-05 0 1 2.49956e-09 4.94912e-10
1.76589  419.692 5.85402e-05 0 1 2.49129e-09 4.9322e-10
1.77258  419.692 5.85401e-05 0 1 2.48326e-09 4.91576e-10
1.77926  419.692 5.85401e-05 0 1 2.47545e-09 4.89979e-10
1.78595  419.692 5.85401e-05 0 1 2.46789e-09 4.88431e-10
1.79264  419.692 5.85401e-05 0 1 2.46056e-09 4.86931e-10
1.79933  419.692 5.85401e-05 0 1 2.45347e-09 4.8548e-10
1.80602  419.692 5.85401e-05 0 1 2.44661e-09 4.84077e-10
1.81271  419.692 5.85401e-05 0 1 2.44e-09 4.82724e-10
1.8194  419.692 5.85401e-05 0 1 2.43362e-09 4.81419e-10
1.82609  419.692 5.85401e-05 0 1 2.42748e-09 4.80163e-10
1.83278  419.692 5.854e-05 0 1 2.42158e-09 4.78956e-10
1.83946  419.693 5.854e-05 0 1 2.41593e-09 4.77798e-10
1.84615  419.693 5.854e-05 0 1 2.41051e-09 4.76689e-10
1.85284  419.693 5.854e-05 0 1 2.40533e-09 4.7563e-10
1.85953  419.693 5.854e-05 0 1 2.4004e-09 4.7462e-10
1.86622  419.693 5.854e-05 0 1 2.3957e-09 4.73659e-10
1.87291  419.693 5.854e-05 0 1 2.39125e-09 4.72747e-10
1.8796  419.693 5.85399e-05 0 1 2.38704e-09 4.71885e-10
1.88629  419.693 5.854e-05 0 1 2.38306e-09 4.71071e-10
1.89298  419.693 5.85401e-05 0 0.999999 2.37933e-09 4.70306e-10
1.89967  419.693 5.854e-05 0 1 2.37583e-09 4.69592e-10
1.90635  419.693 5.854e-05 0 1 2.37258e-09 4.68925e-10
1.91304  419.693 5.854e-05 0 1 2.36956e-09 4.68308e-10
1.91973  419.693 5.854e-05 0 1 2.36678e-09 4.67739e-10
1.92642  419.693 5.854e-05 0 1 2.36424e-09 4.67218e-10
1.93311  419.693 5.85399e-05 0 1 2.36194e-09 4.66746e-10
1.9398  419.693 5.85399e-05 0 1 2.35986e-09 4.66322e-10
1.94649  419.693 5.85399e-05 0 1 2.35803e-09 4.65947e-10
1.95318  419.693 5.85399e-05 0 1 2.35643e-09 4.65619e-10
1.95987  419.693 5.85399e-05 0 1 2.35506e-09 4.65338e-10
1.96656  419.693 5.85399e-05 0 1 2.35392e-09 4.65105e-10
1.97324  419.693 5.85399e-05 0 1 2.35301e-09 4.64919e-10
1.97993  419.693 5.85399e-05 0 1 2.35233e-09 4.6478e-10
1.98662  419.693 5.85399e-05 0 1 2.35188e-09 4.64688e-10
1.99331  419.693 5.85399e-05 0 1 2.35166e-09 4.64642e-10
2  419.693 5.85399e-05 0 1 2.35166e-09 4.64642e-10
