TITLE="Graphics"
VARIABLES= "x", "T", "rho", "u",, "Y_H2", "Y_O2", "Y_N2"
0  400 6.1422e-05 0 1 0 0
0.0134228  400 6.10122e-05 0 1.00672 4.23412e-09 8.37199e-09
0.0268456  400 6.10988e-05 0 1.00529 4.93134e-09 9.81915e-09
0.0402685  400 6.1095e-05 0 1.00535 6.35105e-09 1.27818e-08
0.0536913  400 6.21254e-05 0 0.988679 8.61421e-09 1.75546e-08
0.0671141  400 6.1161e-05 0 1.00427 1.26715e-08 2.61696e-08
0.0805369  400 6.14017e-05 0 1.00033 1.89298e-08 3.96352e-08
0.0939597  400 6.14436e-05 0 0.99965 2.89875e-08 6.1538e-08
0.107383  400 6.12033e-05 0 1.00357 4.53056e-08 9.75224e-08
0.120805  400 6.14767e-05 0 0.999111 7.09266e-08 1.54801e-07
0.134228  400 6.14685e-05 0 0.999243 1.12195e-07 2.48271e-07
0.147651  400 6.13666e-05 0 1.0009 1.78523e-07 4.00525e-07
0.161074  400 6.16076e-05 0 0.996987 2.82874e-07 6.43401e-07
0.174497  400 6.14033e-05 0 1.0003 4.51523e-07 1.04111e-06
0.187919  400 6.1226e-05 0 1.0032 7.20367e-07 1.68378e-06
0.201342  400 6.1477e-05 0 0.999105 1.13799e-06 2.69614e-06
0.214765  400 6.14633e-05 0 0.999328 1.79784e-06 4.31698e-06
0.228188  400 6.1466e-05 0 0.999285 2.82744e-06 6.88026e-06
0.241611  400 6.13631e-05 0 1.00096 4.43228e-06 1.09287e-05
0.255034  400 6.14809e-05 0 0.999041 6.88033e-06 1.71878e-05
0.268456  400 6.13854e-05 0 1.00059 1.06436e-05 2.69336e-05
0.281879  400 6.14158e-05 0 1.0001 1.63108e-05 4.1802e-05
0.295302  400 6.13902e-05 0 1.00051 2.48113e-05 6.43864e-05
0.308725  400 6.14758e-05 0 0.999115 3.73334e-05 9.80746e-05
0.322148  400 6.14348e-05 0 0.999777 5.57534e-05 0.000148226
0.33557  400 6.14372e-05 0 0.999732 8.23799e-05 0.000221584
0.348993  400 6.14491e-05 0 0.999529 0.000120414 0.000327573
0.362416  400 6.14613e-05 0 0.999316 0.000174058 0.00047871
0.375839  400 6.14756e-05 0 0.999064 0.000248701 0.000691237
0.389262  400 6.14985e-05 0 0.998664 0.0003511 0.000985725
0.402685  400 6.15295e-05 0 0.998123 0.00048959 0.00138779
0.416107  400 6.15711e-05 0 0.997397 0.000674185 0.0019285
0.42953  400 6.16262e-05 0 0.996439 0.000916652 0.00264467
0.442953  400 6.16981e-05 0 0.995191 0.0012305 0.00357885
0.456376  400 6.17905e-05 0 0.99359 0.00163083 0.00477905
0.469799  400 6.19077e-05 0 0.991568 0.00213415 0.00629805
0.483221  400 6.20542e-05 0 0.98905 0.00275796 0.00819233
0.496644  400 6.22349e-05 0 0.985959 0.00352028 0.0105205
0.510067  400 6.24551e-05 0 0.98222 0.00443896 0.0133413
0.52349  400 6.27198e-05 0 0.977758 0.005531 0.0167113
0.536913  400 6.30342e-05 0 0.972506 0.00681167 0.0206823
0.550336  400 6.34033e-05 0 0.966408 0.00829371 0.0252985
0.563758  400 6.38317e-05 0 0.959419 0.00998657 0.030594
0.577181  400 6.43233e-05 0 0.951513 0.0118958 0.0365908
0.590604  400 6.48816e-05 0 0.94268 0.0140228 0.0432973
0.604027  400 6.55093e-05 0 0.932928 0.0163645 0.0507077
0.61745  400 6.62085e-05 0 0.922284 0.0189139 0.0588025
0.630872  400 6.69803e-05 0 0.91079 0.0216601 0.0675498
0.644295  400 6.78256e-05 0 0.898504 0.0245893 0.0769068
0.657718  400 6.87444e-05 0 0.885492 0.0276857 0.0868226
0.671141  400 6.97364e-05 0 0.871827 0.0309319 0.0972408
0.684564  400 7.08012e-05 0 0.857587 0.0343101 0.108102
0.697987  400 7.1938e-05 0 0.842849 0.0378029 0.119348
0.711409  400 7.31464e-05 0 0.827685 0.0413934 0.130922
0.724832  400 7.44259e-05 0 0.812164 0.0450665 0.14277
0.738255  400 7.57767e-05 0 0.796348 0.0488083 0.154844
0.751678  400 7.71991e-05 0 0.780292 0.0526069 0.167101
0.765101  400 7.86941e-05 0 0.764042 0.0564521 0.179506
0.778523  400 8.02632e-05 0 0.747637 0.0603352 0.192027
0.791946  400 8.19086e-05 0 0.731111 0.0642494 0.20464
0.805369  400 8.3633e-05 0 0.714488 0.068189 0.217323
0.818792  400 8.544e-05 0 0.69779 0.0721496 0.230061
0.832215  400 8.73337e-05 0 0.681031 0.0761281 0.242841
0.845638  400 8.93192e-05 0 0.664223 0.0801219 0.255655
0.85906  400 9.14022e-05 0 0.647376 0.0841295 0.268495
0.872483  400 9.35892e-05 0 0.630493 0.0881496 0.281357
0.885906  400 9.58877e-05 0 0.61358 0.0921817 0.294238
0.899329  400 9.83061e-05 0 0.596639 0.0962257 0.307135
0.912752  400 0.000100854 0 0.57967 0.100281 0.320049
0.926174  400 0.000103542 0 0.562673 0.10435 0.332977
0.939597  400 0.000106382 0 0.545649 0.10843 0.345921
0.95302  400 0.000109387 0 0.528595 0.112525 0.35888
0.966443  400 0.000112573 0 0.511511 0.116633 0.371856
0.979866  400 0.000115957 0 0.494394 0.120757 0.384849
0.993289  400 0.000119558 0 0.477244 0.124897 0.39786
1.00671  400 0.000123398 0 0.460056 0.129054 0.41089
1.02013  400 0.000127502 0 0.44283 0.133228 0.423941
1.03356  400 0.0001319 0 0.425565 0.137421 0.437014
1.04698  400 0.000136623 0 0.408259 0.141633 0.450109
1.0604  400 0.000141709 0 0.390912 0.145861 0.463226
1.07383  400 0.000147201 0 0.373527 0.150106 0.476366
1.08725  400 0.000153148 0 0.356109 0.154364 0.489527
1.10067  400 0.000159606 0 0.338665 0.158629 0.502706
1.11409  400 0.000166638 0 0.321209 0.162893 0.515898
1.12752  400 0.000174315 0 0.303757 0.167147 0.529097
1.14094  400 0.000182719 0 0.286334 0.171374 0.542292
1.15436  400 0.00019194 0 0.268973 0.175556 0.555471
1.16779  400 0.000202078 0 0.251714 0.179669 0.568617
1.18121  400 0.000213242 0 0.234605 0.183686 0.581709
1.19463  400 0.00022555 0 0.217706 0.187573 0.594721
1.20805  400 0.000239127 0 0.201081 0.191298 0.607622
1.22148  400 0.000254105 0 0.184801 0.194824 0.620375
1.2349  400 0.000270614 0 0.168943 0.19812 0.632937
1.24832  400 0.000288784 0 0.153584 0.201159 0.645257
1.26174  400 0.000308732 0 0.138802 0.203922 0.657275
1.27517  400 0.000330558 0 0.124672 0.206406 0.668922
1.28859  400 0.00035433 0 0.11126 0.208618 0.680121
1.30201  400 0.000380072 0 0.0986281 0.210587 0.690785
1.31544  400 0.00040775 0 0.0868245 0.212353 0.700822
1.32886  400 0.00043726 0 0.0758858 0.213974 0.71014
1.34228  400 0.000468411 0 0.0658342 0.215511 0.718655
1.3557  400 0.000500928 0 0.056677 0.217026 0.726297
1.36913  400 0.000534439 0 0.0484072 0.218569 0.733024
1.38255  400 0.000568491 0 0.0410047 0.220167 0.738829
1.39597  400 0.000602562 0 0.0344377 0.221817 0.743746
1.4094  400 0.000636084 0 0.0286653 0.223488 0.747846
1.42282  400 0.000668479 0 0.0236388 0.225128 0.751233
1.43624  400 0.000699193 0 0.0193045 0.226673 0.754023
1.44966  400 0.000727737 0 0.0156051 0.228063 0.756332
1.46309  400 0.000753723 0 0.0124811 0.229258 0.758261
1.47651  400 0.000776888 0 0.00987222 0.230238 0.75989
1.48993  400 0.000797106 0 0.00771882 0.231007 0.761274
1.50336  400 0.000814384 0 0.00596286 0.231587 0.76245
1.51678  400 0.000828845 0 0.00454899 0.232008 0.763443
1.5302  400 0.000840704 0 0.00342545 0.232304 0.764271
1.54362  400 0.000850236 0 0.0025448 0.232507 0.764949
1.55705  400 0.000857748 0 0.0018644 0.232644 0.765492
1.57047  400 0.000863554 0 0.00134653 0.232736 0.765918
1.58389  400 0.000867955 0 0.000958472 0.232797 0.766245
1.59732  400 0.000871229 0 0.000672316 0.232837 0.76649
1.61074  400 0.000873619 0 0.000464726 0.232864 0.766671
1.62416  400 0.000875333 0 0.000316591 0.232882 0.766801
1.63758  400 0.00087654 0 0.000212605 0.232895 0.766893
1.65101  400 0.000877375 0 0.000140785 0.232903 0.766957
1.66443  400 0.000877944 0 9.19629e-05 0.232908 0.767
1.67785  400 0.000878325 0 5.92826e-05 0.232911 0.767029
1.69128  400 0.000878577 0 3.77318e-05 0.232914 0.767049
1.7047  400 0.00087874 0 2.37229e-05 0.232915 0.767061
1.71812  400 0.000878845 0 1.47411e-05 0.232916 0.767069
1.73154  400 0.000878912 0 9.05773e-06 0.232917 0.767074
1.74497  400 0.000878953 0 5.50628e-06 0.232917 0.767078
1.75839  400 0.000878979 0 3.31333e-06 0.232917 0.76708
1.77181  400 0.000878994 0 1.97448e-06 0.232917 0.767081
1.78523  400 0.000879004 0 1.16581e-06 0.232917 0.767081
1.79866  400 0.000879009 0 6.82318e-07 0.232917 0.767082
1.81208  400 0.000879013 0 3.96025e-07 0.232917 0.767082
1.8255  400 0.000879015 0 2.28042e-07 0.232917 0.767082
1.83893  400 0.000879016 0 1.30327e-07 0.232917 0.767082
1.85235  400 0.000879016 0 7.39517e-08 0.232918 0.767082
1.86577  400 0.000879017 0 4.16782e-08 0.232918 0.767082
1.87919  400 0.000879017 0 2.33383e-08 0.232918 0.767082
1.89262  400 0.000879017 0 1.29892e-08 0.232918 0.767082
1.90604  400 0.000879017 0 7.18836e-09 0.232918 0.767082
1.91946  400 0.000879017 0 3.95831e-09 0.232918 0.767082
1.93289  400 0.000879017 0 2.17241e-09 0.232918 0.767082
1.94631  400 0.000879017 0 1.19424e-09 0.232918 0.767082
1.95973  400 0.000879017 0 6.68211e-10 0.232918 0.767082
1.97315  400 0.000879017 0 3.99527e-10 0.232918 0.767082
1.98658  400 0.000879017 0 2.86931e-10 0.232918 0.767082
2  400 0.000879017 0 2.86931e-10 0.232918 0.767082
