TITLE="Graphics"
VARIABLES= "x", "T", "rho", "u",, "Y_H2", "Y_O2", "Y_N2"
0  400 6.1422e-05 0 1 0 0
0.00668896  419.615 5.85509e-05 0 1 6.49348e-09 1.31163e-09
0.0133779  419.615 5.85509e-05 0 1 6.49324e-09 1.31158e-09
0.0200669  419.615 5.85509e-05 0 1 6.49281e-09 1.31149e-09
0.0267559  419.615 5.85509e-05 0 1 6.4922e-09 1.31136e-09
0.0334448  419.615 5.85509e-05 0 1 6.4914e-09 1.3112e-09
0.0401338  419.615 5.85509e-05 0 1 6.49042e-09 1.311e-09
0.0468227  419.615 5.85509e-05 0 1 6.48927e-09 1.31076e-09
0.0535117  419.615 5.85509e-05 0 1 6.48793e-09 1.31049e-09
0.0602007  419.615 5.85509e-05 0 1 6.48641e-09 1.31018e-09
0.0668896  419.615 5.85509e-05 0 1 6.48472e-09 1.30983e-09
0.0735786  419.615 5.85508e-05 0 1 6.48284e-09 1.30944e-09
0.0802676  419.615 5.85508e-05 0 1 6.48079e-09 1.30902e-09
0.0869565  419.615 5.85508e-05 0 1 6.47856e-09 1.30857e-09
0.0936455  419.615 5.85508e-05 0 1 6.47615e-09 1.30807e-09
0.100334  419.615 5.85508e-05 0 1 6.47356e-09 1.30754e-09
0.107023  419.615 5.85508e-05 0 1 6.47079e-09 1.30697e-09
0.113712  419.615 5.85508e-05 0 1 6.46784e-09 1.30637e-09
0.120401  419.616 5.85508e-05 0 1 6.46472e-09 1.30573e-09
0.12709  419.616 5.85508e-05 0 1 6.46142e-09 1.30505e-09
0.133779  419.616 5.85507e-05 0 1 6.45794e-09 1.30434e-09
0.140468  419.616 5.85507e-05 0 1 6.45428e-09 1.30359e-09
0.147157  419.616 5.85507e-05 0 1 6.45045e-09 1.3028e-09
0.153846  419.616 5.85507e-05 0 1 6.44644e-09 1.30198e-09
0.160535  419.616 5.85507e-05 0 1 6.44225e-09 1.30112e-09
0.167224  419.616 5.85507e-05 0 1 6.43789e-09 1.30022e-09
0.173913  419.616 5.85506e-05 0 1 6.43335e-09 1.29929e-09
0.180602  419.617 5.85506e-05 0 1 6.42863e-09 1.29832e-09
0.187291  419.617 5.85506e-05 0 1 6.42374e-09 1.29732e-09
0.19398  419.617 5.85506e-05 0 1 6.41867e-09 1.29628e-09
0.200669  419.617 5.85506e-05 0 1 6.41343e-09 1.29521e-09
0.207358  419.617 5.85505e-05 0 1 6.40802e-09 1.29409e-09
0.214047  419.617 5.85505e-05 0 1 6.40242e-09 1.29295e-09
0.220736  419.618 5.85505e-05 0 1 6.39666e-09 1.29176e-09
0.227425  419.618 5.85505e-05 0 1 6.39072e-09 1.29055e-09
0.234114  419.618 5.85504e-05 0 1 6.38461e-09 1.28929e-09
0.240803  419.618 5.85504e-05 0 1 6.37832e-09 1.288e-09
0.247492  419.618 5.85504e-05 0 1 6.37186e-09 1.28668e-09
0.254181  419.619 5.85504e-05 0 1 6.36523e-09 1.28532e-09
0.26087  419.619 5.85503e-05 0 1 6.35842e-09 1.28392e-09
0.267559  419.619 5.85503e-05 0 1 6.35145e-09 1.28249e-09
0.274247  419.619 5.85503e-05 0 1 6.3443e-09 1.28102e-09
0.280936  419.619 5.85502e-05 0 1 6.33698e-09 1.27952e-09
0.287625  419.62 5.85502e-05 0 1 6.32949e-09 1.27799e-09
0.294314  419.62 5.85502e-05 0 1 6.32183e-09 1.27642e-09
0.301003  419.62 5.85501e-05 0 1 6.314e-09 1.27481e-09
0.307692  419.62 5.85501e-05 0 1 6.306e-09 1.27317e-09
0.314381  419.62 5.85501e-05 0 1 6.29783e-09 1.27149e-09
0.32107  419.621 5.855e-05 0 1 6.28949e-09 1.26978e-09
0.327759  419.621 5.855e-05 0 1 6.28099e-09 1.26804e-09
0.334448  419.621 5.855e-05 0 1 6.27232e-09 1.26626e-09
0.341137  419.621 5.85499e-05 0 1 6.26347e-09 1.26445e-09
0.347826  419.622 5.85499e-05 0 1 6.25447e-09 1.2626e-09
0.354515  419.622 5.85499e-05 0 1 6.24529e-09 1.26072e-09
0.361204  419.622 5.85498e-05 0 1 6.23595e-09 1.2588e-09
0.367893  419.623 5.85498e-05 0 1 6.22645e-09 1.25685e-09
0.374582  419.623 5.85498e-05 0 1 6.21678e-09 1.25487e-09
0.381271  419.623 5.85497e-05 0 1 6.20694e-09 1.25286e-09
0.38796  419.623 5.85497e-05 0 1 6.19695e-09 1.2508e-09
0.394649  419.624 5.85496e-05 0 1 6.18679e-09 1.24872e-09
0.401338  419.624 5.85496e-05 0 1 6.17646e-09 1.2466e-09
0.408027  419.624 5.85496e-05 0 1 6.16598e-09 1.24445e-09
0.414716  419.625 5.85495e-05 0 1 6.15533e-09 1.24227e-09
0.421405  419.625 5.85495e-05 0 1 6.14452e-09 1.24005e-09
0.428094  419.625 5.85494e-05 0 1 6.13355e-09 1.23781e-09
0.434783  419.625 5.85494e-05 0 1 6.12242e-09 1.23552e-09
0.441472  419.626 5.85493e-05 0 1 6.11113e-09 1.23321e-09
0.448161  419.626 5.85493e-05 0 1 6.09968e-09 1.23086e-09
0.454849  419.626 5.85493e-05 0 1 6.08808e-09 1.22848e-09
0.461538  419.627 5.85492e-05 0 1 6.07632e-09 1.22607e-09
0.468227  419.627 5.85492e-05 0 1 6.0644e-09 1.22363e-09
0.474916  419.627 5.85491e-05 0 1 6.05232e-09 1.22115e-09
0.481605  419.628 5.85491e-05 0 1 6.04009e-09 1.21864e-09
0.488294  419.628 5.8549e-05 0 1 6.0277e-09 1.2161e-09
0.494983  419.628 5.8549e-05 0 1 6.01516e-09 1.21353e-09
0.501672  419.629 5.85489e-05 0 1 6.00247e-09 1.21093e-09
0.508361  419.629 5.85489e-05 0 1 5.98962e-09 1.2083e-09
0.51505  419.629 5.85488e-05 0 1 5.97662e-09 1.20563e-09
0.521739  419.63 5.85488e-05 0 1 5.96347e-09 1.20294e-09
0.528428  419.63 5.85487e-05 0 1 5.95017e-09 1.20021e-09
0.535117  419.631 5.85487e-05 0 1 5.93672e-09 1.19745e-09
0.541806  419.631 5.85486e-05 0 1 5.92312e-09 1.19467e-09
0.548495  419.631 5.85486e-05 0 1 5.90937e-09 1.19185e-09
0.555184  419.632 5.85485e-05 0 1 5.89547e-09 1.189e-09
0.561873  419.632 5.85485e-05 0 1 5.88143e-09 1.18612e-09
0.568562  419.632 5.85484e-05 0 1 5.86723e-09 1.18321e-09
0.575251  419.633 5.85484e-05 0 1 5.8529e-09 1.18027e-09
0.58194  419.633 5.85483e-05 0 1 5.83842e-09 1.17731e-09
0.588629  419.634 5.85483e-05 0 1 5.82379e-09 1.17431e-09
0.595318  419.634 5.85482e-05 0 1 5.80902e-09 1.17128e-09
0.602007  419.634 5.85482e-05 0 1 5.79411e-09 1.16822e-09
0.608696  419.635 5.85481e-05 0 1 5.77905e-09 1.16514e-09
0.615385  419.635 5.8548e-05 0 1 5.76386e-09 1.16203e-09
0.622074  419.636 5.8548e-05 0 1 5.74852e-09 1.15888e-09
0.628763  419.636 5.85479e-05 0 1 5.73304e-09 1.15571e-09
0.635452  419.636 5.85479e-05 0 1 5.71743e-09 1.15251e-09
0.64214  419.637 5.85478e-05 0 1 5.70168e-09 1.14929e-09
0.648829  419.637 5.85478e-05 0 1 5.68579e-09 1.14603e-09
0.655518  419.638 5.85477e-05 0 1 5.66976e-09 1.14275e-09
0.662207  419.638 5.85476e-05 0 1 5.6536e-09 1.13944e-09
0.668896  419.638 5.85476e-05 0 1 5.63731e-09 1.1361e-09
0.675585  419.639 5.85475e-05 0 1 5.62088e-09 1.13273e-09
0.682274  419.639 5.85475e-05 0 1 5.60432e-09 1.12934e-09
0.688963  419.64 5.85474e-05 0 1 5.58762e-09 1.12592e-09
0.695652  419.64 5.85474e-05 0 1 5.5708e-09 1.12247e-09
0.702341  419.64 5.85473e-05 0 1 5.55385e-09 1.119e-09
0.70903  419.641 5.85472e-05 0 1 5.53676e-09 1.1155e-09
0.715719  419.641 5.85472e-05 0 1 5.51955e-09 1.11197e-09
0.722408  419.642 5.85471e-05 0 1 5.50221e-09 1.10842e-09
0.729097  419.642 5.85471e-05 0 1 5.48474e-09 1.10485e-09
0.735786  419.643 5.8547e-05 0 1 5.46715e-09 1.10124e-09
0.742475  419.643 5.85469e-05 0 1 5.44943e-09 1.09761e-09
0.749164  419.643 5.85469e-05 0 1 5.43159e-09 1.09396e-09
0.755853  419.644 5.85468e-05 0 1 5.41363e-09 1.09028e-09
0.762542  419.644 5.85468e-05 0 1 5.39554e-09 1.08658e-09
0.769231  419.645 5.85467e-05 0 1 5.37734e-09 1.08285e-09
0.77592  419.645 5.85466e-05 0 1 5.35901e-09 1.0791e-09
0.782609  419.646 5.85466e-05 0 1 5.34057e-09 1.07532e-09
0.789298  419.646 5.85465e-05 0 1 5.322e-09 1.07152e-09
0.795987  419.646 5.85465e-05 0 1 5.30332e-09 1.06769e-09
0.802676  419.647 5.85464e-05 0 1 5.28452e-09 1.06385e-09
0.809365  419.647 5.85463e-05 0 1 5.26561e-09 1.05997e-09
0.816054  419.648 5.85463e-05 0 1 5.24659e-09 1.05608e-09
0.822742  419.648 5.85462e-05 0 1 5.22745e-09 1.05216e-09
0.829431  419.649 5.85462e-05 0 1 5.20819e-09 1.04822e-09
0.83612  419.649 5.85461e-05 0 1 5.18883e-09 1.04425e-09
0.842809  419.65 5.8546e-05 0 1 5.16936e-09 1.04027e-09
0.849498  419.65 5.8546e-05 0 1 5.14977e-09 1.03626e-09
0.856187  419.65 5.85459e-05 0 1 5.13008e-09 1.03223e-09
0.862876  419.651 5.85458e-05 0 1 5.11028e-09 1.02818e-09
0.869565  419.651 5.85458e-05 0 1 5.09038e-09 1.0241e-09
0.876254  419.652 5.85457e-05 0 1 5.07037e-09 1.02001e-09
0.882943  419.652 5.85457e-05 0 1 5.05026e-09 1.01589e-09
0.889632  419.653 5.85456e-05 0 1 5.03004e-09 1.01175e-09
0.896321  419.653 5.85455e-05 0 1 5.00972e-09 1.0076e-09
0.90301  419.653 5.85455e-05 0 1 4.9893e-09 1.00342e-09
0.909699  419.654 5.85454e-05 0 1 4.96878e-09 9.99219e-10
0.916388  419.654 5.85454e-05 0 0.999999 4.94816e-09 9.94999e-10
0.923077  419.655 5.85454e-05 0 0.999998 4.92743e-09 9.90758e-10
0.929766  419.655 5.85448e-05 0 1.00001 4.90661e-09 9.865e-10
0.936455  419.656 5.85431e-05 0 1.00004 4.88645e-09 9.82368e-10
0.943144  419.656 5.85649e-05 0 0.999663 4.86342e-09 9.77667e-10
0.949833  419.657 5.84522e-05 0 1.00159 4.85083e-09 9.75065e-10
0.956522  419.657 5.85556e-05 0 0.999818 4.8227e-09 9.69321e-10
0.963211  419.657 5.8613e-05 0 0.998838 4.7954e-09 9.6377e-10
0.9699  419.658 5.85386e-05 0 1.00011 4.77872e-09 9.60353e-10
0.976589  419.658 5.85462e-05 0 0.999977 4.75842e-09 9.56183e-10
0.983278  419.659 5.8543e-05 0 1.00003 4.7369e-09 9.51783e-10
0.989967  419.659 5.8546e-05 0 0.999977 4.71499e-09 9.47304e-10
0.996656  419.66 5.85451e-05 0 0.999991 4.69334e-09 9.42875e-10
1.00334  419.66 5.85445e-05 0 1 4.6716e-09 9.38428e-10
1.01003  419.66 5.85445e-05 0 1 4.6497e-09 9.3395e-10
1.01672  419.661 5.85444e-05 0 1 4.62773e-09 9.29458e-10
1.02341  419.661 5.85444e-05 0 1 4.60567e-09 9.24948e-10
1.0301  419.662 5.85443e-05 0 1 4.58353e-09 9.20422e-10
1.03679  419.662 5.85443e-05 0 1 4.56132e-09 9.1588e-10
1.04348  419.663 5.85442e-05 0 1 4.53903e-09 9.11322e-10
1.05017  419.663 5.85441e-05 0 1 4.51666e-09 9.06749e-10
1.05686  419.663 5.85441e-05 0 1 4.49421e-09 9.02161e-10
1.06355  419.664 5.8544e-05 0 1 4.47169e-09 8.97557e-10
1.07023  419.664 5.8544e-05 0 1 4.44909e-09 8.92939e-10
1.07692  419.665 5.85439e-05 0 1 4.42643e-09 8.88306e-10
1.08361  419.665 5.85439e-05 0 1 4.40369e-09 8.83658e-10
1.0903  419.666 5.85438e-05 0 1 4.38088e-09 8.78997e-10
1.09699  419.666 5.85437e-05 0 1 4.358e-09 8.74321e-10
1.10368  419.666 5.85437e-05 0 1 4.33505e-09 8.69632e-10
1.11037  419.667 5.85436e-05 0 1 4.31204e-09 8.6493e-10
1.11706  419.667 5.85436e-05 0 1 4.28896e-09 8.60214e-10
1.12375  419.668 5.85435e-05 0 1 4.26582e-09 8.55486e-10
1.13043  419.668 5.85435e-05 0 1 4.24261e-09 8.50745e-10
1.13712  419.668 5.85434e-05 0 1 4.21934e-09 8.45991e-10
1.14381  419.669 5.85433e-05 0 1 4.19602e-09 8.41225e-10
1.1505  419.669 5.85433e-05 0 1 4.17263e-09 8.36447e-10
1.15719  419.67 5.85432e-05 0 1 4.14918e-09 8.31658e-10
1.16388  419.67 5.85432e-05 0 1 4.12567e-09 8.26857e-10
1.17057  419.67 5.85431e-05 0 1 4.10211e-09 8.22044e-10
1.17726  419.671 5.85431e-05 0 1 4.07849e-09 8.17221e-10
1.18395  419.671 5.8543e-05 0 1 4.05482e-09 8.12387e-10
1.19064  419.672 5.8543e-05 0 1 4.0311e-09 8.07542e-10
1.19732  419.672 5.85429e-05 0 1 4.00732e-09 8.02688e-10
1.20401  419.672 5.85428e-05 0 1 3.9835e-09 7.97823e-10
1.2107  419.673 5.85428e-05 0 1 3.95962e-09 7.92948e-10
1.21739  419.673 5.85427e-05 0 1 3.9357e-09 7.88064e-10
1.22408  419.673 5.85427e-05 0 1 3.91173e-09 7.8317e-10
1.23077  419.674 5.85426e-05 0 1 3.88771e-09 7.78268e-10
1.23746  419.674 5.85426e-05 0 1 3.86365e-09 7.73356e-10
1.24415  419.675 5.85425e-05 0 1 3.83954e-09 7.68436e-10
1.25084  419.675 5.85425e-05 0 1 3.8154e-09 7.63508e-10
1.25753  419.675 5.85424e-05 0 1 3.79121e-09 7.58572e-10
1.26421  419.676 5.85424e-05 0 1 3.76698e-09 7.53627e-10
1.2709  419.676 5.85423e-05 0 1 3.74272e-09 7.48676e-10
1.27759  419.676 5.85423e-05 0 1 3.71841e-09 7.43716e-10
1.28428  419.677 5.85422e-05 0 1 3.69407e-09 7.3875e-10
1.29097  419.677 5.85422e-05 0 1 3.6697e-09 7.33777e-10
1.29766  419.677 5.85421e-05 0 1 3.64529e-09 7.28797e-10
1.30435  419.678 5.85421e-05 0 1 3.62085e-09 7.23811e-10
1.31104  419.678 5.8542e-05 0 1 3.59637e-09 7.18819e-10
1.31773  419.678 5.8542e-05 0 1 3.57187e-09 7.13821e-10
1.32441  419.679 5.85419e-05 0 1 3.54733e-09 7.08817e-10
1.3311  419.679 5.85419e-05 0 1 3.52277e-09 7.03808e-10
1.33779  419.679 5.85419e-05 0 1 3.49818e-09 6.98794e-10
1.34448  419.68 5.85418e-05 0 1 3.47357e-09 6.93775e-10
1.35117  419.68 5.85418e-05 0 1 3.44893e-09 6.88751e-10
1.35786  419.68 5.85417e-05 0 1 3.42427e-09 6.83723e-10
1.36455  419.681 5.85417e-05 0 1 3.39959e-09 6.7869e-10
1.37124  419.681 5.85416e-05 0 1 3.3749e-09 6.73656e-10
1.37793  419.681 5.85416e-05 0 1 3.35022e-09 6.68621e-10
1.38462  419.682 5.85415e-05 0 1 3.32556e-09 6.63589e-10
1.3913  419.682 5.85415e-05 0 1 3.30091e-09 6.58561e-10
1.39799  419.682 5.85415e-05 0 1 3.27631e-09 6.53539e-10
1.40468  419.683 5.85414e-05 0 1 3.25174e-09 6.48526e-10
1.41137  419.683 5.85413e-05 0 1 3.22724e-09 6.43523e-10
1.41806  419.683 5.85413e-05 0 1 3.20279e-09 6.38532e-10
1.42475  419.684 5.85413e-05 0 0.999999 3.17842e-09 6.33556e-10
1.43144  419.684 5.85412e-05 0 1 3.15414e-09 6.28597e-10
1.43813  419.684 5.85412e-05 0 1 3.12994e-09 6.23655e-10
1.44482  419.684 5.85412e-05 0 1 3.10585e-09 6.18733e-10
1.45151  419.685 5.85411e-05 0 1 3.08186e-09 6.13833e-10
1.45819  419.685 5.85411e-05 0 1 3.058e-09 6.08957e-10
1.46488  419.685 5.85411e-05 0 1 3.03425e-09 6.04105e-10
1.47157  419.685 5.8541e-05 0 1 3.01065e-09 5.99281e-10
1.47826  419.686 5.8541e-05 0 1 2.98718e-09 5.94485e-10
1.48495  419.686 5.85409e-05 0 1 2.96387e-09 5.89719e-10
1.49164  419.686 5.85409e-05 0 1 2.94071e-09 5.84985e-10
1.49833  419.687 5.85409e-05 0 1 2.91772e-09 5.80284e-10
1.50502  419.687 5.85408e-05 0 1 2.8949e-09 5.75618e-10
1.51171  419.687 5.85408e-05 0 1 2.87225e-09 5.70988e-10
1.51839  419.687 5.85407e-05 0 1 2.8498e-09 5.66397e-10
1.52508  419.688 5.85408e-05 0 0.999999 2.82754e-09 5.61843e-10
1.53177  419.688 5.85406e-05 0 1 2.80548e-09 5.57332e-10
1.53846  419.688 5.85408e-05 0 0.999998 2.78362e-09 5.5286e-10
1.54515  419.688 5.85405e-05 0 1 2.76199e-09 5.48434e-10
1.55184  419.688 5.85408e-05 0 0.999996 2.74056e-09 5.4405e-10
1.55853  419.689 5.85403e-05 0 1 2.71936e-09 5.39712e-10
1.56522  419.689 5.85408e-05 0 0.999995 2.6984e-09 5.35424e-10
1.57191  419.689 5.85402e-05 0 1 2.67765e-09 5.31177e-10
1.5786  419.689 5.85407e-05 0 0.999996 2.6572e-09 5.26991e-10
1.58528  419.69 5.85402e-05 0 1 2.63691e-09 5.22839e-10
1.59197  419.69 5.85406e-05 0 0.999998 2.61698e-09 5.18759e-10
1.59866  419.69 5.85402e-05 0 1 2.59718e-09 5.14707e-10
1.60535  419.69 5.85406e-05 0 0.999995 2.57777e-09 5.10733e-10
1.61204  419.69 5.85401e-05 0 1 2.55853e-09 5.06793e-10
1.61873  419.691 5.85405e-05 0 0.999996 2.53963e-09 5.02925e-10
1.62542  419.691 5.85401e-05 0 1 2.52096e-09 4.99101e-10
1.63211  419.691 5.85404e-05 0 0.999998 2.5026e-09 4.95343e-10
1.6388  419.691 5.85402e-05 0 1 2.48451e-09 4.91637e-10
1.64548  419.691 5.85402e-05 0 0.999999 2.46672e-09 4.87994e-10
1.65217  419.691 5.85402e-05 0 1 2.44922e-09 4.84409e-10
1.65886  419.692 5.85402e-05 0 1 2.43201e-09 4.80886e-10
1.66555  419.692 5.85401e-05 0 1 2.41511e-09 4.77423e-10
1.67224  419.692 5.85401e-05 0 1 2.39851e-09 4.74023e-10
1.67893  419.692 5.85401e-05 0 1 2.38222e-09 4.70686e-10
1.68562  419.692 5.85401e-05 0 1 2.36624e-09 4.67412e-10
1.69231  419.692 5.854e-05 0 1 2.35057e-09 4.64203e-10
1.699  419.693 5.854e-05 0 1 2.33522e-09 4.61058e-10
1.70569  419.693 5.854e-05 0 1 2.32019e-09 4.57979e-10
1.71237  419.693 5.854e-05 0 1 2.30549e-09 4.54965e-10
1.71906  419.693 5.854e-05 0 1 2.2911e-09 4.52018e-10
1.72575  419.693 5.85399e-05 0 1 2.27705e-09 4.49139e-10
1.73244  419.693 5.85399e-05 0 1 2.26333e-09 4.46326e-10
1.73913  419.693 5.85399e-05 0 1 2.24994e-09 4.43582e-10
1.74582  419.694 5.85399e-05 0 1 2.23688e-09 4.40906e-10
1.75251  419.694 5.85399e-05 0 1 2.22416e-09 4.38299e-10
1.7592  419.694 5.85399e-05 0 1 2.21177e-09 4.35761e-10
1.76589  419.694 5.85398e-05 0 1 2.19973e-09 4.33293e-10
1.77258  419.694 5.85398e-05 0 1 2.18803e-09 4.30894e-10
1.77926  419.694 5.85398e-05 0 1 2.17667e-09 4.28566e-10
1.78595  419.694 5.85398e-05 0 1 2.16565e-09 4.26308e-10
1.79264  419.694 5.85398e-05 0 1 2.15498e-09 4.24121e-10
1.79933  419.694 5.85398e-05 0 1 2.14466e-09 4.22004e-10
1.80602  419.695 5.85398e-05 0 1 2.13468e-09 4.19959e-10
1.81271  419.695 5.85397e-05 0 1 2.12505e-09 4.17985e-10
1.8194  419.695 5.85397e-05 0 1 2.11577e-09 4.16083e-10
1.82609  419.695 5.85397e-05 0 1 2.10684e-09 4.14252e-10
1.83278  419.695 5.85397e-05 0 1 2.09826e-09 4.12493e-10
1.83946  419.695 5.85397e-05 0 1 2.09003e-09 4.10805e-10
1.84615  419.695 5.85397e-05 0 1 2.08215e-09 4.09189e-10
1.85284  419.695 5.85397e-05 0 1 2.07462e-09 4.07645e-10
1.85953  419.695 5.85397e-05 0 1 2.06744e-09 4.06173e-10
1.86622  419.695 5.85397e-05 0 1 2.06061e-09 4.04773e-10
1.87291  419.695 5.85396e-05 0 1 2.05414e-09 4.03445e-10
1.8796  419.695 5.85396e-05 0 1 2.04801e-09 4.02188e-10
1.88629  419.695 5.85396e-05 0 1 2.04223e-09 4.01003e-10
1.89298  419.695 5.85397e-05 0 0.999999 2.03679e-09 3.99889e-10
1.89967  419.696 5.85396e-05 0 1 2.03172e-09 3.98848e-10
1.90635  419.696 5.85396e-05 0 1 2.02698e-09 3.97877e-10
1.91304  419.696 5.85396e-05 0 1 2.02259e-09 3.96977e-10
1.91973  419.696 5.85396e-05 0 1 2.01855e-09 3.96149e-10
1.92642  419.696 5.85396e-05 0 1 2.01486e-09 3.95391e-10
1.93311  419.696 5.85396e-05 0 1 2.0115e-09 3.94703e-10
1.9398  419.696 5.85396e-05 0 1 2.00849e-09 3.94086e-10
1.94649  419.696 5.85396e-05 0 1 2.00582e-09 3.93538e-10
1.95318  419.696 5.85396e-05 0 1 2.0035e-09 3.93061e-10
1.95987  419.696 5.85396e-05 0 1 2.0015e-09 3.92652e-10
1.96656  419.696 5.85396e-05 0 1 1.99985e-09 3.92313e-10
1.97324  419.696 5.85396e-05 0 1 1.99853e-09 3.92042e-10
1.97993  419.696 5.85396e-05 0 1 1.99754e-09 3.9184e-10
1.98662  419.696 5.85396e-05 0 1 1.99689e-09 3.91705e-10
1.99331  419.696 5.85396e-05 0 1 1.99656e-09 3.91638e-10
2  419.696 5.85396e-05 0 1 1.99656e-09 3.91638e-10
