TITLE="Graphics"
VARIABLES= "x", "T", "rho", "u",, "Y_H2", "Y_O2", "Y_N2"
0  400 6.1422e-05 0 1 0 0
0.00668896  419.658 5.85448e-05 0 1 2.3545e-09 4.59501e-10
0.0133779  419.658 5.85448e-05 0 1 2.35458e-09 4.59518e-10
0.0200669  419.658 5.85448e-05 0 1 2.35472e-09 4.59547e-10
0.0267559  419.658 5.85448e-05 0 1 2.35492e-09 4.5959e-10
0.0334448  419.658 5.85448e-05 0 1 2.35518e-09 4.59644e-10
0.0401338  419.658 5.85448e-05 0 1 2.3555e-09 4.59712e-10
0.0468227  419.658 5.85448e-05 0 1 2.35587e-09 4.59791e-10
0.0535117  419.658 5.85448e-05 0 1 2.35631e-09 4.59883e-10
0.0602007  419.658 5.85448e-05 0 1 2.3568e-09 4.59987e-10
0.0668896  419.658 5.85448e-05 0 1 2.35736e-09 4.60104e-10
0.0735786  419.658 5.85448e-05 0 1 2.35797e-09 4.60233e-10
0.0802676  419.658 5.85448e-05 0 1 2.35864e-09 4.60374e-10
0.0869565  419.658 5.85448e-05 0 1 2.35936e-09 4.60527e-10
0.0936455  419.658 5.85448e-05 0 1 2.36015e-09 4.60692e-10
0.100334  419.659 5.85448e-05 0 1 2.36099e-09 4.6087e-10
0.107023  419.659 5.85448e-05 0 1 2.36189e-09 4.6106e-10
0.113712  419.659 5.85448e-05 0 1 2.36285e-09 4.61262e-10
0.120401  419.659 5.85448e-05 0 1 2.36387e-09 4.61476e-10
0.12709  419.659 5.85448e-05 0 1 2.36494e-09 4.61702e-10
0.133779  419.659 5.85448e-05 0 1 2.36607e-09 4.6194e-10
0.140468  419.659 5.85447e-05 0 1 2.36726e-09 4.6219e-10
0.147157  419.659 5.85447e-05 0 1 2.3685e-09 4.62453e-10
0.153846  419.659 5.85447e-05 0 1 2.3698e-09 4.62727e-10
0.160535  419.659 5.85447e-05 0 1 2.37116e-09 4.63013e-10
0.167224  419.659 5.85447e-05 0 1 2.37257e-09 4.63311e-10
0.173913  419.659 5.85447e-05 0 1 2.37404e-09 4.6362e-10
0.180602  419.659 5.85447e-05 0 1 2.37557e-09 4.63942e-10
0.187291  419.659 5.85447e-05 0 1 2.37715e-09 4.64275e-10
0.19398  419.659 5.85447e-05 0 1 2.37878e-09 4.6462e-10
0.200669  419.659 5.85447e-05 0 1 2.38048e-09 4.64977e-10
0.207358  419.659 5.85447e-05 0 1 2.38222e-09 4.65345e-10
0.214047  419.659 5.85447e-05 0 1 2.38403e-09 4.65725e-10
0.220736  419.659 5.85447e-05 0 1 2.38588e-09 4.66116e-10
0.227425  419.659 5.85447e-05 0 1 2.38779e-09 4.66519e-10
0.234114  419.659 5.85446e-05 0 1 2.38976e-09 4.66933e-10
0.240803  419.659 5.85446e-05 0 1 2.39178e-09 4.67359e-10
0.247492  419.66 5.85446e-05 0 1 2.39385e-09 4.67796e-10
0.254181  419.66 5.85446e-05 0 1 2.39598e-09 4.68244e-10
0.26087  419.66 5.85446e-05 0 1 2.39816e-09 4.68703e-10
0.267559  419.66 5.85446e-05 0 1 2.40039e-09 4.69174e-10
0.274247  419.66 5.85446e-05 0 1 2.40267e-09 4.69655e-10
0.280936  419.66 5.85446e-05 0 1 2.40501e-09 4.70148e-10
0.287625  419.66 5.85446e-05 0 1 2.4074e-09 4.70651e-10
0.294314  419.66 5.85446e-05 0 1 2.40984e-09 4.71165e-10
0.301003  419.66 5.85445e-05 0 1 2.41233e-09 4.71691e-10
0.307692  419.66 5.85445e-05 0 1 2.41487e-09 4.72226e-10
0.314381  419.66 5.85445e-05 0 1 2.41746e-09 4.72773e-10
0.32107  419.66 5.85445e-05 0 1 2.4201e-09 4.7333e-10
0.327759  419.66 5.85445e-05 0 1 2.4228e-09 4.73898e-10
0.334448  419.661 5.85445e-05 0 1 2.42554e-09 4.74476e-10
0.341137  419.661 5.85445e-05 0 1 2.42833e-09 4.75064e-10
0.347826  419.661 5.85445e-05 0 1 2.43117e-09 4.75663e-10
0.354515  419.661 5.85445e-05 0 1 2.43406e-09 4.76272e-10
0.361204  419.661 5.85444e-05 0 1 2.437e-09 4.76891e-10
0.367893  419.661 5.85444e-05 0 1 2.43998e-09 4.7752e-10
0.374582  419.661 5.85444e-05 0 1 2.44301e-09 4.78159e-10
0.381271  419.661 5.85444e-05 0 1 2.44609e-09 4.78808e-10
0.38796  419.661 5.85444e-05 0 1 2.44922e-09 4.79467e-10
0.394649  419.661 5.85444e-05 0 1 2.45239e-09 4.80136e-10
0.401338  419.662 5.85444e-05 0 1 2.4556e-09 4.80814e-10
0.408027  419.662 5.85443e-05 0 1 2.45886e-09 4.81502e-10
0.414716  419.662 5.85443e-05 0 1 2.46217e-09 4.82199e-10
0.421405  419.662 5.85443e-05 0 1 2.46552e-09 4.82905e-10
0.428094  419.662 5.85443e-05 0 1 2.46892e-09 4.83621e-10
0.434783  419.662 5.85443e-05 0 1 2.47235e-09 4.84346e-10
0.441472  419.662 5.85443e-05 0 1 2.47583e-09 4.8508e-10
0.448161  419.662 5.85443e-05 0 1 2.47936e-09 4.85823e-10
0.454849  419.662 5.85442e-05 0 1 2.48292e-09 4.86574e-10
0.461538  419.662 5.85442e-05 0 1 2.48653e-09 4.87335e-10
0.468227  419.663 5.85442e-05 0 1 2.49018e-09 4.88104e-10
0.474916  419.663 5.85442e-05 0 1 2.49386e-09 4.88882e-10
0.481605  419.663 5.85442e-05 0 1 2.49759e-09 4.89668e-10
0.488294  419.663 5.85442e-05 0 1 2.50136e-09 4.90463e-10
0.494983  419.663 5.85441e-05 0 1 2.50517e-09 4.91266e-10
0.501672  419.663 5.85441e-05 0 1 2.50901e-09 4.92077e-10
0.508361  419.663 5.85441e-05 0 1 2.5129e-09 4.92896e-10
0.51505  419.663 5.85441e-05 0 1 2.51682e-09 4.93723e-10
0.521739  419.664 5.85441e-05 0 1 2.52077e-09 4.94557e-10
0.528428  419.664 5.85441e-05 0 1 2.52477e-09 4.954e-10
0.535117  419.664 5.8544e-05 0 1 2.5288e-09 4.9625e-10
0.541806  419.664 5.8544e-05 0 1 2.53286e-09 4.97107e-10
0.548495  419.664 5.8544e-05 0 1 2.53696e-09 4.97972e-10
0.555184  419.664 5.8544e-05 0 1 2.5411e-09 4.98844e-10
0.561873  419.664 5.8544e-05 0 1 2.54527e-09 4.99723e-10
0.568562  419.664 5.85439e-05 0 1 2.54947e-09 5.0061e-10
0.575251  419.665 5.85439e-05 0 1 2.5537e-09 5.01503e-10
0.58194  419.665 5.85439e-05 0 1 2.55797e-09 5.02403e-10
0.588629  419.665 5.85439e-05 0 1 2.56226e-09 5.03309e-10
0.595318  419.665 5.85439e-05 0 1 2.56659e-09 5.04222e-10
0.602007  419.665 5.85439e-05 0 1 2.57095e-09 5.05141e-10
0.608696  419.665 5.85438e-05 0 1 2.57534e-09 5.06067e-10
0.615385  419.665 5.85438e-05 0 1 2.57975e-09 5.06999e-10
0.622074  419.666 5.85438e-05 0 1 2.5842e-09 5.07936e-10
0.628763  419.666 5.85438e-05 0 1 2.58867e-09 5.0888e-10
0.635452  419.666 5.85438e-05 0 1 2.59317e-09 5.09829e-10
0.64214  419.666 5.85437e-05 0 1 2.59769e-09 5.10784e-10
0.648829  419.666 5.85437e-05 0 1 2.60224e-09 5.11745e-10
0.655518  419.666 5.85437e-05 0 1 2.60682e-09 5.12711e-10
0.662207  419.666 5.85437e-05 0 1 2.61142e-09 5.13682e-10
0.668896  419.667 5.85437e-05 0 1 2.61605e-09 5.14658e-10
0.675585  419.667 5.85436e-05 0 1 2.6207e-09 5.15639e-10
0.682274  419.667 5.85436e-05 0 1 2.62537e-09 5.16625e-10
0.688963  419.667 5.85436e-05 0 1 2.63006e-09 5.17615e-10
0.695652  419.667 5.85436e-05 0 1 2.63477e-09 5.1861e-10
0.702341  419.667 5.85436e-05 0 1 2.63951e-09 5.1961e-10
0.70903  419.667 5.85435e-05 0 1 2.64426e-09 5.20614e-10
0.715719  419.668 5.85435e-05 0 1 2.64904e-09 5.21621e-10
0.722408  419.668 5.85435e-05 0 1 2.65383e-09 5.22633e-10
0.729097  419.668 5.85435e-05 0 1 2.65864e-09 5.23649e-10
0.735786  419.668 5.85435e-05 0 1 2.66347e-09 5.24668e-10
0.742475  419.668 5.85434e-05 0 1 2.66831e-09 5.25691e-10
0.749164  419.668 5.85434e-05 0 1 2.67317e-09 5.26717e-10
0.755853  419.668 5.85434e-05 0 1 2.67805e-09 5.27747e-10
0.762542  419.669 5.85434e-05 0 1 2.68294e-09 5.28779e-10
0.769231  419.669 5.85433e-05 0 1 2.68784e-09 5.29815e-10
0.77592  419.669 5.85433e-05 0 1 2.69276e-09 5.30853e-10
0.782609  419.669 5.85433e-05 0 1 2.69769e-09 5.31894e-10
0.789298  419.669 5.85433e-05 0 1 2.70263e-09 5.32938e-10
0.795987  419.669 5.85433e-05 0 1 2.70758e-09 5.33984e-10
0.802676  419.67 5.85432e-05 0 1 2.71254e-09 5.35032e-10
0.809365  419.67 5.85432e-05 0 1 2.71751e-09 5.36082e-10
0.816054  419.67 5.85432e-05 0 1 2.72249e-09 5.37134e-10
0.822742  419.67 5.85432e-05 0 1 2.72748e-09 5.38188e-10
0.829431  419.67 5.85432e-05 0 1 2.73248e-09 5.39243e-10
0.83612  419.67 5.85431e-05 0 1 2.73748e-09 5.403e-10
0.842809  419.67 5.85431e-05 0 1 2.74249e-09 5.41358e-10
0.849498  419.671 5.85431e-05 0 1 2.7475e-09 5.42417e-10
0.856187  419.671 5.85431e-05 0 1 2.75252e-09 5.43478e-10
0.862876  419.671 5.85431e-05 0 1 2.75754e-09 5.44539e-10
0.869565  419.671 5.8543e-05 0 1 2.76256e-09 5.456e-10
0.876254  419.671 5.8543e-05 0 1 2.76758e-09 5.46663e-10
0.882943  419.671 5.8543e-05 0 1 2.77261e-09 5.47725e-10
0.889632  419.672 5.8543e-05 0 1 2.77764e-09 5.48788e-10
0.896321  419.672 5.85429e-05 0 1 2.78267e-09 5.49851e-10
0.90301  419.672 5.85429e-05 0 1 2.78769e-09 5.50914e-10
0.909699  419.672 5.85429e-05 0 1 2.79272e-09 5.51976e-10
0.916388  419.672 5.85429e-05 0 0.999999 2.79774e-09 5.53038e-10
0.923077  419.672 5.8543e-05 0 0.999998 2.80274e-09 5.54097e-10
0.929766  419.672 5.85424e-05 0 1.00001 2.80778e-09 5.55162e-10
0.936455  419.673 5.85406e-05 0 1.00004 2.81309e-09 5.56282e-10
0.943144  419.673 5.85616e-05 0 0.999679 2.81769e-09 5.57263e-10
0.949833  419.673 5.84495e-05 0 1.0016 2.82744e-09 5.59259e-10
0.956522  419.673 5.85536e-05 0 0.999815 2.82742e-09 5.59321e-10
0.963211  419.673 5.86115e-05 0 0.998827 2.82894e-09 5.59689e-10
0.9699  419.673 5.8537e-05 0 1.0001 2.8372e-09 5.61393e-10
0.976589  419.674 5.85441e-05 0 0.999976 2.84264e-09 5.62539e-10
0.983278  419.674 5.85409e-05 0 1.00003 2.84776e-09 5.63619e-10
0.989967  419.674 5.8544e-05 0 0.999977 2.85253e-09 5.64631e-10
0.996656  419.674 5.85431e-05 0 0.999991 2.85749e-09 5.65682e-10
1.00334  419.674 5.85425e-05 0 1 2.86245e-09 5.6673e-10
1.01003  419.674 5.85426e-05 0 1 2.86734e-09 5.67768e-10
1.01672  419.674 5.85426e-05 0 1 2.87224e-09 5.68804e-10
1.02341  419.675 5.85425e-05 0 1 2.87711e-09 5.69837e-10
1.0301  419.675 5.85425e-05 0 1 2.88197e-09 5.70866e-10
1.03679  419.675 5.85425e-05 0 1 2.88682e-09 5.71892e-10
1.04348  419.675 5.85425e-05 0 1 2.89164e-09 5.72915e-10
1.05017  419.675 5.85425e-05 0 1 2.89645e-09 5.73934e-10
1.05686  419.675 5.85424e-05 0 1 2.90124e-09 5.74949e-10
1.06355  419.675 5.85424e-05 0 1 2.90601e-09 5.7596e-10
1.07023  419.676 5.85424e-05 0 1 2.91076e-09 5.76967e-10
1.07692  419.676 5.85424e-05 0 1 2.91549e-09 5.77969e-10
1.08361  419.676 5.85423e-05 0 1 2.92019e-09 5.78967e-10
1.0903  419.676 5.85423e-05 0 1 2.92488e-09 5.7996e-10
1.09699  419.676 5.85423e-05 0 1 2.92953e-09 5.80948e-10
1.10368  419.676 5.85423e-05 0 1 2.93417e-09 5.81931e-10
1.11037  419.677 5.85423e-05 0 1 2.93878e-09 5.82909e-10
1.11706  419.677 5.85422e-05 0 1 2.94336e-09 5.83882e-10
1.12375  419.677 5.85422e-05 0 1 2.94792e-09 5.84849e-10
1.13043  419.677 5.85422e-05 0 1 2.95244e-09 5.8581e-10
1.13712  419.677 5.85422e-05 0 1 2.95694e-09 5.86766e-10
1.14381  419.677 5.85422e-05 0 1 2.96142e-09 5.87715e-10
1.1505  419.677 5.85421e-05 0 1 2.96586e-09 5.88659e-10
1.15719  419.678 5.85421e-05 0 1 2.97026e-09 5.89595e-10
1.16388  419.678 5.85421e-05 0 1 2.97464e-09 5.90526e-10
1.17057  419.678 5.85421e-05 0 1 2.97899e-09 5.91449e-10
1.17726  419.678 5.85421e-05 0 1 2.9833e-09 5.92366e-10
1.18395  419.678 5.8542e-05 0 1 2.98758e-09 5.93276e-10
1.19064  419.678 5.8542e-05 0 1 2.99182e-09 5.94178e-10
1.19732  419.678 5.8542e-05 0 1 2.99603e-09 5.95074e-10
1.20401  419.678 5.8542e-05 0 1 3.0002e-09 5.95961e-10
1.2107  419.679 5.8542e-05 0 1 3.00433e-09 5.96841e-10
1.21739  419.679 5.8542e-05 0 1 3.00843e-09 5.97713e-10
1.22408  419.679 5.85419e-05 0 1 3.01249e-09 5.98577e-10
1.23077  419.679 5.85419e-05 0 1 3.01651e-09 5.99433e-10
1.23746  419.679 5.85419e-05 0 1 3.02048e-09 6.00281e-10
1.24415  419.679 5.85419e-05 0 1 3.02442e-09 6.0112e-10
1.25084  419.679 5.85419e-05 0 1 3.02831e-09 6.0195e-10
1.25753  419.68 5.85418e-05 0 1 3.03216e-09 6.02772e-10
1.26421  419.68 5.85418e-05 0 1 3.03597e-09 6.03584e-10
1.2709  419.68 5.85418e-05 0 1 3.03974e-09 6.04388e-10
1.27759  419.68 5.85418e-05 0 1 3.04346e-09 6.05182e-10
1.28428  419.68 5.85418e-05 0 1 3.04713e-09 6.05967e-10
1.29097  419.68 5.85418e-05 0 1 3.05076e-09 6.06742e-10
1.29766  419.68 5.85417e-05 0 1 3.05433e-09 6.07507e-10
1.30435  419.68 5.85417e-05 0 1 3.05787e-09 6.08262e-10
1.31104  419.681 5.85417e-05 0 1 3.06135e-09 6.09007e-10
1.31773  419.681 5.85417e-05 0 1 3.06478e-09 6.09742e-10
1.32441  419.681 5.85417e-05 0 1 3.06816e-09 6.10467e-10
1.3311  419.681 5.85417e-05 0 1 3.0715e-09 6.11181e-10
1.33779  419.681 5.85416e-05 0 1 3.07477e-09 6.11884e-10
1.34448  419.681 5.85416e-05 0 1 3.078e-09 6.12576e-10
1.35117  419.681 5.85416e-05 0 1 3.08118e-09 6.13257e-10
1.35786  419.681 5.85416e-05 0 1 3.0843e-09 6.13927e-10
1.36455  419.682 5.85416e-05 0 1 3.08736e-09 6.14586e-10
1.37124  419.682 5.85416e-05 0 1 3.09037e-09 6.15234e-10
1.37793  419.682 5.85415e-05 0 1 3.09333e-09 6.1587e-10
1.38462  419.682 5.85415e-05 0 1 3.09624e-09 6.16496e-10
1.3913  419.682 5.85415e-05 0 1 3.0991e-09 6.17111e-10
1.39799  419.682 5.85415e-05 0 1 3.10191e-09 6.17715e-10
1.40468  419.682 5.85415e-05 0 1 3.10467e-09 6.18309e-10
1.41137  419.682 5.85414e-05 0 1 3.10739e-09 6.18894e-10
1.41806  419.682 5.85414e-05 0 1 3.11005e-09 6.19467e-10
1.42475  419.682 5.85415e-05 0 0.999999 3.11267e-09 6.20031e-10
1.43144  419.683 5.85414e-05 0 1 3.11524e-09 6.20586e-10
1.43813  419.683 5.85414e-05 0 1 3.11777e-09 6.21131e-10
1.44482  419.683 5.85414e-05 0 1 3.12026e-09 6.21667e-10
1.45151  419.683 5.85414e-05 0 1 3.1227e-09 6.22193e-10
1.45819  419.683 5.85414e-05 0 1 3.1251e-09 6.2271e-10
1.46488  419.683 5.85413e-05 0 1 3.12745e-09 6.23218e-10
1.47157  419.683 5.85413e-05 0 1 3.12977e-09 6.23718e-10
1.47826  419.683 5.85413e-05 0 1 3.13204e-09 6.24208e-10
1.48495  419.683 5.85413e-05 0 1 3.13427e-09 6.2469e-10
1.49164  419.683 5.85413e-05 0 1 3.13646e-09 6.25163e-10
1.49833  419.684 5.85413e-05 0 1 3.13861e-09 6.25628e-10
1.50502  419.684 5.85413e-05 0 0.999999 3.14073e-09 6.26084e-10
1.51171  419.684 5.85413e-05 0 0.999999 3.1428e-09 6.26532e-10
1.51839  419.684 5.85411e-05 0 1 3.14485e-09 6.26974e-10
1.52508  419.684 5.85414e-05 0 0.999998 3.14683e-09 6.27404e-10
1.53177  419.684 5.85409e-05 0 1.00001 3.14881e-09 6.27831e-10
1.53846  419.684 5.85417e-05 0 0.999992 3.15071e-09 6.28243e-10
1.54515  419.684 5.85405e-05 0 1.00001 3.15262e-09 6.28655e-10
1.55184  419.684 5.8542e-05 0 0.999985 3.15446e-09 6.29054e-10
1.55853  419.684 5.85402e-05 0 1.00002 3.15627e-09 6.29445e-10
1.56522  419.684 5.85422e-05 0 0.999982 3.1581e-09 6.29839e-10
1.57191  419.684 5.85402e-05 0 1.00002 3.15976e-09 6.302e-10
1.5786  419.685 5.8542e-05 0 0.999985 3.1616e-09 6.30597e-10
1.58528  419.685 5.85403e-05 0 1.00001 3.16311e-09 6.30926e-10
1.59197  419.685 5.85419e-05 0 0.999987 3.16495e-09 6.31322e-10
1.59866  419.685 5.85402e-05 0 1.00001 3.16636e-09 6.3163e-10
1.60535  419.685 5.85421e-05 0 0.999983 3.16812e-09 6.32009e-10
1.61204  419.685 5.85401e-05 0 1.00002 3.16951e-09 6.32312e-10
1.61873  419.685 5.85419e-05 0 0.999985 3.17115e-09 6.32665e-10
1.62542  419.685 5.85404e-05 0 1.00001 3.17254e-09 6.32968e-10
1.63211  419.685 5.85415e-05 0 0.999993 3.17405e-09 6.33294e-10
1.6388  419.685 5.85408e-05 0 1 3.17543e-09 6.33594e-10
1.64548  419.685 5.85412e-05 0 0.999998 3.17684e-09 6.33898e-10
1.65217  419.685 5.8541e-05 0 1 3.17818e-09 6.3419e-10
1.65886  419.685 5.85411e-05 0 1 3.17951e-09 6.34478e-10
1.66555  419.685 5.8541e-05 0 1 3.1808e-09 6.34758e-10
1.67224  419.686 5.8541e-05 0 1 3.18206e-09 6.35032e-10
1.67893  419.686 5.8541e-05 0 1 3.1833e-09 6.35299e-10
1.68562  419.686 5.8541e-05 0 1 3.1845e-09 6.3556e-10
1.69231  419.686 5.8541e-05 0 1 3.18567e-09 6.35815e-10
1.699  419.686 5.8541e-05 0 1 3.18682e-09 6.36063e-10
1.70569  419.686 5.8541e-05 0 1 3.18793e-09 6.36305e-10
1.71237  419.686 5.8541e-05 0 1 3.18902e-09 6.3654e-10
1.71906  419.686 5.8541e-05 0 1 3.19007e-09 6.3677e-10
1.72575  419.686 5.85409e-05 0 1 3.1911e-09 6.36993e-10
1.73244  419.686 5.85409e-05 0 1 3.1921e-09 6.3721e-10
1.73913  419.686 5.85409e-05 0 1 3.19307e-09 6.37421e-10
1.74582  419.686 5.85409e-05 0 1 3.19402e-09 6.37626e-10
1.75251  419.686 5.85409e-05 0 1 3.19493e-09 6.37824e-10
1.7592  419.686 5.85409e-05 0 1 3.19582e-09 6.38017e-10
1.76589  419.686 5.85409e-05 0 1 3.19668e-09 6.38204e-10
1.77258  419.686 5.85409e-05 0 1 3.19751e-09 6.38385e-10
1.77926  419.686 5.85409e-05 0 1 3.19832e-09 6.3856e-10
1.78595  419.686 5.85409e-05 0 1 3.1991e-09 6.38729e-10
1.79264  419.686 5.85409e-05 0 1 3.19985e-09 6.38893e-10
1.79933  419.686 5.85409e-05 0 1 3.20058e-09 6.3905e-10
1.80602  419.686 5.85409e-05 0 1 3.20128e-09 6.39202e-10
1.81271  419.686 5.85409e-05 0 1 3.20195e-09 6.39349e-10
1.8194  419.687 5.85409e-05 0 1 3.2026e-09 6.39489e-10
1.82609  419.687 5.85409e-05 0 1 3.20322e-09 6.39624e-10
1.83278  419.687 5.85409e-05 0 1 3.20381e-09 6.39753e-10
1.83946  419.687 5.85409e-05 0 1 3.20438e-09 6.39877e-10
1.84615  419.687 5.85409e-05 0 1 3.20493e-09 6.39995e-10
1.85284  419.687 5.85409e-05 0 1 3.20545e-09 6.40108e-10
1.85953  419.687 5.85408e-05 0 1 3.20594e-09 6.40215e-10
1.86622  419.687 5.85408e-05 0 1 3.20641e-09 6.40317e-10
1.87291  419.687 5.85408e-05 0 1 3.20685e-09 6.40414e-10
1.8796  419.687 5.85408e-05 0 1 3.20727e-09 6.40505e-10
1.88629  419.687 5.85408e-05 0 1 3.20766e-09 6.40591e-10
1.89298  419.687 5.85409e-05 0 0.999999 3.20803e-09 6.4067e-10
1.89967  419.687 5.85408e-05 0 1 3.20838e-09 6.40746e-10
1.90635  419.687 5.85408e-05 0 1 3.2087e-09 6.40816e-10
1.91304  419.687 5.85408e-05 0 1 3.209e-09 6.40881e-10
1.91973  419.687 5.85408e-05 0 1 3.20927e-09 6.40941e-10
1.92642  419.687 5.85408e-05 0 1 3.20953e-09 6.40995e-10
1.93311  419.687 5.85408e-05 0 1 3.20975e-09 6.41044e-10
1.9398  419.687 5.85408e-05 0 1 3.20996e-09 6.41089e-10
1.94649  419.687 5.85408e-05 0 1 3.21014e-09 6.41128e-10
1.95318  419.687 5.85408e-05 0 1 3.21029e-09 6.41162e-10
1.95987  419.687 5.85408e-05 0 1 3.21043e-09 6.41191e-10
1.96656  419.687 5.85408e-05 0 1 3.21054e-09 6.41215e-10
1.97324  419.687 5.85408e-05 0 1 3.21063e-09 6.41235e-10
1.97993  419.687 5.85408e-05 0 1 3.21069e-09 6.41249e-10
1.98662  419.687 5.85408e-05 0 1 3.21074e-09 6.41259e-10
1.99331  419.687 5.85408e-05 0 1 3.21076e-09 6.41264e-10
2  419.687 5.85408e-05 0 1 3.21076e-09 6.41264e-10
