TITLE="Graphics"
VARIABLES= "x", "T", "rho", "u",, "Y_H2", "Y_O2", "Y_N2"
0  400 6.1422e-05 0 1 0 0
0.00668896  419.137 5.86176e-05 0 1 5.34287e-09 9.71578e-10
0.0133779  419.137 5.86176e-05 0 1 5.34192e-09 9.71404e-10
0.0200669  419.137 5.86176e-05 0 1 5.34021e-09 9.71089e-10
0.0267559  419.137 5.86176e-05 0 1 5.33778e-09 9.7064e-10
0.0334448  419.138 5.86175e-05 0 1 5.33462e-09 9.70058e-10
0.0401338  419.138 5.86175e-05 0 1 5.33075e-09 9.69344e-10
0.0468227  419.138 5.86174e-05 0 1 5.32617e-09 9.68499e-10
0.0535117  419.139 5.86174e-05 0 1 5.32088e-09 9.67523e-10
0.0602007  419.139 5.86173e-05 0 1 5.31487e-09 9.66416e-10
0.0668896  419.14 5.86172e-05 0 1 5.30817e-09 9.65179e-10
0.0735786  419.14 5.86172e-05 0 1 5.30075e-09 9.63812e-10
0.0802676  419.141 5.86171e-05 0 1 5.29264e-09 9.62315e-10
0.0869565  419.142 5.8617e-05 0 1 5.28383e-09 9.6069e-10
0.0936455  419.142 5.86169e-05 0 1 5.27432e-09 9.58936e-10
0.100334  419.143 5.86168e-05 0 1 5.26411e-09 9.57054e-10
0.107023  419.144 5.86167e-05 0 1 5.25321e-09 9.55045e-10
0.113712  419.145 5.86165e-05 0 1 5.24163e-09 9.52908e-10
0.120401  419.146 5.86164e-05 0 1 5.22935e-09 9.50644e-10
0.12709  419.147 5.86163e-05 0 1 5.21639e-09 9.48255e-10
0.133779  419.148 5.86161e-05 0 1 5.20275e-09 9.4574e-10
0.140468  419.149 5.8616e-05 0 1 5.18844e-09 9.431e-10
0.147157  419.15 5.86158e-05 0 1 5.17345e-09 9.40336e-10
0.153846  419.151 5.86157e-05 0 1 5.15778e-09 9.37448e-10
0.160535  419.152 5.86155e-05 0 1 5.14146e-09 9.34438e-10
0.167224  419.153 5.86153e-05 0 1 5.12447e-09 9.31305e-10
0.173913  419.155 5.86151e-05 0 1 5.10682e-09 9.28051e-10
0.180602  419.156 5.86149e-05 0 1 5.08851e-09 9.24677e-10
0.187291  419.158 5.86147e-05 0 1 5.06956e-09 9.21182e-10
0.19398  419.159 5.86145e-05 0 1 5.04996e-09 9.17569e-10
0.200669  419.161 5.86143e-05 0 1 5.02972e-09 9.13838e-10
0.207358  419.162 5.86141e-05 0 1 5.00884e-09 9.0999e-10
0.214047  419.164 5.86139e-05 0 1 4.98733e-09 9.06025e-10
0.220736  419.165 5.86137e-05 0 1 4.96519e-09 9.01945e-10
0.227425  419.167 5.86134e-05 0 1 4.94244e-09 8.97751e-10
0.234114  419.169 5.86132e-05 0 1 4.91907e-09 8.93443e-10
0.240803  419.171 5.86129e-05 0 1 4.89509e-09 8.89024e-10
0.247492  419.172 5.86127e-05 0 1 4.8705e-09 8.84493e-10
0.254181  419.174 5.86124e-05 0 1 4.84532e-09 8.79852e-10
0.26087  419.176 5.86121e-05 0 1 4.81954e-09 8.75102e-10
0.267559  419.178 5.86119e-05 0 1 4.79318e-09 8.70244e-10
0.274247  419.18 5.86116e-05 0 1 4.76623e-09 8.6528e-10
0.280936  419.182 5.86113e-05 0 1 4.73872e-09 8.6021e-10
0.287625  419.184 5.8611e-05 0 1 4.71063e-09 8.55036e-10
0.294314  419.187 5.86107e-05 0 1 4.682e-09 8.49758e-10
0.301003  419.189 5.86104e-05 0 1 4.65281e-09 8.44379e-10
0.307692  419.191 5.86101e-05 0 1 4.62307e-09 8.38901e-10
0.314381  419.193 5.86098e-05 0 1 4.5928e-09 8.33324e-10
0.32107  419.196 5.86094e-05 0 1 4.56199e-09 8.2765e-10
0.327759  419.198 5.86091e-05 0 1 4.53065e-09 8.21878e-10
0.334448  419.2 5.86088e-05 0 1 4.4988e-09 8.16012e-10
0.341137  419.203 5.86084e-05 0 1 4.46643e-09 8.10052e-10
0.347826  419.205 5.86081e-05 0 1 4.43356e-09 8.04e-10
0.354515  419.208 5.86077e-05 0 1 4.4002e-09 7.97856e-10
0.361204  419.21 5.86074e-05 0 1 4.36635e-09 7.91623e-10
0.367893  419.213 5.8607e-05 0 1 4.33201e-09 7.85302e-10
0.374582  419.215 5.86067e-05 0 1 4.29721e-09 7.78895e-10
0.381271  419.218 5.86063e-05 0 1 4.26194e-09 7.72403e-10
0.38796  419.221 5.86059e-05 0 1 4.22622e-09 7.65827e-10
0.394649  419.223 5.86055e-05 0 1 4.19004e-09 7.59169e-10
0.401338  419.226 5.86052e-05 0 1 4.15343e-09 7.52431e-10
0.408027  419.229 5.86048e-05 0 1 4.11639e-09 7.45614e-10
0.414716  419.232 5.86044e-05 0 1 4.07892e-09 7.3872e-10
0.421405  419.235 5.8604e-05 0 1 4.04105e-09 7.31751e-10
0.428094  419.237 5.86036e-05 0 1 4.00276e-09 7.24707e-10
0.434783  419.24 5.86032e-05 0 1 3.96408e-09 7.17591e-10
0.441472  419.243 5.86028e-05 0 1 3.92502e-09 7.10405e-10
0.448161  419.246 5.86024e-05 0 1 3.88558e-09 7.0315e-10
0.454849  419.249 5.86019e-05 0 1 3.84576e-09 6.95827e-10
0.461538  419.252 5.86015e-05 0 1 3.80559e-09 6.88439e-10
0.468227  419.255 5.86011e-05 0 1 3.76507e-09 6.80988e-10
0.474916  419.258 5.86007e-05 0 1 3.72421e-09 6.73474e-10
0.481605  419.261 5.86002e-05 0 1 3.68301e-09 6.659e-10
0.488294  419.265 5.85998e-05 0 1 3.64149e-09 6.58267e-10
0.494983  419.268 5.85993e-05 0 1 3.59966e-09 6.50578e-10
0.501672  419.271 5.85989e-05 0 1 3.55753e-09 6.42833e-10
0.508361  419.274 5.85985e-05 0 1 3.5151e-09 6.35036e-10
0.51505  419.277 5.8598e-05 0 1 3.47239e-09 6.27187e-10
0.521739  419.281 5.85976e-05 0 1 3.42941e-09 6.19288e-10
0.528428  419.284 5.85971e-05 0 1 3.38616e-09 6.11342e-10
0.535117  419.287 5.85966e-05 0 1 3.34265e-09 6.0335e-10
0.541806  419.29 5.85962e-05 0 1 3.2989e-09 5.95313e-10
0.548495  419.294 5.85957e-05 0 1 3.25492e-09 5.87235e-10
0.555184  419.297 5.85953e-05 0 1 3.21071e-09 5.79115e-10
0.561873  419.3 5.85948e-05 0 1 3.16629e-09 5.70958e-10
0.568562  419.304 5.85943e-05 0 1 3.12166e-09 5.62764e-10
0.575251  419.307 5.85938e-05 0 1 3.07685e-09 5.54537e-10
0.58194  419.311 5.85934e-05 0 1 3.03188e-09 5.46281e-10
0.588629  419.314 5.85929e-05 0 1 2.98677e-09 5.38001e-10
0.595318  419.317 5.85924e-05 0 1 2.94155e-09 5.297e-10
0.602007  419.321 5.85919e-05 0 1 2.89622e-09 5.21382e-10
0.608696  419.324 5.85914e-05 0 1 2.85082e-09 5.13051e-10
0.615385  419.328 5.85909e-05 0 1 2.80537e-09 5.04712e-10
0.622074  419.331 5.85905e-05 0 1 2.75988e-09 4.96367e-10
0.628763  419.335 5.859e-05 0 1 2.71438e-09 4.88021e-10
0.635452  419.338 5.85895e-05 0 1 2.66888e-09 4.79678e-10
0.64214  419.342 5.8589e-05 0 1 2.62341e-09 4.7134e-10
0.648829  419.345 5.85885e-05 0 1 2.57799e-09 4.63011e-10
0.655518  419.349 5.8588e-05 0 1 2.53263e-09 4.54695e-10
0.662207  419.352 5.85875e-05 0 1 2.48735e-09 4.46396e-10
0.668896  419.356 5.8587e-05 0 1 2.44216e-09 4.38116e-10
0.675585  419.36 5.85865e-05 0 1 2.3971e-09 4.29858e-10
0.682274  419.363 5.8586e-05 0 1 2.35217e-09 4.21627e-10
0.688963  419.367 5.85855e-05 0 1 2.30738e-09 4.13424e-10
0.695652  419.37 5.8585e-05 0 1 2.26277e-09 4.05254e-10
0.702341  419.374 5.85845e-05 0 1 2.21834e-09 3.97119e-10
0.70903  419.378 5.8584e-05 0 1 2.17411e-09 3.89022e-10
0.715719  419.381 5.85835e-05 0 1 2.13009e-09 3.80965e-10
0.722408  419.385 5.8583e-05 0 1 2.0863e-09 3.72952e-10
0.729097  419.388 5.85825e-05 0 1 2.04275e-09 3.64986e-10
0.735786  419.392 5.8582e-05 0 1 1.99947e-09 3.57068e-10
0.742475  419.396 5.85815e-05 0 1 1.95645e-09 3.49202e-10
0.749164  419.399 5.8581e-05 0 1 1.91373e-09 3.4139e-10
0.755853  419.403 5.85805e-05 0 1 1.8713e-09 3.33635e-10
0.762542  419.406 5.858e-05 0 1 1.82918e-09 3.25938e-10
0.769231  419.41 5.85795e-05 0 1 1.78739e-09 3.18302e-10
0.77592  419.414 5.85789e-05 0 1 1.74593e-09 3.1073e-10
0.782609  419.417 5.85784e-05 0 1 1.70483e-09 3.03223e-10
0.789298  419.421 5.85779e-05 0 1 1.66408e-09 2.95784e-10
0.795987  419.425 5.85774e-05 0 1 1.6237e-09 2.88415e-10
0.802676  419.428 5.85769e-05 0 1 1.58371e-09 2.81117e-10
0.809365  419.432 5.85764e-05 0 1 1.5441e-09 2.73893e-10
0.816054  419.435 5.85759e-05 0 1 1.5049e-09 2.66743e-10
0.822742  419.439 5.85754e-05 0 1 1.4661e-09 2.5967e-10
0.829431  419.443 5.85749e-05 0 1 1.42772e-09 2.52676e-10
0.83612  419.446 5.85744e-05 0 1 1.38978e-09 2.45762e-10
0.842809  419.45 5.85739e-05 0 1 1.35227e-09 2.3893e-10
0.849498  419.453 5.85734e-05 0 1 1.3152e-09 2.32181e-10
0.856187  419.457 5.85729e-05 0 1 1.2786e-09 2.25518e-10
0.862876  419.46 5.85724e-05 0 1 1.24245e-09 2.18941e-10
0.869565  419.464 5.85719e-05 0 1 1.20677e-09 2.12451e-10
0.876254  419.467 5.85714e-05 0 1 1.17157e-09 2.0605e-10
0.882943  419.471 5.85709e-05 0 1 1.13685e-09 1.99739e-10
0.889632  419.475 5.85705e-05 0 1 1.10261e-09 1.93519e-10
0.896321  419.478 5.857e-05 0 1 1.06887e-09 1.87391e-10
0.90301  419.482 5.85695e-05 0 1 1.03563e-09 1.81356e-10
0.909699  419.485 5.8569e-05 0 1 1.0029e-09 1.75415e-10
0.916388  419.489 5.85685e-05 0 1 9.70669e-10 1.69568e-10
0.923077  419.492 5.85681e-05 0 0.999999 9.38954e-10 1.63818e-10
0.929766  419.495 5.85676e-05 0 0.999999 9.07755e-10 1.58163e-10
0.936455  419.499 5.85657e-05 0 1.00002 8.77094e-10 1.52608e-10
0.943144  419.502 5.85763e-05 0 0.999834 8.46971e-10 1.47155e-10
0.949833  419.506 5.84601e-05 0 1.00181 8.18897e-10 1.42061e-10
0.956522  419.509 5.85706e-05 0 0.999915 7.88184e-10 1.36517e-10
0.963211  419.513 5.86619e-05 0 0.998351 7.58083e-10 1.31086e-10
0.9699  419.516 5.85584e-05 0 1.00011 7.31619e-10 1.26291e-10
0.976589  419.519 5.85639e-05 0 1.00001 7.04107e-10 1.21324e-10
0.983278  419.523 5.85631e-05 0 1.00001 6.77183e-10 1.16464e-10
0.989967  419.526 5.85638e-05 0 0.999992 6.50775e-10 1.117e-10
0.996656  419.529 5.8563e-05 0 0.999997 6.24908e-10 1.07036e-10
1.00334  419.533 5.85623e-05 0 1 5.99584e-10 1.02474e-10
1.01003  419.536 5.85619e-05 0 1 5.74803e-10 9.80117e-11
1.01672  419.539 5.85614e-05 0 1 5.50565e-10 9.36505e-11
1.02341  419.542 5.8561e-05 0 1 5.2687e-10 8.939e-11
1.0301  419.546 5.85605e-05 0 1 5.03719e-10 8.52301e-11
1.03679  419.549 5.85601e-05 0 1 4.8111e-10 8.11708e-11
1.04348  419.552 5.85596e-05 0 1 4.59043e-10 7.72119e-11
1.05017  419.555 5.85592e-05 0 1 4.37516e-10 7.33531e-11
1.05686  419.558 5.85587e-05 0 1 4.1653e-10 6.95942e-11
1.06355  419.562 5.85583e-05 0 1 3.96081e-10 6.59348e-11
1.07023  419.565 5.85579e-05 0 1 3.76168e-10 6.23746e-11
1.07692  419.568 5.85574e-05 0 1 3.5679e-10 5.89132e-11
1.08361  419.571 5.8557e-05 0 1 3.37943e-10 5.55502e-11
1.0903  419.574 5.85566e-05 0 1 3.19626e-10 5.2285e-11
1.09699  419.577 5.85561e-05 0 1 3.01835e-10 4.91171e-11
1.10368  419.58 5.85557e-05 0 1 2.84568e-10 4.6046e-11
1.11037  419.583 5.85553e-05 0 1 2.67822e-10 4.30709e-11
1.11706  419.586 5.85549e-05 0 1 2.51593e-10 4.01913e-11
1.12375  419.589 5.85545e-05 0 1 2.35878e-10 3.74065e-11
1.13043  419.592 5.8554e-05 0 1 2.20672e-10 3.47156e-11
1.13712  419.595 5.85536e-05 0 1 2.05972e-10 3.2118e-11
1.14381  419.598 5.85532e-05 0 1 1.91774e-10 2.96129e-11
1.1505  419.601 5.85528e-05 0 1 1.78073e-10 2.71994e-11
1.15719  419.604 5.85524e-05 0 1 1.64865e-10 2.48765e-11
1.16388  419.607 5.8552e-05 0 1 1.52144e-10 2.26434e-11
1.17057  419.609 5.85516e-05 0 1 1.39906e-10 2.04992e-11
1.17726  419.612 5.85512e-05 0 1 1.28146e-10 1.84428e-11
1.18395  419.615 5.85509e-05 0 1 1.16858e-10 1.64733e-11
1.19064  419.618 5.85505e-05 0 1 1.06038e-10 1.45895e-11
1.19732  419.62 5.85501e-05 0 1 9.56781e-11 1.27905e-11
1.20401  419.623 5.85497e-05 0 1 8.5774e-11 1.1075e-11
1.2107  419.626 5.85493e-05 0 1 7.63193e-11 9.44199e-12
1.21739  419.628 5.8549e-05 0 1 6.73079e-11 7.89027e-12
1.22408  419.631 5.85486e-05 0 1 5.87335e-11 6.41866e-12
1.23077  419.634 5.85482e-05 0 1 5.05898e-11 5.02593e-12
1.23746  419.636 5.85479e-05 0 1 4.28701e-11 3.71083e-12
1.24415  419.639 5.85475e-05 0 1 3.55677e-11 2.4721e-12
1.25084  419.641 5.85472e-05 0 1 2.86759e-11 1.30845e-12
1.25753  419.644 5.85468e-05 0 1 2.21878e-11 2.18557e-13
1.26421  419.647 5.85464e-05 0 1 1.60961e-11 0
1.2709  419.649 5.85461e-05 0 1 1.03938e-11 0
1.27759  419.651 5.85458e-05 0 1 5.07352e-12 0
1.28428  419.654 5.85454e-05 0 1 1.27918e-13 0
1.29097  419.656 5.85451e-05 0 1 0 0
1.29766  419.659 5.85448e-05 0 1 0 0
1.30435  419.661 5.85444e-05 0 1 0 0
1.31104  419.663 5.85441e-05 0 1 0 0
1.31773  419.666 5.85438e-05 0 1 0 0
1.32441  419.668 5.85435e-05 0 1 0 0
1.3311  419.67 5.85431e-05 0 1 0 0
1.33779  419.672 5.85428e-05 0 1 0 0
1.34448  419.675 5.85425e-05 0 1 0 0
1.35117  419.677 5.85422e-05 0 1 0 0
1.35786  419.679 5.85419e-05 0 1 2.26204e-11 0
1.36455  419.681 5.85416e-05 0 1 6.85041e-11 8.11248e-12
1.37124  419.683 5.85413e-05 0 1 1.13927e-10 1.72987e-11
1.37793  419.685 5.8541e-05 0 1 1.58885e-10 2.63923e-11
1.38462  419.687 5.85407e-05 0 1 2.03378e-10 3.53927e-11
1.3913  419.689 5.85405e-05 0 1 2.47403e-10 4.42995e-11
1.39799  419.692 5.85402e-05 0 1 2.90958e-10 5.31121e-11
1.40468  419.694 5.85399e-05 0 1 3.3404e-10 6.18301e-11
1.41137  419.695 5.85396e-05 0 1 3.76647e-10 7.0453e-11
1.41806  419.697 5.85394e-05 0 1 4.18777e-10 7.89803e-11
1.42475  419.699 5.85391e-05 0 0.999999 4.60429e-10 8.74116e-11
1.43144  419.701 5.85388e-05 0 1 5.016e-10 9.57467e-11
1.43813  419.703 5.85386e-05 0 1 5.42288e-10 1.03985e-10
1.44482  419.705 5.85383e-05 0 1 5.82492e-10 1.12126e-10
1.45151  419.707 5.8538e-05 0 1 6.2221e-10 1.20169e-10
1.45819  419.709 5.85378e-05 0 1 6.61439e-10 1.28114e-10
1.46488  419.71 5.85376e-05 0 1 7.00179e-10 1.35961e-10
1.47157  419.712 5.85373e-05 0 1 7.38428e-10 1.43709e-10
1.47826  419.714 5.85371e-05 0 1 7.76184e-10 1.51359e-10
1.48495  419.715 5.85368e-05 0 1 8.13445e-10 1.58908e-10
1.49164  419.717 5.85366e-05 0 1 8.50211e-10 1.66358e-10
1.49833  419.719 5.85364e-05 0 1 8.8648e-10 1.73708e-10
1.50502  419.72 5.85361e-05 0 1 9.2225e-10 1.80958e-10
1.51171  419.722 5.85359e-05 0 1 9.5752e-10 1.88107e-10
1.51839  419.724 5.85357e-05 0 1 9.92771e-10 1.95155e-10
1.52508  419.725 5.85355e-05 0 1 1.03015e-09 2.02269e-10
1.53177  419.727 5.85353e-05 0 1 1.06709e-09 2.09756e-10
1.53846  419.728 5.85351e-05 0 1 1.10359e-09 2.17151e-10
1.54515  419.73 5.85349e-05 0 1 1.13964e-09 2.24453e-10
1.55184  419.731 5.85347e-05 0 1 1.17523e-09 2.3166e-10
1.55853  419.732 5.85345e-05 0 1 1.21035e-09 2.3877e-10
1.56522  419.734 5.85343e-05 0 1 1.24499e-09 2.45782e-10
1.57191  419.735 5.85341e-05 0 1 1.27915e-09 2.52694e-10
1.5786  419.737 5.85339e-05 0 1 1.31282e-09 2.59505e-10
1.58528  419.738 5.85337e-05 0 1 1.34599e-09 2.66214e-10
1.59197  419.739 5.85334e-05 0 1 1.37866e-09 2.72819e-10
1.59866  419.74 5.85334e-05 0 0.999998 1.41081e-09 2.79317e-10
1.60535  419.742 5.85332e-05 0 1 1.44244e-09 2.8571e-10
1.61204  419.743 5.8533e-05 0 1 1.47354e-09 2.91994e-10
1.61873  419.744 5.85328e-05 0 1 1.5041e-09 2.98169e-10
1.62542  419.745 5.85327e-05 0 1 1.53413e-09 3.04234e-10
1.63211  419.747 5.85325e-05 0 1 1.5636e-09 3.10187e-10
1.6388  419.748 5.85323e-05 0 1 1.59252e-09 3.16028e-10
1.64548  419.749 5.85322e-05 0 1 1.62088e-09 3.21756e-10
1.65217  419.75 5.8532e-05 0 1 1.64869e-09 3.27373e-10
1.65886  419.751 5.85319e-05 0 1 1.67593e-09 3.32876e-10
1.66555  419.752 5.85317e-05 0 1 1.70262e-09 3.38267e-10
1.67224  419.753 5.85316e-05 0 1 1.72875e-09 3.43546e-10
1.67893  419.754 5.85315e-05 0 1 1.75432e-09 3.48712e-10
1.68562  419.755 5.85313e-05 0 1 1.77934e-09 3.53766e-10
1.69231  419.756 5.85312e-05 0 1 1.80379e-09 3.58706e-10
1.699  419.757 5.85311e-05 0 1 1.82769e-09 3.63534e-10
1.70569  419.758 5.85309e-05 0 1 1.85102e-09 3.6825e-10
1.71237  419.759 5.85308e-05 0 1 1.8738e-09 3.72853e-10
1.71906  419.759 5.85307e-05 0 1 1.89602e-09 3.77343e-10
1.72575  419.76 5.85306e-05 0 1 1.91769e-09 3.81721e-10
1.73244  419.761 5.85305e-05 0 1 1.93879e-09 3.85986e-10
1.73913  419.762 5.85304e-05 0 1 1.95934e-09 3.90139e-10
1.74582  419.763 5.85302e-05 0 1 1.97933e-09 3.94179e-10
1.75251  419.763 5.85301e-05 0 1 1.99877e-09 3.98108e-10
1.7592  419.764 5.853e-05 0 1 2.01765e-09 4.01925e-10
1.76589  419.765 5.85299e-05 0 1 2.03598e-09 4.05629e-10
1.77258  419.766 5.85299e-05 0 1 2.05376e-09 4.09222e-10
1.77926  419.766 5.85298e-05 0 1 2.07098e-09 4.12704e-10
1.78595  419.767 5.85297e-05 0 1 2.08766e-09 4.16074e-10
1.79264  419.767 5.85296e-05 0 1 2.10378e-09 4.19333e-10
1.79933  419.768 5.85295e-05 0 1 2.11935e-09 4.22482e-10
1.80602  419.769 5.85294e-05 0 1 2.13438e-09 4.2552e-10
1.81271  419.769 5.85293e-05 0 1 2.14886e-09 4.28447e-10
1.8194  419.77 5.85293e-05 0 1 2.1628e-09 4.31264e-10
1.82609  419.77 5.85292e-05 0 1 2.17619e-09 4.33972e-10
1.83278  419.771 5.85291e-05 0 1 2.18904e-09 4.3657e-10
1.83946  419.771 5.85291e-05 0 1 2.20135e-09 4.39059e-10
1.84615  419.772 5.8529e-05 0 1 2.21312e-09 4.41439e-10
1.85284  419.772 5.85289e-05 0 1 2.22436e-09 4.4371e-10
1.85953  419.772 5.85289e-05 0 1 2.23506e-09 4.45874e-10
1.86622  419.773 5.85288e-05 0 1 2.24522e-09 4.47929e-10
1.87291  419.773 5.85287e-05 0 1 2.25486e-09 4.49878e-10
1.8796  419.774 5.85287e-05 0 1 2.26397e-09 4.51719e-10
1.88629  419.774 5.85287e-05 0 1 2.27254e-09 4.53454e-10
1.89298  419.774 5.85287e-05 0 0.999999 2.28059e-09 4.55082e-10
1.89967  419.774 5.85286e-05 0 1 2.28813e-09 4.56605e-10
1.90635  419.775 5.85286e-05 0 1 2.29514e-09 4.58023e-10
1.91304  419.775 5.85285e-05 0 1 2.30163e-09 4.59336e-10
1.91973  419.775 5.85285e-05 0 1 2.30761e-09 4.60545e-10
1.92642  419.775 5.85285e-05 0 1 2.31307e-09 4.61649e-10
1.93311  419.776 5.85285e-05 0 1 2.31803e-09 4.62651e-10
1.9398  419.776 5.85284e-05 0 1 2.32247e-09 4.6355e-10
1.94649  419.776 5.85284e-05 0 1 2.32641e-09 4.64347e-10
1.95318  419.776 5.85284e-05 0 1 2.32985e-09 4.65042e-10
1.95987  419.776 5.85284e-05 0 1 2.33279e-09 4.65636e-10
1.96656  419.776 5.85284e-05 0 1 2.33523e-09 4.66129e-10
1.97324  419.776 5.85284e-05 0 1 2.33717e-09 4.66523e-10
1.97993  419.776 5.85283e-05 0 1 2.33863e-09 4.66817e-10
1.98662  419.776 5.85283e-05 0 1 2.33959e-09 4.67012e-10
1.99331  419.776 5.85283e-05 0 1 2.34007e-09 4.6711e-10
2  419.776 5.85283e-05 0 1 2.34007e-09 4.6711e-10
