TITLE="Graphics"
VARIABLES= "x", "T", "rho", "u",, "Y_H2", "Y_O2", "Y_N2"
0  400 6.1422e-05 0 1 0 0
0.00668896  419.26 5.86005e-05 0 1 2.75908e-09 5.01727e-10
0.0133779  419.26 5.86005e-05 0 1 2.75859e-09 5.01636e-10
0.0200669  419.26 5.86005e-05 0 1 2.75771e-09 5.01474e-10
0.0267559  419.26 5.86004e-05 0 1 2.75645e-09 5.01242e-10
0.0334448  419.26 5.86004e-05 0 1 2.75482e-09 5.00941e-10
0.0401338  419.26 5.86004e-05 0 1 2.75282e-09 5.00573e-10
0.0468227  419.26 5.86004e-05 0 1 2.75045e-09 5.00136e-10
0.0535117  419.261 5.86003e-05 0 1 2.74772e-09 4.99632e-10
0.0602007  419.261 5.86003e-05 0 1 2.74462e-09 4.99061e-10
0.0668896  419.261 5.86002e-05 0 1 2.74116e-09 4.98422e-10
0.0735786  419.262 5.86002e-05 0 1 2.73733e-09 4.97716e-10
0.0802676  419.262 5.86001e-05 0 1 2.73314e-09 4.96943e-10
0.0869565  419.263 5.86e-05 0 1 2.72859e-09 4.96104e-10
0.0936455  419.263 5.85999e-05 0 1 2.72368e-09 4.95198e-10
0.100334  419.264 5.85999e-05 0 1 2.71841e-09 4.94226e-10
0.107023  419.265 5.85998e-05 0 1 2.71278e-09 4.93189e-10
0.113712  419.265 5.85997e-05 0 1 2.70679e-09 4.92085e-10
0.120401  419.266 5.85996e-05 0 1 2.70046e-09 4.90916e-10
0.12709  419.267 5.85995e-05 0 1 2.69376e-09 4.89682e-10
0.133779  419.267 5.85994e-05 0 1 2.68672e-09 4.88383e-10
0.140468  419.268 5.85993e-05 0 1 2.67933e-09 4.8702e-10
0.147157  419.269 5.85992e-05 0 1 2.67159e-09 4.85593e-10
0.153846  419.27 5.8599e-05 0 1 2.6635e-09 4.84102e-10
0.160535  419.271 5.85989e-05 0 1 2.65507e-09 4.82547e-10
0.167224  419.272 5.85988e-05 0 1 2.64629e-09 4.80929e-10
0.173913  419.273 5.85986e-05 0 1 2.63718e-09 4.79249e-10
0.180602  419.274 5.85985e-05 0 1 2.62773e-09 4.77506e-10
0.187291  419.275 5.85983e-05 0 1 2.61794e-09 4.75702e-10
0.19398  419.276 5.85982e-05 0 1 2.60782e-09 4.73836e-10
0.200669  419.277 5.8598e-05 0 1 2.59736e-09 4.71909e-10
0.207358  419.278 5.85979e-05 0 1 2.58658e-09 4.69922e-10
0.214047  419.279 5.85977e-05 0 1 2.57547e-09 4.67875e-10
0.220736  419.281 5.85975e-05 0 1 2.56404e-09 4.65768e-10
0.227425  419.282 5.85973e-05 0 1 2.55229e-09 4.63602e-10
0.234114  419.283 5.85972e-05 0 1 2.54022e-09 4.61377e-10
0.240803  419.285 5.8597e-05 0 1 2.52784e-09 4.59095e-10
0.247492  419.286 5.85968e-05 0 1 2.51514e-09 4.56755e-10
0.254181  419.287 5.85966e-05 0 1 2.50214e-09 4.54359e-10
0.26087  419.289 5.85964e-05 0 1 2.48883e-09 4.51906e-10
0.267559  419.29 5.85962e-05 0 1 2.47521e-09 4.49397e-10
0.274247  419.292 5.8596e-05 0 1 2.4613e-09 4.46834e-10
0.280936  419.293 5.85957e-05 0 1 2.44709e-09 4.44215e-10
0.287625  419.295 5.85955e-05 0 1 2.43259e-09 4.41543e-10
0.294314  419.297 5.85953e-05 0 1 2.4178e-09 4.38818e-10
0.301003  419.298 5.85951e-05 0 1 2.40273e-09 4.3604e-10
0.307692  419.3 5.85948e-05 0 1 2.38737e-09 4.33211e-10
0.314381  419.302 5.85946e-05 0 1 2.37174e-09 4.30332e-10
0.32107  419.303 5.85944e-05 0 1 2.35583e-09 4.27401e-10
0.327759  419.305 5.85941e-05 0 1 2.33964e-09 4.24421e-10
0.334448  419.307 5.85939e-05 0 1 2.3232e-09 4.21392e-10
0.341137  419.309 5.85936e-05 0 1 2.30648e-09 4.18314e-10
0.347826  419.311 5.85933e-05 0 1 2.28951e-09 4.15188e-10
0.354515  419.313 5.85931e-05 0 1 2.27228e-09 4.12016e-10
0.361204  419.314 5.85928e-05 0 1 2.2548e-09 4.08797e-10
0.367893  419.316 5.85925e-05 0 1 2.23707e-09 4.05533e-10
0.374582  419.318 5.85923e-05 0 1 2.21909e-09 4.02224e-10
0.381271  419.32 5.8592e-05 0 1 2.20088e-09 3.98872e-10
0.38796  419.322 5.85917e-05 0 1 2.18243e-09 3.95476e-10
0.394649  419.324 5.85914e-05 0 1 2.16375e-09 3.92038e-10
0.401338  419.326 5.85911e-05 0 1 2.14485e-09 3.88558e-10
0.408027  419.329 5.85908e-05 0 1 2.12572e-09 3.85038e-10
0.414716  419.331 5.85905e-05 0 1 2.10637e-09 3.81478e-10
0.421405  419.333 5.85902e-05 0 1 2.08681e-09 3.77879e-10
0.428094  419.335 5.85899e-05 0 1 2.06704e-09 3.74241e-10
0.434783  419.337 5.85896e-05 0 1 2.04707e-09 3.70567e-10
0.441472  419.339 5.85893e-05 0 1 2.02689e-09 3.66856e-10
0.448161  419.342 5.8589e-05 0 1 2.00652e-09 3.63109e-10
0.454849  419.344 5.85887e-05 0 1 1.98597e-09 3.59328e-10
0.461538  419.346 5.85884e-05 0 1 1.96522e-09 3.55513e-10
0.468227  419.348 5.85881e-05 0 1 1.9443e-09 3.51665e-10
0.474916  419.351 5.85877e-05 0 1 1.92319e-09 3.47784e-10
0.481605  419.353 5.85874e-05 0 1 1.90192e-09 3.43873e-10
0.488294  419.355 5.85871e-05 0 1 1.88048e-09 3.39932e-10
0.494983  419.358 5.85867e-05 0 1 1.85888e-09 3.35961e-10
0.501672  419.36 5.85864e-05 0 1 1.83712e-09 3.31962e-10
0.508361  419.363 5.85861e-05 0 1 1.81521e-09 3.27935e-10
0.51505  419.365 5.85857e-05 0 1 1.79316e-09 3.23882e-10
0.521739  419.368 5.85854e-05 0 1 1.77096e-09 3.19803e-10
0.528428  419.37 5.8585e-05 0 1 1.74862e-09 3.15699e-10
0.535117  419.373 5.85847e-05 0 1 1.72616e-09 3.11572e-10
0.541806  419.375 5.85843e-05 0 1 1.70357e-09 3.07422e-10
0.548495  419.378 5.8584e-05 0 1 1.68085e-09 3.0325e-10
0.555184  419.38 5.85836e-05 0 1 1.65802e-09 2.99057e-10
0.561873  419.383 5.85833e-05 0 1 1.63508e-09 2.94845e-10
0.568562  419.385 5.85829e-05 0 1 1.61204e-09 2.90613e-10
0.575251  419.388 5.85826e-05 0 1 1.5889e-09 2.86365e-10
0.58194  419.39 5.85822e-05 0 1 1.56567e-09 2.82102e-10
0.588629  419.393 5.85818e-05 0 1 1.54238e-09 2.77826e-10
0.595318  419.396 5.85815e-05 0 1 1.51902e-09 2.73539e-10
0.602007  419.398 5.85811e-05 0 1 1.49562e-09 2.69243e-10
0.608696  419.401 5.85807e-05 0 1 1.47217e-09 2.64942e-10
0.615385  419.404 5.85804e-05 0 1 1.4487e-09 2.60635e-10
0.622074  419.406 5.858e-05 0 1 1.42521e-09 2.56326e-10
0.628763  419.409 5.85796e-05 0 1 1.40172e-09 2.52016e-10
0.635452  419.412 5.85792e-05 0 1 1.37822e-09 2.47707e-10
0.64214  419.414 5.85789e-05 0 1 1.35474e-09 2.43401e-10
0.648829  419.417 5.85785e-05 0 1 1.33128e-09 2.39101e-10
0.655518  419.42 5.85781e-05 0 1 1.30786e-09 2.34806e-10
0.662207  419.422 5.85777e-05 0 1 1.28447e-09 2.3052e-10
0.668896  419.425 5.85773e-05 0 1 1.26114e-09 2.26244e-10
0.675585  419.428 5.8577e-05 0 1 1.23787e-09 2.2198e-10
0.682274  419.431 5.85766e-05 0 1 1.21467e-09 2.1773e-10
0.688963  419.433 5.85762e-05 0 1 1.19154e-09 2.13494e-10
0.695652  419.436 5.85758e-05 0 1 1.1685e-09 2.09275e-10
0.702341  419.439 5.85754e-05 0 1 1.14556e-09 2.05074e-10
0.70903  419.442 5.8575e-05 0 1 1.12272e-09 2.00892e-10
0.715719  419.444 5.85747e-05 0 1 1.09998e-09 1.96732e-10
0.722408  419.447 5.85743e-05 0 1 1.07737e-09 1.92594e-10
0.729097  419.45 5.85739e-05 0 1 1.05489e-09 1.8848e-10
0.735786  419.453 5.85735e-05 0 1 1.03253e-09 1.84391e-10
0.742475  419.456 5.85731e-05 0 1 1.01032e-09 1.80329e-10
0.749164  419.458 5.85727e-05 0 1 9.88255e-10 1.76295e-10
0.755853  419.461 5.85723e-05 0 1 9.66345e-10 1.7229e-10
0.762542  419.464 5.85719e-05 0 1 9.44595e-10 1.68315e-10
0.769231  419.467 5.85715e-05 0 1 9.23014e-10 1.64372e-10
0.77592  419.47 5.85712e-05 0 1 9.01606e-10 1.60462e-10
0.782609  419.472 5.85708e-05 0 1 8.80378e-10 1.56586e-10
0.789298  419.475 5.85704e-05 0 1 8.59336e-10 1.52744e-10
0.795987  419.478 5.857e-05 0 1 8.38486e-10 1.48939e-10
0.802676  419.481 5.85696e-05 0 1 8.17832e-10 1.4517e-10
0.809365  419.483 5.85692e-05 0 1 7.97381e-10 1.41439e-10
0.816054  419.486 5.85688e-05 0 1 7.77135e-10 1.37747e-10
0.822742  419.489 5.85684e-05 0 1 7.57099e-10 1.34094e-10
0.829431  419.492 5.8568e-05 0 1 7.37281e-10 1.30483e-10
0.83612  419.495 5.85677e-05 0 1 7.17685e-10 1.26912e-10
0.842809  419.497 5.85673e-05 0 1 6.98316e-10 1.23384e-10
0.849498  419.5 5.85669e-05 0 1 6.79177e-10 1.19899e-10
0.856187  419.503 5.85665e-05 0 1 6.60272e-10 1.16458e-10
0.862876  419.506 5.85661e-05 0 1 6.41606e-10 1.13062e-10
0.869565  419.508 5.85657e-05 0 1 6.23181e-10 1.0971e-10
0.876254  419.511 5.85653e-05 0 1 6.05002e-10 1.06405e-10
0.882943  419.514 5.8565e-05 0 1 5.87072e-10 1.03146e-10
0.889632  419.517 5.85646e-05 0 1 5.69394e-10 9.99337e-11
0.896321  419.519 5.85642e-05 0 1 5.51971e-10 9.67692e-11
0.90301  419.522 5.85638e-05 0 1 5.34805e-10 9.36527e-11
0.909699  419.525 5.85634e-05 0 1 5.179e-10 9.05847e-11
0.916388  419.528 5.85631e-05 0 0.999999 5.01257e-10 8.75657e-11
0.923077  419.53 5.85628e-05 0 0.999998 4.84879e-10 8.4596e-11
0.929766  419.533 5.85624e-05 0 0.999999 4.68768e-10 8.1676e-11
0.936455  419.536 5.85597e-05 0 1.00004 4.52935e-10 7.88076e-11
0.943144  419.538 5.85761e-05 0 0.999751 4.37379e-10 7.59912e-11
0.949833  419.541 5.84611e-05 0 1.00171 4.22882e-10 7.3361e-11
0.956522  419.544 5.85684e-05 0 0.999871 4.07021e-10 7.04981e-11
0.963211  419.546 5.86436e-05 0 0.998582 3.91477e-10 6.76932e-11
0.9699  419.549 5.85549e-05 0 1.00009 3.77811e-10 6.52173e-11
0.976589  419.552 5.85595e-05 0 1 3.63604e-10 6.2652e-11
0.983278  419.554 5.85583e-05 0 1.00002 3.497e-10 6.01424e-11
0.989967  419.557 5.85599e-05 0 0.999984 3.36063e-10 5.76823e-11
0.996656  419.559 5.85589e-05 0 0.999994 3.22705e-10 5.5274e-11
1.00334  419.562 5.85582e-05 0 1 3.09627e-10 5.29178e-11
1.01003  419.565 5.85579e-05 0 1 2.9683e-10 5.06136e-11
1.01672  419.567 5.85575e-05 0 1 2.84314e-10 4.83614e-11
1.02341  419.57 5.85572e-05 0 1 2.72078e-10 4.61613e-11
1.0301  419.572 5.85568e-05 0 1 2.60122e-10 4.40131e-11
1.03679  419.575 5.85565e-05 0 1 2.48447e-10 4.19169e-11
1.04348  419.577 5.85561e-05 0 1 2.37051e-10 3.98725e-11
1.05017  419.58 5.85558e-05 0 1 2.25935e-10 3.78798e-11
1.05686  419.582 5.85554e-05 0 1 2.15097e-10 3.59387e-11
1.06355  419.585 5.85551e-05 0 1 2.04538e-10 3.4049e-11
1.07023  419.587 5.85547e-05 0 1 1.94255e-10 3.22105e-11
1.07692  419.59 5.85544e-05 0 1 1.84247e-10 3.0423e-11
1.08361  419.592 5.8554e-05 0 1 1.74515e-10 2.86863e-11
1.0903  419.595 5.85537e-05 0 1 1.65056e-10 2.70002e-11
1.09699  419.597 5.85534e-05 0 1 1.55869e-10 2.53643e-11
1.10368  419.599 5.8553e-05 0 1 1.46952e-10 2.37783e-11
1.11037  419.602 5.85527e-05 0 1 1.38304e-10 2.2242e-11
1.11706  419.604 5.85524e-05 0 1 1.29924e-10 2.07549e-11
1.12375  419.607 5.8552e-05 0 1 1.21808e-10 1.93168e-11
1.13043  419.609 5.85517e-05 0 1 1.13956e-10 1.79273e-11
1.13712  419.611 5.85514e-05 0 1 1.06365e-10 1.65859e-11
1.14381  419.614 5.85511e-05 0 1 9.90328e-11 1.52922e-11
1.1505  419.616 5.85507e-05 0 1 9.19575e-11 1.40458e-11
1.15719  419.618 5.85504e-05 0 1 8.51366e-11 1.28463e-11
1.16388  419.62 5.85501e-05 0 1 7.85676e-11 1.16932e-11
1.17057  419.623 5.85498e-05 0 1 7.2248e-11 1.05859e-11
1.17726  419.625 5.85495e-05 0 1 6.61751e-11 9.52394e-12
1.18395  419.627 5.85492e-05 0 1 6.03461e-11 8.50686e-12
1.19064  419.629 5.85489e-05 0 1 5.47582e-11 7.53408e-12
1.19732  419.631 5.85486e-05 0 1 4.94085e-11 6.60504e-12
1.20401  419.634 5.85483e-05 0 1 4.4294e-11 5.71917e-12
1.2107  419.636 5.8548e-05 0 1 3.94115e-11 4.87588e-12
1.21739  419.638 5.85477e-05 0 1 3.4758e-11 4.07457e-12
1.22408  419.64 5.85474e-05 0 1 3.03302e-11 3.31462e-12
1.23077  419.642 5.85471e-05 0 1 2.61247e-11 2.59541e-12
1.23746  419.644 5.85468e-05 0 1 2.21383e-11 1.91629e-12
1.24415  419.646 5.85465e-05 0 1 1.83673e-11 1.2766e-12
1.25084  419.648 5.85462e-05 0 1 1.48084e-11 6.75688e-13
1.25753  419.65 5.85459e-05 0 1 1.14578e-11 1.12863e-13
1.26421  419.652 5.85457e-05 0 1 8.31208e-12 0
1.2709  419.654 5.85454e-05 0 1 5.36738e-12 0
1.27759  419.656 5.85451e-05 0 1 2.61998e-12 0
1.28428  419.658 5.85448e-05 0 1 6.60575e-14 0
1.29097  419.66 5.85446e-05 0 1 0 0
1.29766  419.662 5.85443e-05 0 1 0 0
1.30435  419.664 5.8544e-05 0 1 0 0
1.31104  419.666 5.85438e-05 0 1 0 0
1.31773  419.668 5.85435e-05 0 1 0 0
1.32441  419.669 5.85432e-05 0 1 0 0
1.3311  419.671 5.8543e-05 0 1 0 0
1.33779  419.673 5.85427e-05 0 1 0 0
1.34448  419.675 5.85425e-05 0 1 0 0
1.35117  419.677 5.85422e-05 0 1 0 0
1.35786  419.678 5.8542e-05 0 1 4.21452e-11 0
1.36455  419.68 5.85418e-05 0 1 1.27633e-10 1.51148e-11
1.37124  419.682 5.85415e-05 0 1 2.12262e-10 3.22301e-11
1.37793  419.684 5.85413e-05 0 1 2.96027e-10 4.91728e-11
1.38462  419.685 5.85411e-05 0 1 3.78925e-10 6.59419e-11
1.3913  419.687 5.85408e-05 0 1 4.60949e-10 8.25365e-11
1.39799  419.688 5.85406e-05 0 1 5.42098e-10 9.89557e-11
1.40468  419.69 5.85404e-05 0 1 6.22366e-10 1.15199e-10
1.41137  419.692 5.85401e-05 0 1 7.0175e-10 1.31264e-10
1.41806  419.693 5.85399e-05 0 1 7.80245e-10 1.47152e-10
1.42475  419.695 5.85398e-05 0 0.999999 8.57847e-10 1.62861e-10
1.43144  419.696 5.85395e-05 0 1 9.34556e-10 1.7839e-10
1.43813  419.698 5.85393e-05 0 1 1.01036e-09 1.93739e-10
1.44482  419.699 5.85391e-05 0 1 1.08527e-09 2.08907e-10
1.45151  419.701 5.85389e-05 0 1 1.15927e-09 2.23893e-10
1.45819  419.702 5.85387e-05 0 1 1.23236e-09 2.38696e-10
1.46488  419.704 5.85385e-05 0 1 1.30454e-09 2.53316e-10
1.47157  419.705 5.85383e-05 0 1 1.3758e-09 2.67752e-10
1.47826  419.706 5.85381e-05 0 1 1.44615e-09 2.82004e-10
1.48495  419.708 5.85379e-05 0 1 1.51557e-09 2.9607e-10
1.49164  419.709 5.85377e-05 0 1 1.58407e-09 3.0995e-10
1.49833  419.711 5.85375e-05 0 1 1.65164e-09 3.23644e-10
1.50502  419.712 5.85373e-05 0 1 1.71829e-09 3.37152e-10
1.51171  419.713 5.85372e-05 0 1 1.784e-09 3.50471e-10
1.51839  419.714 5.8537e-05 0 1 1.84903e-09 3.63603e-10
1.52508  419.716 5.85368e-05 0 1 1.91448e-09 3.76632e-10
1.53177  419.717 5.85366e-05 0 1 1.97903e-09 3.89718e-10
1.53846  419.718 5.85365e-05 0 1 2.04267e-09 4.02619e-10
1.54515  419.719 5.85363e-05 0 1 2.1054e-09 4.15335e-10
1.55184  419.721 5.85361e-05 0 1 2.16721e-09 4.27865e-10
1.55853  419.722 5.8536e-05 0 1 2.22811e-09 4.40208e-10
1.56522  419.723 5.85358e-05 0 1 2.28807e-09 4.52362e-10
1.57191  419.724 5.85356e-05 0 1 2.3471e-09 4.64328e-10
1.5786  419.725 5.85355e-05 0 1 2.4052e-09 4.76103e-10
1.58528  419.726 5.85353e-05 0 1 2.46236e-09 4.87688e-10
1.59197  419.727 5.85351e-05 0 1 2.51857e-09 4.99082e-10
1.59866  419.728 5.85351e-05 0 0.999998 2.57383e-09 5.10281e-10
1.60535  419.729 5.85349e-05 0 1 2.62815e-09 5.2129e-10
1.61204  419.73 5.85348e-05 0 1 2.6815e-09 5.32103e-10
1.61873  419.731 5.85346e-05 0 1 2.7339e-09 5.42723e-10
1.62542  419.732 5.85345e-05 0 1 2.78533e-09 5.53147e-10
1.63211  419.733 5.85344e-05 0 1 2.8358e-09 5.63375e-10
1.6388  419.734 5.85342e-05 0 1 2.8853e-09 5.73407e-10
1.64548  419.735 5.85341e-05 0 1 2.93383e-09 5.83244e-10
1.65217  419.736 5.8534e-05 0 1 2.98139e-09 5.92884e-10
1.65886  419.737 5.85339e-05 0 1 3.02798e-09 6.02329e-10
1.66555  419.738 5.85337e-05 0 1 3.0736e-09 6.11577e-10
1.67224  419.739 5.85336e-05 0 1 3.11826e-09 6.2063e-10
1.67893  419.739 5.85335e-05 0 1 3.16194e-09 6.29487e-10
1.68562  419.74 5.85334e-05 0 1 3.20466e-09 6.38148e-10
1.69231  419.741 5.85333e-05 0 1 3.24641e-09 6.46614e-10
1.699  419.742 5.85332e-05 0 1 3.2872e-09 6.54885e-10
1.70569  419.742 5.85331e-05 0 1 3.32702e-09 6.6296e-10
1.71237  419.743 5.8533e-05 0 1 3.36588e-09 6.7084e-10
1.71906  419.744 5.85329e-05 0 1 3.40378e-09 6.78526e-10
1.72575  419.745 5.85328e-05 0 1 3.44072e-09 6.86017e-10
1.73244  419.745 5.85327e-05 0 1 3.4767e-09 6.93314e-10
1.73913  419.746 5.85326e-05 0 1 3.51172e-09 7.00417e-10
1.74582  419.746 5.85325e-05 0 1 3.54578e-09 7.07327e-10
1.75251  419.747 5.85324e-05 0 1 3.57889e-09 7.14043e-10
1.7592  419.748 5.85323e-05 0 1 3.61105e-09 7.20566e-10
1.76589  419.748 5.85323e-05 0 1 3.64226e-09 7.26897e-10
1.77258  419.749 5.85322e-05 0 1 3.67252e-09 7.33036e-10
1.77926  419.749 5.85321e-05 0 1 3.70183e-09 7.38983e-10
1.78595  419.75 5.8532e-05 0 1 3.7302e-09 7.44739e-10
1.79264  419.75 5.8532e-05 0 1 3.75763e-09 7.50304e-10
1.79933  419.751 5.85319e-05 0 1 3.78412e-09 7.55679e-10
1.80602  419.751 5.85318e-05 0 1 3.80968e-09 7.60864e-10
1.81271  419.752 5.85318e-05 0 1 3.8343e-09 7.6586e-10
1.8194  419.752 5.85317e-05 0 1 3.85799e-09 7.70667e-10
1.82609  419.753 5.85316e-05 0 1 3.88076e-09 7.75286e-10
1.83278  419.753 5.85316e-05 0 1 3.9026e-09 7.79718e-10
1.83946  419.753 5.85315e-05 0 1 3.92351e-09 7.83962e-10
1.84615  419.754 5.85315e-05 0 1 3.94351e-09 7.88021e-10
1.85284  419.754 5.85314e-05 0 1 3.9626e-09 7.91894e-10
1.85953  419.755 5.85314e-05 0 1 3.98077e-09 7.95582e-10
1.86622  419.755 5.85313e-05 0 1 3.99804e-09 7.99086e-10
1.87291  419.755 5.85313e-05 0 1 4.0144e-09 8.02407e-10
1.8796  419.755 5.85312e-05 0 1 4.02986e-09 8.05545e-10
1.88629  419.756 5.85312e-05 0 1 4.04443e-09 8.08501e-10
1.89298  419.756 5.85313e-05 0 0.999999 4.05809e-09 8.11275e-10
1.89967  419.756 5.85312e-05 0 1 4.07088e-09 8.1387e-10
1.90635  419.756 5.85311e-05 0 1 4.08278e-09 8.16285e-10
1.91304  419.757 5.85311e-05 0 1 4.0938e-09 8.18522e-10
1.91973  419.757 5.85311e-05 0 1 4.10394e-09 8.20581e-10
1.92642  419.757 5.8531e-05 0 1 4.11321e-09 8.22462e-10
1.93311  419.757 5.8531e-05 0 1 4.12162e-09 8.24168e-10
1.9398  419.757 5.8531e-05 0 1 4.12916e-09 8.25699e-10
1.94649  419.757 5.8531e-05 0 1 4.13584e-09 8.27056e-10
1.95318  419.757 5.8531e-05 0 1 4.14167e-09 8.28239e-10
1.95987  419.758 5.8531e-05 0 1 4.14666e-09 8.29251e-10
1.96656  419.758 5.85309e-05 0 1 4.15079e-09 8.30091e-10
1.97324  419.758 5.85309e-05 0 1 4.1541e-09 8.30761e-10
1.97993  419.758 5.85309e-05 0 1 4.15656e-09 8.31262e-10
1.98662  419.758 5.85309e-05 0 1 4.1582e-09 8.31595e-10
1.99331  419.758 5.85309e-05 0 1 4.15902e-09 8.3176e-10
2  419.758 5.85309e-05 0 1 4.15902e-09 8.3176e-10
