TITLE="Graphics"
VARIABLES= "x", "T", "rho", "u",, "Y_H2", "Y_O2", "Y_N2"
0  400 6.1422e-05 0 1 0 0
0.00668896  419.669 5.85434e-05 0 1 1.60661e-09 3.05938e-10
0.0133779  419.669 5.85434e-05 0 1 1.60674e-09 3.05966e-10
0.0200669  419.669 5.85434e-05 0 1 1.60698e-09 3.06016e-10
0.0267559  419.669 5.85434e-05 0 1 1.60733e-09 3.06088e-10
0.0334448  419.669 5.85434e-05 0 1 1.60777e-09 3.0618e-10
0.0401338  419.669 5.85434e-05 0 1 1.60832e-09 3.06294e-10
0.0468227  419.669 5.85434e-05 0 1 1.60896e-09 3.06429e-10
0.0535117  419.669 5.85434e-05 0 1 1.60971e-09 3.06585e-10
0.0602007  419.669 5.85434e-05 0 1 1.61055e-09 3.06761e-10
0.0668896  419.669 5.85434e-05 0 1 1.6115e-09 3.06958e-10
0.0735786  419.669 5.85434e-05 0 1 1.61254e-09 3.07177e-10
0.0802676  419.669 5.85434e-05 0 1 1.61369e-09 3.07416e-10
0.0869565  419.669 5.85434e-05 0 1 1.61493e-09 3.07675e-10
0.0936455  419.669 5.85434e-05 0 1 1.61627e-09 3.07956e-10
0.100334  419.669 5.85434e-05 0 1 1.61772e-09 3.08257e-10
0.107023  419.669 5.85434e-05 0 1 1.61926e-09 3.08579e-10
0.113712  419.669 5.85434e-05 0 1 1.6209e-09 3.08921e-10
0.120401  419.669 5.85434e-05 0 1 1.62264e-09 3.09284e-10
0.12709  419.669 5.85434e-05 0 1 1.62447e-09 3.09667e-10
0.133779  419.669 5.85433e-05 0 1 1.62641e-09 3.10071e-10
0.140468  419.669 5.85433e-05 0 1 1.62844e-09 3.10496e-10
0.147157  419.669 5.85433e-05 0 1 1.63057e-09 3.10941e-10
0.153846  419.669 5.85433e-05 0 1 1.6328e-09 3.11406e-10
0.160535  419.669 5.85433e-05 0 1 1.63513e-09 3.11891e-10
0.167224  419.669 5.85433e-05 0 1 1.63755e-09 3.12397e-10
0.173913  419.669 5.85433e-05 0 1 1.64007e-09 3.12923e-10
0.180602  419.669 5.85433e-05 0 1 1.64268e-09 3.13469e-10
0.187291  419.669 5.85433e-05 0 1 1.6454e-09 3.14035e-10
0.19398  419.669 5.85433e-05 0 1 1.6482e-09 3.14621e-10
0.200669  419.669 5.85433e-05 0 1 1.65111e-09 3.15228e-10
0.207358  419.669 5.85433e-05 0 1 1.65411e-09 3.15854e-10
0.214047  419.669 5.85433e-05 0 1 1.6572e-09 3.165e-10
0.220736  419.669 5.85433e-05 0 1 1.66039e-09 3.17165e-10
0.227425  419.669 5.85433e-05 0 1 1.66367e-09 3.17851e-10
0.234114  419.669 5.85433e-05 0 1 1.66705e-09 3.18556e-10
0.240803  419.669 5.85433e-05 0 1 1.67052e-09 3.1928e-10
0.247492  419.669 5.85433e-05 0 1 1.67409e-09 3.20024e-10
0.254181  419.669 5.85433e-05 0 1 1.67775e-09 3.20788e-10
0.26087  419.669 5.85433e-05 0 1 1.6815e-09 3.21571e-10
0.267559  419.669 5.85433e-05 0 1 1.68534e-09 3.22373e-10
0.274247  419.669 5.85433e-05 0 1 1.68927e-09 3.23194e-10
0.280936  419.669 5.85433e-05 0 1 1.6933e-09 3.24034e-10
0.287625  419.669 5.85432e-05 0 1 1.69741e-09 3.24894e-10
0.294314  419.67 5.85432e-05 0 1 1.70162e-09 3.25772e-10
0.301003  419.67 5.85432e-05 0 1 1.70592e-09 3.26669e-10
0.307692  419.67 5.85432e-05 0 1 1.71031e-09 3.27585e-10
0.314381  419.67 5.85432e-05 0 1 1.71478e-09 3.28519e-10
0.32107  419.67 5.85432e-05 0 1 1.71935e-09 3.29472e-10
0.327759  419.67 5.85432e-05 0 1 1.724e-09 3.30443e-10
0.334448  419.67 5.85432e-05 0 1 1.72874e-09 3.31433e-10
0.341137  419.67 5.85432e-05 0 1 1.73357e-09 3.32441e-10
0.347826  419.67 5.85432e-05 0 1 1.73848e-09 3.33467e-10
0.354515  419.67 5.85432e-05 0 1 1.74349e-09 3.34511e-10
0.361204  419.67 5.85432e-05 0 1 1.74857e-09 3.35573e-10
0.367893  419.67 5.85432e-05 0 1 1.75375e-09 3.36652e-10
0.374582  419.67 5.85432e-05 0 1 1.759e-09 3.3775e-10
0.381271  419.67 5.85432e-05 0 1 1.76434e-09 3.38864e-10
0.38796  419.67 5.85431e-05 0 1 1.76977e-09 3.39997e-10
0.394649  419.67 5.85431e-05 0 1 1.77528e-09 3.41146e-10
0.401338  419.67 5.85431e-05 0 1 1.78087e-09 3.42313e-10
0.408027  419.67 5.85431e-05 0 1 1.78654e-09 3.43497e-10
0.414716  419.67 5.85431e-05 0 1 1.79229e-09 3.44698e-10
0.421405  419.67 5.85431e-05 0 1 1.79813e-09 3.45916e-10
0.428094  419.671 5.85431e-05 0 1 1.80404e-09 3.4715e-10
0.434783  419.671 5.85431e-05 0 1 1.81004e-09 3.48401e-10
0.441472  419.671 5.85431e-05 0 1 1.81611e-09 3.49669e-10
0.448161  419.671 5.85431e-05 0 1 1.82226e-09 3.50953e-10
0.454849  419.671 5.85431e-05 0 1 1.82849e-09 3.52253e-10
0.461538  419.671 5.85431e-05 0 1 1.83479e-09 3.53569e-10
0.468227  419.671 5.8543e-05 0 1 1.84118e-09 3.54901e-10
0.474916  419.671 5.8543e-05 0 1 1.84763e-09 3.56248e-10
0.481605  419.671 5.8543e-05 0 1 1.85416e-09 3.57611e-10
0.488294  419.671 5.8543e-05 0 1 1.86077e-09 3.5899e-10
0.494983  419.671 5.8543e-05 0 1 1.86745e-09 3.60384e-10
0.501672  419.671 5.8543e-05 0 1 1.8742e-09 3.61794e-10
0.508361  419.671 5.8543e-05 0 1 1.88103e-09 3.63218e-10
0.51505  419.671 5.8543e-05 0 1 1.88793e-09 3.64657e-10
0.521739  419.671 5.8543e-05 0 1 1.89489e-09 3.66111e-10
0.528428  419.672 5.8543e-05 0 1 1.90193e-09 3.6758e-10
0.535117  419.672 5.85429e-05 0 1 1.90903e-09 3.69063e-10
0.541806  419.672 5.85429e-05 0 1 1.91621e-09 3.7056e-10
0.548495  419.672 5.85429e-05 0 1 1.92345e-09 3.72071e-10
0.555184  419.672 5.85429e-05 0 1 1.93076e-09 3.73597e-10
0.561873  419.672 5.85429e-05 0 1 1.93814e-09 3.75136e-10
0.568562  419.672 5.85429e-05 0 1 1.94558e-09 3.76689e-10
0.575251  419.672 5.85429e-05 0 1 1.95308e-09 3.78255e-10
0.58194  419.672 5.85429e-05 0 1 1.96065e-09 3.79834e-10
0.588629  419.672 5.85429e-05 0 1 1.96828e-09 3.81427e-10
0.595318  419.672 5.85428e-05 0 1 1.97598e-09 3.83033e-10
0.602007  419.672 5.85429e-05 0 1 1.98373e-09 3.84651e-10
0.608696  419.672 5.85428e-05 0 1 1.99155e-09 3.86282e-10
0.615385  419.672 5.85428e-05 0 1 1.99943e-09 3.87926e-10
0.622074  419.673 5.85428e-05 0 1 2.00736e-09 3.89582e-10
0.628763  419.673 5.85428e-05 0 1 2.01535e-09 3.9125e-10
0.635452  419.673 5.85428e-05 0 1 2.02341e-09 3.92929e-10
0.64214  419.673 5.85428e-05 0 1 2.03151e-09 3.94621e-10
0.648829  419.673 5.85428e-05 0 1 2.03967e-09 3.96324e-10
0.655518  419.673 5.85428e-05 0 1 2.04789e-09 3.98039e-10
0.662207  419.673 5.85427e-05 0 1 2.05616e-09 3.99764e-10
0.668896  419.673 5.85427e-05 0 1 2.06449e-09 4.01501e-10
0.675585  419.673 5.85427e-05 0 1 2.07286e-09 4.03249e-10
0.682274  419.673 5.85427e-05 0 1 2.08129e-09 4.05007e-10
0.688963  419.673 5.85427e-05 0 1 2.08977e-09 4.06776e-10
0.695652  419.673 5.85427e-05 0 1 2.09829e-09 4.08555e-10
0.702341  419.674 5.85427e-05 0 1 2.10687e-09 4.10344e-10
0.70903  419.674 5.85427e-05 0 1 2.11549e-09 4.12143e-10
0.715719  419.674 5.85427e-05 0 1 2.12416e-09 4.13951e-10
0.722408  419.674 5.85426e-05 0 1 2.13287e-09 4.15769e-10
0.729097  419.674 5.85426e-05 0 1 2.14163e-09 4.17597e-10
0.735786  419.674 5.85426e-05 0 1 2.15043e-09 4.19433e-10
0.742475  419.674 5.85426e-05 0 1 2.15928e-09 4.21279e-10
0.749164  419.674 5.85426e-05 0 1 2.16817e-09 4.23133e-10
0.755853  419.674 5.85426e-05 0 1 2.17709e-09 4.24996e-10
0.762542  419.674 5.85426e-05 0 1 2.18606e-09 4.26867e-10
0.769231  419.674 5.85426e-05 0 1 2.19507e-09 4.28746e-10
0.77592  419.674 5.85425e-05 0 1 2.20412e-09 4.30633e-10
0.782609  419.675 5.85425e-05 0 1 2.2132e-09 4.32528e-10
0.789298  419.675 5.85425e-05 0 1 2.22232e-09 4.3443e-10
0.795987  419.675 5.85425e-05 0 1 2.23147e-09 4.3634e-10
0.802676  419.675 5.85425e-05 0 1 2.24066e-09 4.38256e-10
0.809365  419.675 5.85425e-05 0 1 2.24988e-09 4.4018e-10
0.816054  419.675 5.85425e-05 0 1 2.25913e-09 4.4211e-10
0.822742  419.675 5.85425e-05 0 1 2.26842e-09 4.44047e-10
0.829431  419.675 5.85425e-05 0 1 2.27773e-09 4.45989e-10
0.83612  419.675 5.85424e-05 0 1 2.28707e-09 4.47938e-10
0.842809  419.675 5.85424e-05 0 1 2.29644e-09 4.49893e-10
0.849498  419.675 5.85424e-05 0 1 2.30584e-09 4.51854e-10
0.856187  419.676 5.85424e-05 0 1 2.31527e-09 4.53819e-10
0.862876  419.676 5.85424e-05 0 1 2.32472e-09 4.5579e-10
0.869565  419.676 5.85424e-05 0 1 2.33419e-09 4.57766e-10
0.876254  419.676 5.85424e-05 0 1 2.34368e-09 4.59747e-10
0.882943  419.676 5.85424e-05 0 1 2.3532e-09 4.61732e-10
0.889632  419.676 5.85423e-05 0 1 2.36274e-09 4.63722e-10
0.896321  419.676 5.85423e-05 0 1 2.3723e-09 4.65715e-10
0.90301  419.676 5.85423e-05 0 1 2.38188e-09 4.67713e-10
0.909699  419.676 5.85423e-05 0 1 2.39147e-09 4.69714e-10
0.916388  419.676 5.85424e-05 0 0.999999 2.40108e-09 4.71718e-10
0.923077  419.676 5.85424e-05 0 0.999998 2.4107e-09 4.73724e-10
0.929766  419.676 5.85418e-05 0 1.00001 2.42037e-09 4.7574e-10
0.936455  419.677 5.85399e-05 0 1.00004 2.43023e-09 4.77795e-10
0.943144  419.677 5.85615e-05 0 0.999671 2.43974e-09 4.79785e-10
0.949833  419.677 5.84489e-05 0 1.0016 2.45344e-09 4.8259e-10
0.956522  419.677 5.85532e-05 0 0.999813 2.45858e-09 4.83716e-10
0.963211  419.677 5.86107e-05 0 0.998831 2.46538e-09 4.85166e-10
0.9699  419.677 5.85362e-05 0 1.0001 2.4781e-09 4.87781e-10
0.976589  419.677 5.85436e-05 0 0.999976 2.48806e-09 4.89858e-10
0.983278  419.677 5.85404e-05 0 1.00003 2.49798e-09 4.91926e-10
0.989967  419.677 5.85435e-05 0 0.999977 2.50755e-09 4.93923e-10
0.996656  419.677 5.85427e-05 0 0.999991 2.51731e-09 4.95957e-10
1.00334  419.677 5.8542e-05 0 1 2.52706e-09 4.97991e-10
1.01003  419.678 5.85421e-05 0 1 2.53679e-09 5.0002e-10
1.01672  419.678 5.85421e-05 0 1 2.54652e-09 5.02049e-10
1.02341  419.678 5.85421e-05 0 1 2.55625e-09 5.04078e-10
1.0301  419.678 5.85421e-05 0 1 2.56598e-09 5.06107e-10
1.03679  419.678 5.85421e-05 0 1 2.57571e-09 5.08135e-10
1.04348  419.678 5.85421e-05 0 1 2.58543e-09 5.10163e-10
1.05017  419.678 5.85421e-05 0 1 2.59515e-09 5.12189e-10
1.05686  419.678 5.8542e-05 0 1 2.60486e-09 5.14214e-10
1.06355  419.678 5.8542e-05 0 1 2.61456e-09 5.16237e-10
1.07023  419.678 5.8542e-05 0 1 2.62426e-09 5.18259e-10
1.07692  419.678 5.8542e-05 0 1 2.63395e-09 5.20279e-10
1.08361  419.678 5.8542e-05 0 1 2.64362e-09 5.22296e-10
1.0903  419.679 5.8542e-05 0 1 2.65329e-09 5.24311e-10
1.09699  419.679 5.8542e-05 0 1 2.66294e-09 5.26323e-10
1.10368  419.679 5.8542e-05 0 1 2.67257e-09 5.28332e-10
1.11037  419.679 5.85419e-05 0 1 2.6822e-09 5.30338e-10
1.11706  419.679 5.85419e-05 0 1 2.6918e-09 5.32341e-10
1.12375  419.679 5.85419e-05 0 1 2.70139e-09 5.3434e-10
1.13043  419.679 5.85419e-05 0 1 2.71096e-09 5.36336e-10
1.13712  419.679 5.85419e-05 0 1 2.72051e-09 5.38327e-10
1.14381  419.679 5.85419e-05 0 1 2.73004e-09 5.40314e-10
1.1505  419.679 5.85419e-05 0 1 2.73955e-09 5.42296e-10
1.15719  419.679 5.85419e-05 0 1 2.74904e-09 5.44274e-10
1.16388  419.679 5.85419e-05 0 1 2.7585e-09 5.46246e-10
1.17057  419.68 5.85418e-05 0 1 2.76794e-09 5.48213e-10
1.17726  419.68 5.85418e-05 0 1 2.77735e-09 5.50175e-10
1.18395  419.68 5.85418e-05 0 1 2.78673e-09 5.52131e-10
1.19064  419.68 5.85418e-05 0 1 2.79609e-09 5.54082e-10
1.19732  419.68 5.85418e-05 0 1 2.80541e-09 5.56025e-10
1.20401  419.68 5.85418e-05 0 1 2.81471e-09 5.57964e-10
1.2107  419.68 5.85418e-05 0 1 2.82397e-09 5.59894e-10
1.21739  419.68 5.85417e-05 0 1 2.8332e-09 5.61819e-10
1.22408  419.68 5.85418e-05 0 1 2.84239e-09 5.63735e-10
1.23077  419.68 5.85417e-05 0 1 2.85156e-09 5.65646e-10
1.23746  419.68 5.85417e-05 0 1 2.86068e-09 5.67547e-10
1.24415  419.68 5.85417e-05 0 1 2.86977e-09 5.69442e-10
1.25084  419.68 5.85417e-05 0 1 2.87882e-09 5.71328e-10
1.25753  419.681 5.85417e-05 0 1 2.88784e-09 5.73207e-10
1.26421  419.681 5.85417e-05 0 1 2.8968e-09 5.75076e-10
1.2709  419.681 5.85417e-05 0 1 2.90573e-09 5.76938e-10
1.27759  419.681 5.85417e-05 0 1 2.91462e-09 5.7879e-10
1.28428  419.681 5.85417e-05 0 1 2.92346e-09 5.80633e-10
1.29097  419.681 5.85416e-05 0 1 2.93226e-09 5.82466e-10
1.29766  419.681 5.85416e-05 0 1 2.94101e-09 5.84291e-10
1.30435  419.681 5.85416e-05 0 1 2.94972e-09 5.86105e-10
1.31104  419.681 5.85416e-05 0 1 2.95837e-09 5.87909e-10
1.31773  419.681 5.85416e-05 0 1 2.96698e-09 5.89703e-10
1.32441  419.681 5.85416e-05 0 1 2.97554e-09 5.91487e-10
1.3311  419.681 5.85416e-05 0 1 2.98404e-09 5.9326e-10
1.33779  419.681 5.85416e-05 0 1 2.9925e-09 5.95021e-10
1.34448  419.681 5.85416e-05 0 1 3.0009e-09 5.96772e-10
1.35117  419.682 5.85416e-05 0 1 3.00924e-09 5.98512e-10
1.35786  419.682 5.85416e-05 0 1 3.01753e-09 6.00239e-10
1.36455  419.682 5.85415e-05 0 1 3.02576e-09 6.01955e-10
1.37124  419.682 5.85415e-05 0 1 3.03394e-09 6.03659e-10
1.37793  419.682 5.85415e-05 0 1 3.04206e-09 6.05351e-10
1.38462  419.682 5.85415e-05 0 1 3.05011e-09 6.0703e-10
1.3913  419.682 5.85415e-05 0 1 3.05811e-09 6.08697e-10
1.39799  419.682 5.85415e-05 0 1 3.06604e-09 6.1035e-10
1.40468  419.682 5.85415e-05 0 1 3.07391e-09 6.11991e-10
1.41137  419.682 5.85414e-05 0 1 3.08172e-09 6.13619e-10
1.41806  419.682 5.85415e-05 0 1 3.08947e-09 6.15232e-10
1.42475  419.682 5.85415e-05 0 0.999999 3.09714e-09 6.16831e-10
1.43144  419.682 5.85415e-05 0 1 3.10475e-09 6.18418e-10
1.43813  419.682 5.85415e-05 0 1 3.11229e-09 6.1999e-10
1.44482  419.682 5.85414e-05 0 1 3.11977e-09 6.21547e-10
1.45151  419.682 5.85414e-05 0 1 3.12717e-09 6.2309e-10
1.45819  419.683 5.85414e-05 0 1 3.1345e-09 6.24618e-10
1.46488  419.683 5.85414e-05 0 1 3.14176e-09 6.26132e-10
1.47157  419.683 5.85414e-05 0 1 3.14895e-09 6.2763e-10
1.47826  419.683 5.85414e-05 0 1 3.15606e-09 6.29112e-10
1.48495  419.683 5.85414e-05 0 1 3.1631e-09 6.3058e-10
1.49164  419.683 5.85414e-05 0 1 3.17007e-09 6.32031e-10
1.49833  419.683 5.85414e-05 0 1 3.17696e-09 6.33467e-10
1.50502  419.683 5.85414e-05 0 0.999999 3.18377e-09 6.34886e-10
1.51171  419.683 5.85414e-05 0 0.999999 3.1905e-09 6.36289e-10
1.51839  419.683 5.85412e-05 0 1 3.19716e-09 6.37678e-10
1.52508  419.683 5.85415e-05 0 0.999997 3.20373e-09 6.39046e-10
1.53177  419.683 5.8541e-05 0 1.00001 3.21024e-09 6.40403e-10
1.53846  419.683 5.85419e-05 0 0.999991 3.21663e-09 6.41735e-10
1.54515  419.683 5.85406e-05 0 1.00001 3.22298e-09 6.4306e-10
1.55184  419.683 5.85423e-05 0 0.999983 3.22921e-09 6.44358e-10
1.55853  419.683 5.85402e-05 0 1.00002 3.23538e-09 6.45643e-10
1.56522  419.683 5.85425e-05 0 0.99998 3.24149e-09 6.46917e-10
1.57191  419.683 5.85402e-05 0 1.00002 3.2474e-09 6.4815e-10
1.5786  419.683 5.85423e-05 0 0.999983 3.25345e-09 6.49409e-10
1.58528  419.683 5.85403e-05 0 1.00002 3.2591e-09 6.50588e-10
1.59197  419.684 5.85422e-05 0 0.999984 3.26504e-09 6.51825e-10
1.59866  419.684 5.85403e-05 0 1.00002 3.27048e-09 6.5296e-10
1.60535  419.684 5.85424e-05 0 0.99998 3.27623e-09 6.54158e-10
1.61204  419.684 5.85401e-05 0 1.00002 3.28154e-09 6.55266e-10
1.61873  419.684 5.85422e-05 0 0.999983 3.28705e-09 6.56413e-10
1.62542  419.684 5.85405e-05 0 1.00001 3.29225e-09 6.57498e-10
1.63211  419.684 5.85417e-05 0 0.999992 3.29752e-09 6.58595e-10
1.6388  419.684 5.8541e-05 0 1.00001 3.30259e-09 6.59653e-10
1.64548  419.684 5.85414e-05 0 0.999997 3.30763e-09 6.60704e-10
1.65217  419.684 5.85412e-05 0 1 3.31255e-09 6.61729e-10
1.65886  419.684 5.85413e-05 0 0.999999 3.31739e-09 6.62738e-10
1.66555  419.684 5.85412e-05 0 1 3.32213e-09 6.63726e-10
1.67224  419.684 5.85412e-05 0 1 3.32678e-09 6.64695e-10
1.67893  419.684 5.85412e-05 0 1 3.33134e-09 6.65645e-10
1.68562  419.684 5.85412e-05 0 1 3.3358e-09 6.66575e-10
1.69231  419.684 5.85412e-05 0 1 3.34017e-09 6.67486e-10
1.699  419.684 5.85412e-05 0 1 3.34444e-09 6.68376e-10
1.70569  419.684 5.85412e-05 0 1 3.34862e-09 6.69247e-10
1.71237  419.684 5.85412e-05 0 1 3.3527e-09 6.70098e-10
1.71906  419.684 5.85412e-05 0 1 3.35669e-09 6.7093e-10
1.72575  419.684 5.85412e-05 0 1 3.36058e-09 6.71741e-10
1.73244  419.684 5.85412e-05 0 1 3.36438e-09 6.72532e-10
1.73913  419.684 5.85412e-05 0 1 3.36807e-09 6.73303e-10
1.74582  419.684 5.85412e-05 0 1 3.37168e-09 6.74054e-10
1.75251  419.684 5.85412e-05 0 1 3.37518e-09 6.74784e-10
1.7592  419.684 5.85412e-05 0 1 3.37859e-09 6.75495e-10
1.76589  419.684 5.85412e-05 0 1 3.3819e-09 6.76185e-10
1.77258  419.684 5.85412e-05 0 1 3.38512e-09 6.76856e-10
1.77926  419.684 5.85412e-05 0 1 3.38823e-09 6.77505e-10
1.78595  419.684 5.85412e-05 0 1 3.39125e-09 6.78135e-10
1.79264  419.685 5.85412e-05 0 1 3.39418e-09 6.78744e-10
1.79933  419.685 5.85411e-05 0 1 3.397e-09 6.79333e-10
1.80602  419.685 5.85411e-05 0 1 3.39973e-09 6.79902e-10
1.81271  419.685 5.85411e-05 0 1 3.40236e-09 6.80451e-10
1.8194  419.685 5.85411e-05 0 1 3.4049e-09 6.80979e-10
1.82609  419.685 5.85411e-05 0 1 3.40733e-09 6.81487e-10
1.83278  419.685 5.85411e-05 0 1 3.40967e-09 6.81975e-10
1.83946  419.685 5.85411e-05 0 1 3.41192e-09 6.82442e-10
1.84615  419.685 5.85411e-05 0 1 3.41406e-09 6.8289e-10
1.85284  419.685 5.85411e-05 0 1 3.41611e-09 6.83317e-10
1.85953  419.685 5.85411e-05 0 1 3.41806e-09 6.83724e-10
1.86622  419.685 5.85411e-05 0 1 3.41992e-09 6.84111e-10
1.87291  419.685 5.85411e-05 0 1 3.42168e-09 6.84478e-10
1.8796  419.685 5.85411e-05 0 1 3.42335e-09 6.84825e-10
1.88629  419.685 5.85411e-05 0 1 3.42491e-09 6.85152e-10
1.89298  419.685 5.85412e-05 0 0.999999 3.42638e-09 6.85458e-10
1.89967  419.685 5.85411e-05 0 1 3.42777e-09 6.85747e-10
1.90635  419.685 5.85411e-05 0 1 3.42905e-09 6.86014e-10
1.91304  419.685 5.85411e-05 0 1 3.43024e-09 6.86262e-10
1.91973  419.685 5.85411e-05 0 1 3.43133e-09 6.8649e-10
1.92642  419.685 5.85411e-05 0 1 3.43234e-09 6.86699e-10
1.93311  419.685 5.85411e-05 0 1 3.43324e-09 6.86888e-10
1.9398  419.685 5.85411e-05 0 1 3.43406e-09 6.87058e-10
1.94649  419.685 5.85411e-05 0 1 3.43478e-09 6.87209e-10
1.95318  419.685 5.85411e-05 0 1 3.43541e-09 6.8734e-10
1.95987  419.685 5.85411e-05 0 1 3.43595e-09 6.87453e-10
1.96656  419.685 5.85411e-05 0 1 3.4364e-09 6.87546e-10
1.97324  419.685 5.85411e-05 0 1 3.43675e-09 6.8762e-10
1.97993  419.685 5.85411e-05 0 1 3.43702e-09 6.87676e-10
1.98662  419.685 5.85411e-05 0 1 3.4372e-09 6.87713e-10
1.99331  419.685 5.85411e-05 0 1 3.43729e-09 6.87731e-10
2  419.685 5.85411e-05 0 1 3.43729e-09 6.87731e-10
