TITLE="Graphics"
VARIABLES= "x", "T", "rho", "u",, "Y_H2", "Y_O2", "Y_N2"
0  400 6.1422e-05 0 1 0 0
0.00668896  419.527 5.85631e-05 0 1 5.27314e-09 1.06904e-09
0.0133779  419.527 5.85631e-05 0 1 5.27291e-09 1.06899e-09
0.0200669  419.527 5.85631e-05 0 1 5.27248e-09 1.06891e-09
0.0267559  419.527 5.85631e-05 0 1 5.27188e-09 1.06878e-09
0.0334448  419.527 5.85631e-05 0 1 5.2711e-09 1.06862e-09
0.0401338  419.527 5.85631e-05 0 1 5.27015e-09 1.06843e-09
0.0468227  419.527 5.85631e-05 0 1 5.26901e-09 1.06819e-09
0.0535117  419.528 5.85631e-05 0 1 5.2677e-09 1.06792e-09
0.0602007  419.528 5.8563e-05 0 1 5.26622e-09 1.06762e-09
0.0668896  419.528 5.8563e-05 0 1 5.26456e-09 1.06728e-09
0.0735786  419.528 5.8563e-05 0 1 5.26272e-09 1.0669e-09
0.0802676  419.528 5.8563e-05 0 1 5.26071e-09 1.06648e-09
0.0869565  419.528 5.8563e-05 0 1 5.25852e-09 1.06604e-09
0.0936455  419.528 5.85629e-05 0 1 5.25616e-09 1.06555e-09
0.100334  419.529 5.85629e-05 0 1 5.25362e-09 1.06503e-09
0.107023  419.529 5.85629e-05 0 1 5.25091e-09 1.06447e-09
0.113712  419.529 5.85628e-05 0 1 5.24803e-09 1.06388e-09
0.120401  419.529 5.85628e-05 0 1 5.24497e-09 1.06325e-09
0.12709  419.529 5.85628e-05 0 1 5.24174e-09 1.06258e-09
0.133779  419.53 5.85627e-05 0 1 5.23833e-09 1.06188e-09
0.140468  419.53 5.85627e-05 0 1 5.23475e-09 1.06115e-09
0.147157  419.53 5.85627e-05 0 1 5.231e-09 1.06038e-09
0.153846  419.531 5.85626e-05 0 1 5.22707e-09 1.05957e-09
0.160535  419.531 5.85626e-05 0 1 5.22297e-09 1.05873e-09
0.167224  419.531 5.85625e-05 0 1 5.2187e-09 1.05785e-09
0.173913  419.532 5.85625e-05 0 1 5.21425e-09 1.05693e-09
0.180602  419.532 5.85624e-05 0 1 5.20964e-09 1.05598e-09
0.187291  419.532 5.85624e-05 0 1 5.20485e-09 1.055e-09
0.19398  419.533 5.85623e-05 0 1 5.19989e-09 1.05398e-09
0.200669  419.533 5.85623e-05 0 1 5.19476e-09 1.05293e-09
0.207358  419.533 5.85622e-05 0 1 5.18946e-09 1.05184e-09
0.214047  419.534 5.85622e-05 0 1 5.18399e-09 1.05071e-09
0.220736  419.534 5.85621e-05 0 1 5.17835e-09 1.04955e-09
0.227425  419.535 5.85621e-05 0 1 5.17253e-09 1.04836e-09
0.234114  419.535 5.8562e-05 0 1 5.16655e-09 1.04713e-09
0.240803  419.535 5.85619e-05 0 1 5.1604e-09 1.04586e-09
0.247492  419.536 5.85619e-05 0 1 5.15408e-09 1.04456e-09
0.254181  419.536 5.85618e-05 0 1 5.1476e-09 1.04323e-09
0.26087  419.537 5.85617e-05 0 1 5.14094e-09 1.04186e-09
0.267559  419.537 5.85617e-05 0 1 5.13412e-09 1.04046e-09
0.274247  419.538 5.85616e-05 0 1 5.12713e-09 1.03902e-09
0.280936  419.538 5.85615e-05 0 1 5.11997e-09 1.03755e-09
0.287625  419.539 5.85615e-05 0 1 5.11265e-09 1.03605e-09
0.294314  419.539 5.85614e-05 0 1 5.10516e-09 1.03451e-09
0.301003  419.54 5.85613e-05 0 1 5.0975e-09 1.03293e-09
0.307692  419.541 5.85612e-05 0 1 5.08968e-09 1.03133e-09
0.314381  419.541 5.85612e-05 0 1 5.0817e-09 1.02968e-09
0.32107  419.542 5.85611e-05 0 1 5.07355e-09 1.02801e-09
0.327759  419.542 5.8561e-05 0 1 5.06524e-09 1.0263e-09
0.334448  419.543 5.85609e-05 0 1 5.05676e-09 1.02456e-09
0.341137  419.544 5.85608e-05 0 1 5.04812e-09 1.02278e-09
0.347826  419.544 5.85607e-05 0 1 5.03932e-09 1.02098e-09
0.354515  419.545 5.85606e-05 0 1 5.03036e-09 1.01913e-09
0.361204  419.545 5.85606e-05 0 1 5.02124e-09 1.01726e-09
0.367893  419.546 5.85605e-05 0 1 5.01196e-09 1.01535e-09
0.374582  419.547 5.85604e-05 0 1 5.00252e-09 1.01341e-09
0.381271  419.547 5.85603e-05 0 1 4.99291e-09 1.01144e-09
0.38796  419.548 5.85602e-05 0 1 4.98315e-09 1.00943e-09
0.394649  419.549 5.85601e-05 0 1 4.97324e-09 1.00739e-09
0.401338  419.55 5.856e-05 0 1 4.96316e-09 1.00532e-09
0.408027  419.55 5.85599e-05 0 1 4.95293e-09 1.00322e-09
0.414716  419.551 5.85598e-05 0 1 4.94254e-09 1.00108e-09
0.421405  419.552 5.85597e-05 0 1 4.93199e-09 9.98917e-10
0.428094  419.552 5.85596e-05 0 1 4.92129e-09 9.96718e-10
0.434783  419.553 5.85595e-05 0 1 4.91044e-09 9.94487e-10
0.441472  419.554 5.85594e-05 0 1 4.89943e-09 9.92225e-10
0.448161  419.555 5.85593e-05 0 1 4.88826e-09 9.89932e-10
0.454849  419.555 5.85592e-05 0 1 4.87695e-09 9.87607e-10
0.461538  419.556 5.8559e-05 0 1 4.86548e-09 9.85251e-10
0.468227  419.557 5.85589e-05 0 1 4.85387e-09 9.82864e-10
0.474916  419.558 5.85588e-05 0 1 4.8421e-09 9.80446e-10
0.481605  419.559 5.85587e-05 0 1 4.83018e-09 9.77997e-10
0.488294  419.559 5.85586e-05 0 1 4.81811e-09 9.75518e-10
0.494983  419.56 5.85585e-05 0 1 4.8059e-09 9.73009e-10
0.501672  419.561 5.85584e-05 0 1 4.79354e-09 9.70469e-10
0.508361  419.562 5.85583e-05 0 1 4.78103e-09 9.67899e-10
0.51505  419.563 5.85581e-05 0 1 4.76837e-09 9.65299e-10
0.521739  419.564 5.8558e-05 0 1 4.75557e-09 9.62669e-10
0.528428  419.564 5.85579e-05 0 1 4.74262e-09 9.60009e-10
0.535117  419.565 5.85578e-05 0 1 4.72953e-09 9.57321e-10
0.541806  419.566 5.85577e-05 0 1 4.7163e-09 9.54602e-10
0.548495  419.567 5.85575e-05 0 1 4.70292e-09 9.51855e-10
0.555184  419.568 5.85574e-05 0 1 4.68941e-09 9.49078e-10
0.561873  419.569 5.85573e-05 0 1 4.67575e-09 9.46273e-10
0.568562  419.57 5.85572e-05 0 1 4.66195e-09 9.43439e-10
0.575251  419.571 5.8557e-05 0 1 4.64802e-09 9.40577e-10
0.58194  419.572 5.85569e-05 0 1 4.63394e-09 9.37686e-10
0.588629  419.572 5.85568e-05 0 1 4.61973e-09 9.34767e-10
0.595318  419.573 5.85566e-05 0 1 4.60538e-09 9.3182e-10
0.602007  419.574 5.85565e-05 0 1 4.59089e-09 9.28845e-10
0.608696  419.575 5.85564e-05 0 1 4.57628e-09 9.25843e-10
0.615385  419.576 5.85563e-05 0 1 4.56152e-09 9.22813e-10
0.622074  419.577 5.85561e-05 0 1 4.54663e-09 9.19756e-10
0.628763  419.578 5.8556e-05 0 1 4.53162e-09 9.16672e-10
0.635452  419.579 5.85559e-05 0 1 4.51646e-09 9.13561e-10
0.64214  419.58 5.85557e-05 0 1 4.50118e-09 9.10423e-10
0.648829  419.581 5.85556e-05 0 1 4.48577e-09 9.07258e-10
0.655518  419.582 5.85555e-05 0 1 4.47023e-09 9.04068e-10
0.662207  419.583 5.85553e-05 0 1 4.45457e-09 9.00851e-10
0.668896  419.584 5.85552e-05 0 1 4.43877e-09 8.97608e-10
0.675585  419.585 5.85551e-05 0 1 4.42285e-09 8.9434e-10
0.682274  419.586 5.85549e-05 0 1 4.40681e-09 8.91046e-10
0.688963  419.587 5.85548e-05 0 1 4.39064e-09 8.87726e-10
0.695652  419.588 5.85547e-05 0 1 4.37434e-09 8.84381e-10
0.702341  419.589 5.85545e-05 0 1 4.35793e-09 8.81012e-10
0.70903  419.59 5.85544e-05 0 1 4.34139e-09 8.77617e-10
0.715719  419.591 5.85543e-05 0 1 4.32474e-09 8.74198e-10
0.722408  419.592 5.85541e-05 0 1 4.30796e-09 8.70755e-10
0.729097  419.593 5.8554e-05 0 1 4.29107e-09 8.67287e-10
0.735786  419.594 5.85538e-05 0 1 4.27406e-09 8.63796e-10
0.742475  419.595 5.85537e-05 0 1 4.25693e-09 8.60281e-10
0.749164  419.596 5.85536e-05 0 1 4.23969e-09 8.56742e-10
0.755853  419.597 5.85534e-05 0 1 4.22233e-09 8.5318e-10
0.762542  419.598 5.85533e-05 0 1 4.20486e-09 8.49594e-10
0.769231  419.599 5.85531e-05 0 1 4.18728e-09 8.45986e-10
0.77592  419.6 5.8553e-05 0 1 4.16958e-09 8.42355e-10
0.782609  419.601 5.85529e-05 0 1 4.15178e-09 8.38702e-10
0.789298  419.602 5.85527e-05 0 1 4.13386e-09 8.35026e-10
0.795987  419.603 5.85526e-05 0 1 4.11584e-09 8.31328e-10
0.802676  419.604 5.85524e-05 0 1 4.09771e-09 8.27609e-10
0.809365  419.605 5.85523e-05 0 1 4.07948e-09 8.23868e-10
0.816054  419.606 5.85522e-05 0 1 4.06114e-09 8.20105e-10
0.822742  419.607 5.8552e-05 0 1 4.0427e-09 8.16321e-10
0.829431  419.608 5.85519e-05 0 1 4.02415e-09 8.12517e-10
0.83612  419.609 5.85517e-05 0 1 4.0055e-09 8.08691e-10
0.842809  419.61 5.85516e-05 0 1 3.98675e-09 8.04845e-10
0.849498  419.611 5.85514e-05 0 1 3.9679e-09 8.00979e-10
0.856187  419.612 5.85513e-05 0 1 3.94896e-09 7.97093e-10
0.862876  419.613 5.85512e-05 0 1 3.92991e-09 7.93187e-10
0.869565  419.614 5.8551e-05 0 1 3.91077e-09 7.89261e-10
0.876254  419.615 5.85509e-05 0 1 3.89154e-09 7.85316e-10
0.882943  419.616 5.85507e-05 0 1 3.87221e-09 7.81352e-10
0.889632  419.617 5.85506e-05 0 1 3.85278e-09 7.77369e-10
0.896321  419.618 5.85505e-05 0 1 3.83327e-09 7.73367e-10
0.90301  419.619 5.85503e-05 0 1 3.81366e-09 7.69347e-10
0.909699  419.62 5.85502e-05 0 1 3.79397e-09 7.65309e-10
0.916388  419.621 5.85501e-05 0 0.999999 3.77418e-09 7.61252e-10
0.923077  419.622 5.855e-05 0 0.999998 3.7543e-09 7.57176e-10
0.929766  419.623 5.85495e-05 0 1 3.73434e-09 7.53084e-10
0.936455  419.624 5.85473e-05 0 1.00004 3.7149e-09 7.49091e-10
0.943144  419.625 5.85694e-05 0 0.999659 3.69305e-09 7.44621e-10
0.949833  419.626 5.84563e-05 0 1.00159 3.67934e-09 7.41793e-10
0.956522  419.627 5.85597e-05 0 0.999821 3.65402e-09 7.36608e-10
0.963211  419.628 5.86172e-05 0 0.998838 3.62908e-09 7.3152e-10
0.9699  419.629 5.85433e-05 0 1.0001 3.61205e-09 7.2803e-10
0.976589  419.63 5.85496e-05 0 0.999986 3.59245e-09 7.23997e-10
0.983278  419.631 5.8547e-05 0 1.00003 3.57183e-09 7.19773e-10
0.989967  419.632 5.85499e-05 0 0.999977 3.55095e-09 7.15495e-10
0.996656  419.633 5.85489e-05 0 0.999991 3.53025e-09 7.11252e-10
1.00334  419.634 5.85481e-05 0 1 3.50947e-09 7.06994e-10
1.01003  419.635 5.85481e-05 0 1 3.48857e-09 7.0271e-10
1.01672  419.636 5.8548e-05 0 1 3.4676e-09 6.98414e-10
1.02341  419.637 5.85478e-05 0 1 3.44656e-09 6.94103e-10
1.0301  419.638 5.85477e-05 0 1 3.42545e-09 6.89778e-10
1.03679  419.639 5.85476e-05 0 1 3.40427e-09 6.8544e-10
1.04348  419.64 5.85474e-05 0 1 3.38303e-09 6.81088e-10
1.05017  419.641 5.85473e-05 0 1 3.36172e-09 6.76724e-10
1.05686  419.641 5.85472e-05 0 1 3.34035e-09 6.72346e-10
1.06355  419.642 5.8547e-05 0 1 3.31891e-09 6.67956e-10
1.07023  419.643 5.85469e-05 0 1 3.29742e-09 6.63553e-10
1.07692  419.644 5.85468e-05 0 1 3.27586e-09 6.59139e-10
1.08361  419.645 5.85466e-05 0 1 3.25425e-09 6.54712e-10
1.0903  419.646 5.85465e-05 0 1 3.23257e-09 6.50274e-10
1.09699  419.647 5.85464e-05 0 1 3.21084e-09 6.45825e-10
1.10368  419.648 5.85462e-05 0 1 3.18906e-09 6.41364e-10
1.11037  419.649 5.85461e-05 0 1 3.16722e-09 6.36893e-10
1.11706  419.65 5.8546e-05 0 1 3.14533e-09 6.32412e-10
1.12375  419.651 5.85459e-05 0 1 3.12339e-09 6.2792e-10
1.13043  419.652 5.85457e-05 0 1 3.1014e-09 6.23418e-10
1.13712  419.653 5.85456e-05 0 1 3.07936e-09 6.18906e-10
1.14381  419.653 5.85455e-05 0 1 3.05727e-09 6.14384e-10
1.1505  419.654 5.85454e-05 0 1 3.03513e-09 6.09854e-10
1.15719  419.655 5.85452e-05 0 1 3.01295e-09 6.05314e-10
1.16388  419.656 5.85451e-05 0 1 2.99072e-09 6.00766e-10
1.17057  419.657 5.8545e-05 0 1 2.96846e-09 5.96209e-10
1.17726  419.658 5.85449e-05 0 1 2.94615e-09 5.91644e-10
1.18395  419.659 5.85447e-05 0 1 2.9238e-09 5.87071e-10
1.19064  419.66 5.85446e-05 0 1 2.90141e-09 5.8249e-10
1.19732  419.661 5.85445e-05 0 1 2.87898e-09 5.77902e-10
1.20401  419.661 5.85444e-05 0 1 2.85651e-09 5.73306e-10
1.2107  419.662 5.85443e-05 0 1 2.83402e-09 5.68704e-10
1.21739  419.663 5.85441e-05 0 1 2.81148e-09 5.64095e-10
1.22408  419.664 5.8544e-05 0 1 2.78892e-09 5.59479e-10
1.23077  419.665 5.85439e-05 0 1 2.76632e-09 5.54858e-10
1.23746  419.666 5.85438e-05 0 1 2.74369e-09 5.5023e-10
1.24415  419.666 5.85437e-05 0 1 2.72103e-09 5.45597e-10
1.25084  419.667 5.85436e-05 0 1 2.69835e-09 5.40958e-10
1.25753  419.668 5.85435e-05 0 1 2.67564e-09 5.36314e-10
1.26421  419.669 5.85433e-05 0 1 2.6529e-09 5.31666e-10
1.2709  419.67 5.85432e-05 0 1 2.63014e-09 5.27013e-10
1.27759  419.67 5.85431e-05 0 1 2.60736e-09 5.22355e-10
1.28428  419.671 5.8543e-05 0 1 2.58455e-09 5.17693e-10
1.29097  419.672 5.85429e-05 0 1 2.56172e-09 5.13028e-10
1.29766  419.673 5.85428e-05 0 1 2.53888e-09 5.08359e-10
1.30435  419.673 5.85427e-05 0 1 2.51602e-09 5.03686e-10
1.31104  419.674 5.85426e-05 0 1 2.49314e-09 4.99011e-10
1.31773  419.675 5.85425e-05 0 1 2.47024e-09 4.94333e-10
1.32441  419.676 5.85424e-05 0 1 2.44733e-09 4.89652e-10
1.3311  419.676 5.85423e-05 0 1 2.42441e-09 4.84969e-10
1.33779  419.677 5.85422e-05 0 1 2.40148e-09 4.80284e-10
1.34448  419.678 5.85421e-05 0 1 2.37854e-09 4.75597e-10
1.35117  419.679 5.8542e-05 0 1 2.35558e-09 4.70909e-10
1.35786  419.679 5.85419e-05 0 1 2.35423e-09 4.66219e-10
1.36455  419.68 5.85418e-05 0 1 2.37508e-09 4.69276e-10
1.37124  419.681 5.85417e-05 0 1 2.39551e-09 4.7336e-10
1.37793  419.681 5.85416e-05 0 1 2.41551e-09 4.77357e-10
1.38462  419.682 5.85415e-05 0 1 2.43509e-09 4.81271e-10
1.3913  419.683 5.85414e-05 0 1 2.45425e-09 4.85101e-10
1.39799  419.683 5.85413e-05 0 1 2.47301e-09 4.88849e-10
1.40468  419.684 5.85412e-05 0 1 2.49137e-09 4.92518e-10
1.41137  419.685 5.85411e-05 0 1 2.50935e-09 4.96108e-10
1.41806  419.685 5.8541e-05 0 1 2.52693e-09 4.99619e-10
1.42475  419.686 5.8541e-05 0 0.999999 2.54413e-09 5.03054e-10
1.43144  419.687 5.85409e-05 0 1 2.56096e-09 5.06415e-10
1.43813  419.687 5.85408e-05 0 1 2.57742e-09 5.09701e-10
1.44482  419.688 5.85407e-05 0 1 2.59352e-09 5.12915e-10
1.45151  419.688 5.85406e-05 0 1 2.60927e-09 5.16058e-10
1.45819  419.689 5.85405e-05 0 1 2.62467e-09 5.1913e-10
1.46488  419.69 5.85404e-05 0 1 2.63972e-09 5.22133e-10
1.47157  419.69 5.85404e-05 0 1 2.65443e-09 5.25069e-10
1.47826  419.691 5.85403e-05 0 1 2.66881e-09 5.27937e-10
1.48495  419.691 5.85402e-05 0 1 2.68287e-09 5.3074e-10
1.49164  419.692 5.85401e-05 0 1 2.6966e-09 5.33478e-10
1.49833  419.692 5.854e-05 0 1 2.71002e-09 5.36153e-10
1.50502  419.693 5.854e-05 0 1 2.72312e-09 5.38765e-10
1.51171  419.694 5.85399e-05 0 1 2.73592e-09 5.41315e-10
1.51839  419.694 5.85398e-05 0 1 2.74842e-09 5.43806e-10
1.52508  419.695 5.85397e-05 0 1 2.76061e-09 5.46236e-10
1.53177  419.695 5.85397e-05 0 1 2.77252e-09 5.48609e-10
1.53846  419.696 5.85396e-05 0 1 2.78415e-09 5.50924e-10
1.54515  419.696 5.85395e-05 0 1 2.79549e-09 5.53182e-10
1.55184  419.697 5.85395e-05 0 1 2.80655e-09 5.55385e-10
1.55853  419.697 5.85394e-05 0 1 2.81735e-09 5.57534e-10
1.56522  419.698 5.85393e-05 0 1 2.82787e-09 5.59629e-10
1.57191  419.698 5.85393e-05 0 1 2.83814e-09 5.61672e-10
1.5786  419.699 5.85392e-05 0 1 2.84815e-09 5.63663e-10
1.58528  419.699 5.85391e-05 0 1 2.8579e-09 5.65604e-10
1.59197  419.699 5.8539e-05 0 1 2.86741e-09 5.67496e-10
1.59866  419.7 5.85391e-05 0 0.999998 2.87667e-09 5.69336e-10
1.60535  419.7 5.85389e-05 0 1 2.88569e-09 5.71131e-10
1.61204  419.701 5.85389e-05 0 1 2.89448e-09 5.72878e-10
1.61873  419.701 5.85388e-05 0 1 2.90304e-09 5.74579e-10
1.62542  419.702 5.85388e-05 0 1 2.91137e-09 5.76234e-10
1.63211  419.702 5.85387e-05 0 1 2.91947e-09 5.77845e-10
1.6388  419.702 5.85387e-05 0 1 2.92736e-09 5.79412e-10
1.64548  419.703 5.85386e-05 0 1 2.93503e-09 5.80936e-10
1.65217  419.703 5.85386e-05 0 1 2.94249e-09 5.82417e-10
1.65886  419.704 5.85385e-05 0 1 2.94974e-09 5.83857e-10
1.66555  419.704 5.85385e-05 0 1 2.95679e-09 5.85256e-10
1.67224  419.704 5.85384e-05 0 1 2.96364e-09 5.86615e-10
1.67893  419.705 5.85384e-05 0 1 2.97029e-09 5.87935e-10
1.68562  419.705 5.85383e-05 0 1 2.97674e-09 5.89216e-10
1.69231  419.705 5.85383e-05 0 1 2.98301e-09 5.90459e-10
1.699  419.706 5.85382e-05 0 1 2.98908e-09 5.91665e-10
1.70569  419.706 5.85382e-05 0 1 2.99498e-09 5.92833e-10
1.71237  419.706 5.85381e-05 0 1 3.00069e-09 5.93966e-10
1.71906  419.706 5.85381e-05 0 1 3.00622e-09 5.95064e-10
1.72575  419.707 5.8538e-05 0 1 3.01158e-09 5.96126e-10
1.73244  419.707 5.8538e-05 0 1 3.01677e-09 5.97154e-10
1.73913  419.707 5.8538e-05 0 1 3.02179e-09 5.98149e-10
1.74582  419.708 5.85379e-05 0 1 3.02664e-09 5.9911e-10
1.75251  419.708 5.85379e-05 0 1 3.03132e-09 6.00039e-10
1.7592  419.708 5.85379e-05 0 1 3.03585e-09 6.00936e-10
1.76589  419.708 5.85378e-05 0 1 3.04022e-09 6.01801e-10
1.77258  419.709 5.85378e-05 0 1 3.04443e-09 6.02635e-10
1.77926  419.709 5.85378e-05 0 1 3.04849e-09 6.03439e-10
1.78595  419.709 5.85377e-05 0 1 3.0524e-09 6.04212e-10
1.79264  419.709 5.85377e-05 0 1 3.05615e-09 6.04956e-10
1.79933  419.709 5.85377e-05 0 1 3.05977e-09 6.05671e-10
1.80602  419.71 5.85376e-05 0 1 3.06323e-09 6.06358e-10
1.81271  419.71 5.85376e-05 0 1 3.06656e-09 6.07016e-10
1.8194  419.71 5.85376e-05 0 1 3.06974e-09 6.07646e-10
1.82609  419.71 5.85376e-05 0 1 3.07279e-09 6.08249e-10
1.83278  419.71 5.85375e-05 0 1 3.0757e-09 6.08825e-10
1.83946  419.711 5.85375e-05 0 1 3.07848e-09 6.09375e-10
1.84615  419.711 5.85375e-05 0 1 3.08113e-09 6.09898e-10
1.85284  419.711 5.85375e-05 0 1 3.08364e-09 6.10396e-10
1.85953  419.711 5.85374e-05 0 1 3.08603e-09 6.10867e-10
1.86622  419.711 5.85374e-05 0 1 3.08829e-09 6.11314e-10
1.87291  419.711 5.85374e-05 0 1 3.09042e-09 6.11737e-10
1.8796  419.711 5.85374e-05 0 1 3.09243e-09 6.12134e-10
1.88629  419.712 5.85374e-05 0 1 3.09432e-09 6.12507e-10
1.89298  419.712 5.85374e-05 0 0.999999 3.09608e-09 6.12856e-10
1.89967  419.712 5.85373e-05 0 1 3.09774e-09 6.13182e-10
1.90635  419.712 5.85373e-05 0 1 3.09927e-09 6.13485e-10
1.91304  419.712 5.85373e-05 0 1 3.10068e-09 6.13765e-10
1.91973  419.712 5.85373e-05 0 1 3.10198e-09 6.14021e-10
1.92642  419.712 5.85373e-05 0 1 3.10317e-09 6.14256e-10
1.93311  419.712 5.85373e-05 0 1 3.10424e-09 6.14467e-10
1.9398  419.712 5.85373e-05 0 1 3.1052e-09 6.14657e-10
1.94649  419.712 5.85373e-05 0 1 3.10605e-09 6.14825e-10
1.95318  419.712 5.85373e-05 0 1 3.10679e-09 6.14972e-10
1.95987  419.712 5.85373e-05 0 1 3.10742e-09 6.15097e-10
1.96656  419.712 5.85373e-05 0 1 3.10795e-09 6.152e-10
1.97324  419.712 5.85373e-05 0 1 3.10837e-09 6.15283e-10
1.97993  419.712 5.85373e-05 0 1 3.10868e-09 6.15345e-10
1.98662  419.712 5.85373e-05 0 1 3.10889e-09 6.15386e-10
1.99331  419.712 5.85373e-05 0 1 3.10899e-09 6.15406e-10
2  419.712 5.85373e-05 0 1 3.10899e-09 6.15406e-10
