TITLE="Graphics"
VARIABLES= "x", "T", "rho", "u",, "Y_H2", "Y_O2", "Y_N2"
0  400 6.1422e-05 0 1 0 0
0.00668896  419.668 5.85434e-05 0 1 1.6012e-09 3.04808e-10
0.0133779  419.668 5.85434e-05 0 1 1.60134e-09 3.04836e-10
0.0200669  419.668 5.85434e-05 0 1 1.60158e-09 3.04887e-10
0.0267559  419.668 5.85434e-05 0 1 1.60192e-09 3.04958e-10
0.0334448  419.669 5.85434e-05 0 1 1.60237e-09 3.05051e-10
0.0401338  419.669 5.85434e-05 0 1 1.60292e-09 3.05166e-10
0.0468227  419.669 5.85434e-05 0 1 1.60356e-09 3.05301e-10
0.0535117  419.669 5.85434e-05 0 1 1.60431e-09 3.05457e-10
0.0602007  419.669 5.85434e-05 0 1 1.60516e-09 3.05634e-10
0.0668896  419.669 5.85434e-05 0 1 1.60611e-09 3.05832e-10
0.0735786  419.669 5.85434e-05 0 1 1.60716e-09 3.06051e-10
0.0802676  419.669 5.85434e-05 0 1 1.60831e-09 3.06291e-10
0.0869565  419.669 5.85434e-05 0 1 1.60956e-09 3.06552e-10
0.0936455  419.669 5.85434e-05 0 1 1.6109e-09 3.06833e-10
0.100334  419.669 5.85434e-05 0 1 1.61235e-09 3.07136e-10
0.107023  419.669 5.85434e-05 0 1 1.6139e-09 3.07459e-10
0.113712  419.669 5.85434e-05 0 1 1.61554e-09 3.07802e-10
0.120401  419.669 5.85434e-05 0 1 1.61729e-09 3.08166e-10
0.12709  419.669 5.85434e-05 0 1 1.61913e-09 3.08551e-10
0.133779  419.669 5.85434e-05 0 1 1.62108e-09 3.08957e-10
0.140468  419.669 5.85434e-05 0 1 1.62312e-09 3.09383e-10
0.147157  419.669 5.85433e-05 0 1 1.62525e-09 3.09829e-10
0.153846  419.669 5.85433e-05 0 1 1.62749e-09 3.10296e-10
0.160535  419.669 5.85433e-05 0 1 1.62983e-09 3.10783e-10
0.167224  419.669 5.85433e-05 0 1 1.63226e-09 3.11291e-10
0.173913  419.669 5.85433e-05 0 1 1.63479e-09 3.11819e-10
0.180602  419.669 5.85433e-05 0 1 1.63741e-09 3.12367e-10
0.187291  419.669 5.85433e-05 0 1 1.64013e-09 3.12935e-10
0.19398  419.669 5.85433e-05 0 1 1.64295e-09 3.13524e-10
0.200669  419.669 5.85433e-05 0 1 1.64587e-09 3.14132e-10
0.207358  419.669 5.85433e-05 0 1 1.64888e-09 3.14761e-10
0.214047  419.669 5.85433e-05 0 1 1.65198e-09 3.15409e-10
0.220736  419.669 5.85433e-05 0 1 1.65518e-09 3.16077e-10
0.227425  419.669 5.85433e-05 0 1 1.65848e-09 3.16765e-10
0.234114  419.669 5.85433e-05 0 1 1.66187e-09 3.17473e-10
0.240803  419.669 5.85433e-05 0 1 1.66535e-09 3.182e-10
0.247492  419.669 5.85433e-05 0 1 1.66893e-09 3.18947e-10
0.254181  419.669 5.85433e-05 0 1 1.6726e-09 3.19713e-10
0.26087  419.669 5.85433e-05 0 1 1.67637e-09 3.20499e-10
0.267559  419.669 5.85433e-05 0 1 1.68022e-09 3.21304e-10
0.274247  419.669 5.85433e-05 0 1 1.68417e-09 3.22128e-10
0.280936  419.669 5.85433e-05 0 1 1.68821e-09 3.22972e-10
0.287625  419.669 5.85433e-05 0 1 1.69234e-09 3.23834e-10
0.294314  419.669 5.85432e-05 0 1 1.69657e-09 3.24716e-10
0.301003  419.67 5.85432e-05 0 1 1.70088e-09 3.25616e-10
0.307692  419.67 5.85432e-05 0 1 1.70528e-09 3.26535e-10
0.314381  419.67 5.85432e-05 0 1 1.70978e-09 3.27473e-10
0.32107  419.67 5.85432e-05 0 1 1.71436e-09 3.28429e-10
0.327759  419.67 5.85432e-05 0 1 1.71903e-09 3.29404e-10
0.334448  419.67 5.85432e-05 0 1 1.72379e-09 3.30398e-10
0.341137  419.67 5.85432e-05 0 1 1.72863e-09 3.31409e-10
0.347826  419.67 5.85432e-05 0 1 1.73357e-09 3.32439e-10
0.354515  419.67 5.85432e-05 0 1 1.73859e-09 3.33487e-10
0.361204  419.67 5.85432e-05 0 1 1.74369e-09 3.34553e-10
0.367893  419.67 5.85432e-05 0 1 1.74888e-09 3.35636e-10
0.374582  419.67 5.85432e-05 0 1 1.75416e-09 3.36738e-10
0.381271  419.67 5.85432e-05 0 1 1.75952e-09 3.37857e-10
0.38796  419.67 5.85431e-05 0 1 1.76497e-09 3.38993e-10
0.394649  419.67 5.85431e-05 0 1 1.77049e-09 3.40147e-10
0.401338  419.67 5.85431e-05 0 1 1.77611e-09 3.41318e-10
0.408027  419.67 5.85431e-05 0 1 1.7818e-09 3.42507e-10
0.414716  419.67 5.85431e-05 0 1 1.78757e-09 3.43712e-10
0.421405  419.67 5.85431e-05 0 1 1.79343e-09 3.44934e-10
0.428094  419.671 5.85431e-05 0 1 1.79937e-09 3.46173e-10
0.434783  419.671 5.85431e-05 0 1 1.80538e-09 3.47429e-10
0.441472  419.671 5.85431e-05 0 1 1.81148e-09 3.48701e-10
0.448161  419.671 5.85431e-05 0 1 1.81765e-09 3.4999e-10
0.454849  419.671 5.85431e-05 0 1 1.8239e-09 3.51294e-10
0.461538  419.671 5.85431e-05 0 1 1.83023e-09 3.52615e-10
0.468227  419.671 5.8543e-05 0 1 1.83664e-09 3.53952e-10
0.474916  419.671 5.8543e-05 0 1 1.84312e-09 3.55305e-10
0.481605  419.671 5.8543e-05 0 1 1.84967e-09 3.56673e-10
0.488294  419.671 5.8543e-05 0 1 1.8563e-09 3.58057e-10
0.494983  419.671 5.8543e-05 0 1 1.86301e-09 3.59456e-10
0.501672  419.671 5.8543e-05 0 1 1.86979e-09 3.60871e-10
0.508361  419.671 5.8543e-05 0 1 1.87664e-09 3.623e-10
0.51505  419.671 5.8543e-05 0 1 1.88356e-09 3.63745e-10
0.521739  419.671 5.8543e-05 0 1 1.89055e-09 3.65204e-10
0.528428  419.672 5.8543e-05 0 1 1.89761e-09 3.66678e-10
0.535117  419.672 5.8543e-05 0 1 1.90475e-09 3.68167e-10
0.541806  419.672 5.85429e-05 0 1 1.91195e-09 3.69669e-10
0.548495  419.672 5.85429e-05 0 1 1.91922e-09 3.71186e-10
0.555184  419.672 5.85429e-05 0 1 1.92655e-09 3.72717e-10
0.561873  419.672 5.85429e-05 0 1 1.93395e-09 3.74262e-10
0.568562  419.672 5.85429e-05 0 1 1.94142e-09 3.75821e-10
0.575251  419.672 5.85429e-05 0 1 1.94896e-09 3.77393e-10
0.58194  419.672 5.85429e-05 0 1 1.95655e-09 3.78978e-10
0.588629  419.672 5.85429e-05 0 1 1.96421e-09 3.80577e-10
0.595318  419.672 5.85429e-05 0 1 1.97194e-09 3.82188e-10
0.602007  419.672 5.85429e-05 0 1 1.97972e-09 3.83813e-10
0.608696  419.672 5.85428e-05 0 1 1.98757e-09 3.8545e-10
0.615385  419.672 5.85428e-05 0 1 1.99547e-09 3.87099e-10
0.622074  419.673 5.85428e-05 0 1 2.00344e-09 3.88761e-10
0.628763  419.673 5.85428e-05 0 1 2.01146e-09 3.90435e-10
0.635452  419.673 5.85428e-05 0 1 2.01954e-09 3.92121e-10
0.64214  419.673 5.85428e-05 0 1 2.02767e-09 3.93819e-10
0.648829  419.673 5.85428e-05 0 1 2.03587e-09 3.95529e-10
0.655518  419.673 5.85428e-05 0 1 2.04411e-09 3.9725e-10
0.662207  419.673 5.85428e-05 0 1 2.05242e-09 3.98982e-10
0.668896  419.673 5.85427e-05 0 1 2.06077e-09 4.00725e-10
0.675585  419.673 5.85427e-05 0 1 2.06918e-09 4.02479e-10
0.682274  419.673 5.85427e-05 0 1 2.07763e-09 4.04244e-10
0.688963  419.673 5.85427e-05 0 1 2.08614e-09 4.06019e-10
0.695652  419.673 5.85427e-05 0 1 2.0947e-09 4.07804e-10
0.702341  419.674 5.85427e-05 0 1 2.10331e-09 4.096e-10
0.70903  419.674 5.85427e-05 0 1 2.11196e-09 4.11406e-10
0.715719  419.674 5.85427e-05 0 1 2.12066e-09 4.13221e-10
0.722408  419.674 5.85427e-05 0 1 2.12941e-09 4.15046e-10
0.729097  419.674 5.85426e-05 0 1 2.1382e-09 4.1688e-10
0.735786  419.674 5.85426e-05 0 1 2.14703e-09 4.18723e-10
0.742475  419.674 5.85426e-05 0 1 2.15591e-09 4.20576e-10
0.749164  419.674 5.85426e-05 0 1 2.16483e-09 4.22437e-10
0.755853  419.674 5.85426e-05 0 1 2.17379e-09 4.24306e-10
0.762542  419.674 5.85426e-05 0 1 2.1828e-09 4.26184e-10
0.769231  419.674 5.85426e-05 0 1 2.19184e-09 4.2807e-10
0.77592  419.674 5.85426e-05 0 1 2.20091e-09 4.29964e-10
0.782609  419.675 5.85425e-05 0 1 2.21003e-09 4.31866e-10
0.789298  419.675 5.85425e-05 0 1 2.21918e-09 4.33775e-10
0.795987  419.675 5.85425e-05 0 1 2.22837e-09 4.35692e-10
0.802676  419.675 5.85425e-05 0 1 2.23759e-09 4.37615e-10
0.809365  419.675 5.85425e-05 0 1 2.24685e-09 4.39546e-10
0.816054  419.675 5.85425e-05 0 1 2.25613e-09 4.41483e-10
0.822742  419.675 5.85425e-05 0 1 2.26545e-09 4.43427e-10
0.829431  419.675 5.85425e-05 0 1 2.2748e-09 4.45377e-10
0.83612  419.675 5.85424e-05 0 1 2.28418e-09 4.47333e-10
0.842809  419.675 5.85424e-05 0 1 2.29358e-09 4.49295e-10
0.849498  419.675 5.85424e-05 0 1 2.30301e-09 4.51263e-10
0.856187  419.675 5.85424e-05 0 1 2.31247e-09 4.53236e-10
0.862876  419.676 5.85424e-05 0 1 2.32196e-09 4.55214e-10
0.869565  419.676 5.85424e-05 0 1 2.33146e-09 4.57197e-10
0.876254  419.676 5.85424e-05 0 1 2.341e-09 4.59185e-10
0.882943  419.676 5.85424e-05 0 1 2.35055e-09 4.61178e-10
0.889632  419.676 5.85423e-05 0 1 2.36012e-09 4.63175e-10
0.896321  419.676 5.85423e-05 0 1 2.36972e-09 4.65176e-10
0.90301  419.676 5.85423e-05 0 1 2.37933e-09 4.67181e-10
0.909699  419.676 5.85423e-05 0 1 2.38896e-09 4.69189e-10
0.916388  419.676 5.85424e-05 0 0.999999 2.3986e-09 4.71201e-10
0.923077  419.676 5.85424e-05 0 0.999998 2.40825e-09 4.73214e-10
0.929766  419.676 5.85418e-05 0 1.00001 2.41796e-09 4.75238e-10
0.936455  419.677 5.85399e-05 0 1.00004 2.42786e-09 4.773e-10
0.943144  419.677 5.85615e-05 0 0.999672 2.43741e-09 4.79298e-10
0.949833  419.677 5.84489e-05 0 1.0016 2.45114e-09 4.82109e-10
0.956522  419.677 5.85531e-05 0 0.999813 2.45631e-09 4.83242e-10
0.963211  419.677 5.86108e-05 0 0.99883 2.46315e-09 4.847e-10
0.9699  419.677 5.85363e-05 0 1.0001 2.4759e-09 4.87322e-10
0.976589  419.677 5.85436e-05 0 0.999976 2.4859e-09 4.89408e-10
0.983278  419.677 5.85404e-05 0 1.00003 2.49586e-09 4.91483e-10
0.989967  419.677 5.85435e-05 0 0.999977 2.50546e-09 4.93487e-10
0.996656  419.677 5.85427e-05 0 0.999991 2.51525e-09 4.95529e-10
1.00334  419.677 5.8542e-05 0 1 2.52505e-09 4.9757e-10
1.01003  419.678 5.85421e-05 0 1 2.53481e-09 4.99606e-10
1.01672  419.678 5.85421e-05 0 1 2.54458e-09 5.01643e-10
1.02341  419.678 5.85421e-05 0 1 2.55434e-09 5.0368e-10
1.0301  419.678 5.85421e-05 0 1 2.56411e-09 5.05716e-10
1.03679  419.678 5.85421e-05 0 1 2.57387e-09 5.07751e-10
1.04348  419.678 5.85421e-05 0 1 2.58363e-09 5.09786e-10
1.05017  419.678 5.85421e-05 0 1 2.59338e-09 5.1182e-10
1.05686  419.678 5.8542e-05 0 1 2.60313e-09 5.13852e-10
1.06355  419.678 5.8542e-05 0 1 2.61287e-09 5.15883e-10
1.07023  419.678 5.8542e-05 0 1 2.6226e-09 5.17912e-10
1.07692  419.678 5.8542e-05 0 1 2.63232e-09 5.19939e-10
1.08361  419.678 5.8542e-05 0 1 2.64203e-09 5.21964e-10
1.0903  419.679 5.8542e-05 0 1 2.65173e-09 5.23986e-10
1.09699  419.679 5.8542e-05 0 1 2.66142e-09 5.26006e-10
1.10368  419.679 5.8542e-05 0 1 2.67109e-09 5.28022e-10
1.11037  419.679 5.85419e-05 0 1 2.68075e-09 5.30036e-10
1.11706  419.679 5.85419e-05 0 1 2.69039e-09 5.32046e-10
1.12375  419.679 5.85419e-05 0 1 2.70001e-09 5.34053e-10
1.13043  419.679 5.85419e-05 0 1 2.70962e-09 5.36055e-10
1.13712  419.679 5.85419e-05 0 1 2.7192e-09 5.38054e-10
1.14381  419.679 5.85419e-05 0 1 2.72877e-09 5.40048e-10
1.1505  419.679 5.85419e-05 0 1 2.73831e-09 5.42037e-10
1.15719  419.679 5.85419e-05 0 1 2.74783e-09 5.44022e-10
1.16388  419.679 5.85419e-05 0 1 2.75733e-09 5.46002e-10
1.17057  419.68 5.85418e-05 0 1 2.7668e-09 5.47976e-10
1.17726  419.68 5.85418e-05 0 1 2.77625e-09 5.49946e-10
1.18395  419.68 5.85418e-05 0 1 2.78566e-09 5.51908e-10
1.19064  419.68 5.85418e-05 0 1 2.79505e-09 5.53866e-10
1.19732  419.68 5.85418e-05 0 1 2.80441e-09 5.55817e-10
1.20401  419.68 5.85418e-05 0 1 2.81374e-09 5.57762e-10
1.2107  419.68 5.85418e-05 0 1 2.82304e-09 5.597e-10
1.21739  419.68 5.85418e-05 0 1 2.8323e-09 5.61632e-10
1.22408  419.68 5.85418e-05 0 1 2.84153e-09 5.63555e-10
1.23077  419.68 5.85417e-05 0 1 2.85073e-09 5.65472e-10
1.23746  419.68 5.85417e-05 0 1 2.85989e-09 5.67381e-10
1.24415  419.68 5.85417e-05 0 1 2.86901e-09 5.69283e-10
1.25084  419.68 5.85417e-05 0 1 2.87809e-09 5.71176e-10
1.25753  419.681 5.85417e-05 0 1 2.88714e-09 5.73061e-10
1.26421  419.681 5.85417e-05 0 1 2.89614e-09 5.74937e-10
1.2709  419.681 5.85417e-05 0 1 2.9051e-09 5.76806e-10
1.27759  419.681 5.85417e-05 0 1 2.91402e-09 5.78664e-10
1.28428  419.681 5.85417e-05 0 1 2.92289e-09 5.80514e-10
1.29097  419.681 5.85416e-05 0 1 2.93172e-09 5.82355e-10
1.29766  419.681 5.85416e-05 0 1 2.94051e-09 5.84185e-10
1.30435  419.681 5.85416e-05 0 1 2.94924e-09 5.86006e-10
1.31104  419.681 5.85416e-05 0 1 2.95793e-09 5.87817e-10
1.31773  419.681 5.85416e-05 0 1 2.96657e-09 5.89618e-10
1.32441  419.681 5.85416e-05 0 1 2.97516e-09 5.91408e-10
1.3311  419.681 5.85416e-05 0 1 2.98369e-09 5.93187e-10
1.33779  419.681 5.85416e-05 0 1 2.99218e-09 5.94955e-10
1.34448  419.681 5.85416e-05 0 1 3.00061e-09 5.96712e-10
1.35117  419.682 5.85416e-05 0 1 3.00898e-09 5.98458e-10
1.35786  419.682 5.85416e-05 0 1 3.0173e-09 6.00192e-10
1.36455  419.682 5.85415e-05 0 1 3.02557e-09 6.01914e-10
1.37124  419.682 5.85415e-05 0 1 3.03377e-09 6.03624e-10
1.37793  419.682 5.85415e-05 0 1 3.04192e-09 6.05322e-10
1.38462  419.682 5.85415e-05 0 1 3.05001e-09 6.07008e-10
1.3913  419.682 5.85415e-05 0 1 3.05803e-09 6.0868e-10
1.39799  419.682 5.85415e-05 0 1 3.06599e-09 6.1034e-10
1.40468  419.682 5.85415e-05 0 1 3.07389e-09 6.11986e-10
1.41137  419.682 5.85414e-05 0 1 3.08173e-09 6.1362e-10
1.41806  419.682 5.85415e-05 0 1 3.0895e-09 6.15239e-10
1.42475  419.682 5.85415e-05 0 0.999999 3.0972e-09 6.16844e-10
1.43144  419.682 5.85415e-05 0 1 3.10484e-09 6.18437e-10
1.43813  419.682 5.85414e-05 0 1 3.11241e-09 6.20014e-10
1.44482  419.682 5.85414e-05 0 1 3.11991e-09 6.21578e-10
1.45151  419.682 5.85414e-05 0 1 3.12734e-09 6.23126e-10
1.45819  419.683 5.85414e-05 0 1 3.1347e-09 6.2466e-10
1.46488  419.683 5.85414e-05 0 1 3.14199e-09 6.26179e-10
1.47157  419.683 5.85414e-05 0 1 3.1492e-09 6.27682e-10
1.47826  419.683 5.85414e-05 0 1 3.15634e-09 6.2917e-10
1.48495  419.683 5.85414e-05 0 1 3.16341e-09 6.30643e-10
1.49164  419.683 5.85414e-05 0 1 3.1704e-09 6.321e-10
1.49833  419.683 5.85414e-05 0 1 3.17731e-09 6.3354e-10
1.50502  419.683 5.85414e-05 0 0.999999 3.18414e-09 6.34965e-10
1.51171  419.683 5.85414e-05 0 0.999999 3.1909e-09 6.36373e-10
1.51839  419.683 5.85412e-05 0 1 3.19759e-09 6.37767e-10
1.52508  419.683 5.85415e-05 0 0.999997 3.20418e-09 6.3914e-10
1.53177  419.683 5.8541e-05 0 1.00001 3.21071e-09 6.40502e-10
1.53846  419.683 5.85419e-05 0 0.999991 3.21712e-09 6.41839e-10
1.54515  419.683 5.85406e-05 0 1.00001 3.2235e-09 6.43168e-10
1.55184  419.683 5.85423e-05 0 0.999983 3.22975e-09 6.44471e-10
1.55853  419.683 5.85402e-05 0 1.00002 3.23594e-09 6.45761e-10
1.56522  419.683 5.85425e-05 0 0.99998 3.24208e-09 6.4704e-10
1.57191  419.683 5.85402e-05 0 1.00002 3.24801e-09 6.48277e-10
1.5786  419.683 5.85423e-05 0 0.999983 3.25408e-09 6.49541e-10
1.58528  419.684 5.85403e-05 0 1.00002 3.25975e-09 6.50724e-10
1.59197  419.684 5.85422e-05 0 0.999984 3.26571e-09 6.51965e-10
1.59866  419.684 5.85403e-05 0 1.00002 3.27117e-09 6.53104e-10
1.60535  419.684 5.85424e-05 0 0.99998 3.27694e-09 6.54306e-10
1.61204  419.684 5.85401e-05 0 1.00002 3.28227e-09 6.55419e-10
1.61873  419.684 5.85422e-05 0 0.999983 3.2878e-09 6.5657e-10
1.62542  419.684 5.85405e-05 0 1.00001 3.29302e-09 6.57659e-10
1.63211  419.684 5.85417e-05 0 0.999992 3.29831e-09 6.5876e-10
1.6388  419.684 5.8541e-05 0 1.00001 3.3034e-09 6.59821e-10
1.64548  419.684 5.85414e-05 0 0.999997 3.30846e-09 6.60876e-10
1.65217  419.684 5.85412e-05 0 1 3.31339e-09 6.61905e-10
1.65886  419.684 5.85413e-05 0 0.999999 3.31825e-09 6.62918e-10
1.66555  419.684 5.85412e-05 0 1 3.32301e-09 6.6391e-10
1.67224  419.684 5.85412e-05 0 1 3.32768e-09 6.64882e-10
1.67893  419.684 5.85412e-05 0 1 3.33225e-09 6.65836e-10
1.68562  419.684 5.85412e-05 0 1 3.33673e-09 6.66769e-10
1.69231  419.684 5.85412e-05 0 1 3.34111e-09 6.67683e-10
1.699  419.684 5.85412e-05 0 1 3.3454e-09 6.68577e-10
1.70569  419.684 5.85412e-05 0 1 3.34959e-09 6.69451e-10
1.71237  419.684 5.85412e-05 0 1 3.35369e-09 6.70305e-10
1.71906  419.684 5.85412e-05 0 1 3.35769e-09 6.71139e-10
1.72575  419.684 5.85412e-05 0 1 3.3616e-09 6.71953e-10
1.73244  419.684 5.85412e-05 0 1 3.36541e-09 6.72747e-10
1.73913  419.684 5.85412e-05 0 1 3.36912e-09 6.73521e-10
1.74582  419.684 5.85412e-05 0 1 3.37273e-09 6.74275e-10
1.75251  419.684 5.85412e-05 0 1 3.37625e-09 6.75008e-10
1.7592  419.684 5.85412e-05 0 1 3.37967e-09 6.75721e-10
1.76589  419.684 5.85412e-05 0 1 3.383e-09 6.76414e-10
1.77258  419.684 5.85412e-05 0 1 3.38622e-09 6.77087e-10
1.77926  419.684 5.85412e-05 0 1 3.38935e-09 6.77739e-10
1.78595  419.684 5.85412e-05 0 1 3.39238e-09 6.78371e-10
1.79264  419.685 5.85412e-05 0 1 3.39532e-09 6.78982e-10
1.79933  419.685 5.85411e-05 0 1 3.39815e-09 6.79573e-10
1.80602  419.685 5.85411e-05 0 1 3.40089e-09 6.80144e-10
1.81271  419.685 5.85411e-05 0 1 3.40353e-09 6.80695e-10
1.8194  419.685 5.85411e-05 0 1 3.40607e-09 6.81225e-10
1.82609  419.685 5.85411e-05 0 1 3.40852e-09 6.81735e-10
1.83278  419.685 5.85411e-05 0 1 3.41087e-09 6.82224e-10
1.83946  419.685 5.85411e-05 0 1 3.41312e-09 6.82694e-10
1.84615  419.685 5.85411e-05 0 1 3.41527e-09 6.83143e-10
1.85284  419.685 5.85411e-05 0 1 3.41733e-09 6.83571e-10
1.85953  419.685 5.85411e-05 0 1 3.41929e-09 6.8398e-10
1.86622  419.685 5.85411e-05 0 1 3.42115e-09 6.84368e-10
1.87291  419.685 5.85411e-05 0 1 3.42292e-09 6.84737e-10
1.8796  419.685 5.85411e-05 0 1 3.42459e-09 6.85085e-10
1.88629  419.685 5.85411e-05 0 1 3.42616e-09 6.85413e-10
1.89298  419.685 5.85412e-05 0 0.999999 3.42764e-09 6.8572e-10
1.89967  419.685 5.85411e-05 0 1 3.42903e-09 6.8601e-10
1.90635  419.685 5.85411e-05 0 1 3.43031e-09 6.86278e-10
1.91304  419.685 5.85411e-05 0 1 3.43151e-09 6.86527e-10
1.91973  419.685 5.85411e-05 0 1 3.43261e-09 6.86756e-10
1.92642  419.685 5.85411e-05 0 1 3.43361e-09 6.86966e-10
1.93311  419.685 5.85411e-05 0 1 3.43452e-09 6.87156e-10
1.9398  419.685 5.85411e-05 0 1 3.43534e-09 6.87326e-10
1.94649  419.685 5.85411e-05 0 1 3.43607e-09 6.87477e-10
1.95318  419.685 5.85411e-05 0 1 3.4367e-09 6.87609e-10
1.95987  419.685 5.85411e-05 0 1 3.43724e-09 6.87722e-10
1.96656  419.685 5.85411e-05 0 1 3.43769e-09 6.87816e-10
1.97324  419.685 5.85411e-05 0 1 3.43805e-09 6.8789e-10
1.97993  419.685 5.85411e-05 0 1 3.43832e-09 6.87946e-10
1.98662  419.685 5.85411e-05 0 1 3.43849e-09 6.87983e-10
1.99331  419.685 5.85411e-05 0 1 3.43858e-09 6.88002e-10
2  419.685 5.85411e-05 0 1 3.43858e-09 6.88002e-10
