TITLE="Graphics"
VARIABLES= "x", "T", "rho", "u",, "Y_H2", "Y_O2", "Y_N2"
0  400 6.1422e-05 0 1 0 0
0.00668896  419.667 5.85435e-05 0 1 1.49546e-09 2.82645e-10
0.0133779  419.667 5.85435e-05 0 1 1.49561e-09 2.82675e-10
0.0200669  419.667 5.85435e-05 0 1 1.49587e-09 2.82729e-10
0.0267559  419.667 5.85435e-05 0 1 1.49624e-09 2.82806e-10
0.0334448  419.667 5.85435e-05 0 1 1.49672e-09 2.82906e-10
0.0401338  419.667 5.85435e-05 0 1 1.4973e-09 2.83029e-10
0.0468227  419.667 5.85435e-05 0 1 1.498e-09 2.83174e-10
0.0535117  419.667 5.85435e-05 0 1 1.4988e-09 2.83342e-10
0.0602007  419.667 5.85435e-05 0 1 1.49971e-09 2.83533e-10
0.0668896  419.667 5.85435e-05 0 1 1.50073e-09 2.83746e-10
0.0735786  419.667 5.85435e-05 0 1 1.50186e-09 2.83981e-10
0.0802676  419.667 5.85435e-05 0 1 1.5031e-09 2.84239e-10
0.0869565  419.667 5.85435e-05 0 1 1.50444e-09 2.84519e-10
0.0936455  419.667 5.85435e-05 0 1 1.50589e-09 2.84821e-10
0.100334  419.667 5.85435e-05 0 1 1.50744e-09 2.85146e-10
0.107023  419.668 5.85435e-05 0 1 1.5091e-09 2.85493e-10
0.113712  419.668 5.85435e-05 0 1 1.51087e-09 2.85863e-10
0.120401  419.668 5.85435e-05 0 1 1.51275e-09 2.86254e-10
0.12709  419.668 5.85435e-05 0 1 1.51473e-09 2.86668e-10
0.133779  419.668 5.85435e-05 0 1 1.51681e-09 2.87103e-10
0.140468  419.668 5.85435e-05 0 1 1.51901e-09 2.87561e-10
0.147157  419.668 5.85435e-05 0 1 1.5213e-09 2.88041e-10
0.153846  419.668 5.85435e-05 0 1 1.52371e-09 2.88543e-10
0.160535  419.668 5.85435e-05 0 1 1.52621e-09 2.89066e-10
0.167224  419.668 5.85435e-05 0 1 1.52883e-09 2.89612e-10
0.173913  419.668 5.85435e-05 0 1 1.53154e-09 2.90179e-10
0.180602  419.668 5.85435e-05 0 1 1.53436e-09 2.90768e-10
0.187291  419.668 5.85435e-05 0 1 1.53729e-09 2.91379e-10
0.19398  419.668 5.85435e-05 0 1 1.54032e-09 2.92011e-10
0.200669  419.668 5.85435e-05 0 1 1.54345e-09 2.92665e-10
0.207358  419.668 5.85435e-05 0 1 1.54668e-09 2.9334e-10
0.214047  419.668 5.85435e-05 0 1 1.55002e-09 2.94037e-10
0.220736  419.668 5.85435e-05 0 1 1.55346e-09 2.94755e-10
0.227425  419.668 5.85435e-05 0 1 1.557e-09 2.95494e-10
0.234114  419.668 5.85434e-05 0 1 1.56064e-09 2.96255e-10
0.240803  419.668 5.85434e-05 0 1 1.56438e-09 2.97036e-10
0.247492  419.668 5.85434e-05 0 1 1.56823e-09 2.97839e-10
0.254181  419.668 5.85434e-05 0 1 1.57217e-09 2.98662e-10
0.26087  419.668 5.85434e-05 0 1 1.57621e-09 2.99507e-10
0.267559  419.668 5.85434e-05 0 1 1.58036e-09 3.00372e-10
0.274247  419.668 5.85434e-05 0 1 1.5846e-09 3.01258e-10
0.280936  419.668 5.85434e-05 0 1 1.58894e-09 3.02164e-10
0.287625  419.668 5.85434e-05 0 1 1.59338e-09 3.03091e-10
0.294314  419.668 5.85434e-05 0 1 1.59791e-09 3.04038e-10
0.301003  419.668 5.85434e-05 0 1 1.60255e-09 3.05005e-10
0.307692  419.669 5.85434e-05 0 1 1.60728e-09 3.05993e-10
0.314381  419.669 5.85434e-05 0 1 1.6121e-09 3.07001e-10
0.32107  419.669 5.85434e-05 0 1 1.61702e-09 3.08028e-10
0.327759  419.669 5.85434e-05 0 1 1.62204e-09 3.09076e-10
0.334448  419.669 5.85434e-05 0 1 1.62715e-09 3.10143e-10
0.341137  419.669 5.85433e-05 0 1 1.63236e-09 3.1123e-10
0.347826  419.669 5.85433e-05 0 1 1.63766e-09 3.12336e-10
0.354515  419.669 5.85433e-05 0 1 1.64305e-09 3.13462e-10
0.361204  419.669 5.85433e-05 0 1 1.64853e-09 3.14607e-10
0.367893  419.669 5.85433e-05 0 1 1.65411e-09 3.15772e-10
0.374582  419.669 5.85433e-05 0 1 1.65978e-09 3.16955e-10
0.381271  419.669 5.85433e-05 0 1 1.66554e-09 3.18157e-10
0.38796  419.669 5.85433e-05 0 1 1.67138e-09 3.19378e-10
0.394649  419.669 5.85433e-05 0 1 1.67732e-09 3.20618e-10
0.401338  419.669 5.85433e-05 0 1 1.68335e-09 3.21876e-10
0.408027  419.669 5.85433e-05 0 1 1.68946e-09 3.23153e-10
0.414716  419.669 5.85433e-05 0 1 1.69567e-09 3.24448e-10
0.421405  419.669 5.85432e-05 0 1 1.70196e-09 3.25761e-10
0.428094  419.67 5.85432e-05 0 1 1.70833e-09 3.27092e-10
0.434783  419.67 5.85432e-05 0 1 1.71479e-09 3.28441e-10
0.441472  419.67 5.85432e-05 0 1 1.72134e-09 3.29808e-10
0.448161  419.67 5.85432e-05 0 1 1.72797e-09 3.31192e-10
0.454849  419.67 5.85432e-05 0 1 1.73468e-09 3.32593e-10
0.461538  419.67 5.85432e-05 0 1 1.74148e-09 3.34012e-10
0.468227  419.67 5.85432e-05 0 1 1.74836e-09 3.35448e-10
0.474916  419.67 5.85432e-05 0 1 1.75532e-09 3.36902e-10
0.481605  419.67 5.85432e-05 0 1 1.76236e-09 3.38371e-10
0.488294  419.67 5.85431e-05 0 1 1.76948e-09 3.39858e-10
0.494983  419.67 5.85431e-05 0 1 1.77668e-09 3.41361e-10
0.501672  419.67 5.85431e-05 0 1 1.78396e-09 3.4288e-10
0.508361  419.67 5.85431e-05 0 1 1.79131e-09 3.44416e-10
0.51505  419.67 5.85431e-05 0 1 1.79874e-09 3.45968e-10
0.521739  419.671 5.85431e-05 0 1 1.80625e-09 3.47535e-10
0.528428  419.671 5.85431e-05 0 1 1.81384e-09 3.49118e-10
0.535117  419.671 5.85431e-05 0 1 1.82149e-09 3.50717e-10
0.541806  419.671 5.85431e-05 0 1 1.82923e-09 3.52331e-10
0.548495  419.671 5.85431e-05 0 1 1.83703e-09 3.5396e-10
0.555184  419.671 5.8543e-05 0 1 1.84491e-09 3.55605e-10
0.561873  419.671 5.8543e-05 0 1 1.85286e-09 3.57264e-10
0.568562  419.671 5.8543e-05 0 1 1.86087e-09 3.58937e-10
0.575251  419.671 5.8543e-05 0 1 1.86896e-09 3.60626e-10
0.58194  419.671 5.8543e-05 0 1 1.87712e-09 3.62328e-10
0.588629  419.671 5.8543e-05 0 1 1.88534e-09 3.64045e-10
0.595318  419.671 5.8543e-05 0 1 1.89363e-09 3.65776e-10
0.602007  419.672 5.8543e-05 0 1 1.90199e-09 3.6752e-10
0.608696  419.672 5.8543e-05 0 1 1.91041e-09 3.69278e-10
0.615385  419.672 5.85429e-05 0 1 1.9189e-09 3.7105e-10
0.622074  419.672 5.85429e-05 0 1 1.92745e-09 3.72834e-10
0.628763  419.672 5.85429e-05 0 1 1.93606e-09 3.74632e-10
0.635452  419.672 5.85429e-05 0 1 1.94474e-09 3.76442e-10
0.64214  419.672 5.85429e-05 0 1 1.95347e-09 3.78265e-10
0.648829  419.672 5.85429e-05 0 1 1.96226e-09 3.80101e-10
0.655518  419.672 5.85429e-05 0 1 1.97112e-09 3.81948e-10
0.662207  419.672 5.85429e-05 0 1 1.98003e-09 3.83808e-10
0.668896  419.672 5.85428e-05 0 1 1.98899e-09 3.8568e-10
0.675585  419.672 5.85428e-05 0 1 1.99802e-09 3.87563e-10
0.682274  419.673 5.85428e-05 0 1 2.00709e-09 3.89458e-10
0.688963  419.673 5.85428e-05 0 1 2.01623e-09 3.91364e-10
0.695652  419.673 5.85428e-05 0 1 2.02541e-09 3.9328e-10
0.702341  419.673 5.85428e-05 0 1 2.03465e-09 3.95208e-10
0.70903  419.673 5.85428e-05 0 1 2.04393e-09 3.97146e-10
0.715719  419.673 5.85428e-05 0 1 2.05327e-09 3.99095e-10
0.722408  419.673 5.85427e-05 0 1 2.06266e-09 4.01054e-10
0.729097  419.673 5.85427e-05 0 1 2.07209e-09 4.03023e-10
0.735786  419.673 5.85427e-05 0 1 2.08157e-09 4.05002e-10
0.742475  419.673 5.85427e-05 0 1 2.0911e-09 4.0699e-10
0.749164  419.673 5.85427e-05 0 1 2.10067e-09 4.08987e-10
0.755853  419.674 5.85427e-05 0 1 2.11029e-09 4.10994e-10
0.762542  419.674 5.85427e-05 0 1 2.11994e-09 4.1301e-10
0.769231  419.674 5.85427e-05 0 1 2.12965e-09 4.15034e-10
0.77592  419.674 5.85426e-05 0 1 2.13939e-09 4.17067e-10
0.782609  419.674 5.85426e-05 0 1 2.14917e-09 4.19108e-10
0.789298  419.674 5.85426e-05 0 1 2.15899e-09 4.21157e-10
0.795987  419.674 5.85426e-05 0 1 2.16884e-09 4.23214e-10
0.802676  419.674 5.85426e-05 0 1 2.17873e-09 4.25278e-10
0.809365  419.674 5.85426e-05 0 1 2.18866e-09 4.2735e-10
0.816054  419.674 5.85426e-05 0 1 2.19863e-09 4.29429e-10
0.822742  419.674 5.85425e-05 0 1 2.20862e-09 4.31514e-10
0.829431  419.675 5.85425e-05 0 1 2.21865e-09 4.33607e-10
0.83612  419.675 5.85425e-05 0 1 2.22871e-09 4.35706e-10
0.842809  419.675 5.85425e-05 0 1 2.2388e-09 4.37811e-10
0.849498  419.675 5.85425e-05 0 1 2.24891e-09 4.39922e-10
0.856187  419.675 5.85425e-05 0 1 2.25906e-09 4.42039e-10
0.862876  419.675 5.85425e-05 0 1 2.26923e-09 4.44161e-10
0.869565  419.675 5.85425e-05 0 1 2.27943e-09 4.46289e-10
0.876254  419.675 5.85424e-05 0 1 2.28965e-09 4.48421e-10
0.882943  419.675 5.85424e-05 0 1 2.29989e-09 4.50559e-10
0.889632  419.675 5.85424e-05 0 1 2.31016e-09 4.52701e-10
0.896321  419.676 5.85424e-05 0 1 2.32045e-09 4.54847e-10
0.90301  419.676 5.85424e-05 0 1 2.33075e-09 4.56998e-10
0.909699  419.676 5.85424e-05 0 1 2.34108e-09 4.59152e-10
0.916388  419.676 5.85424e-05 0 0.999999 2.35142e-09 4.6131e-10
0.923077  419.676 5.85425e-05 0 0.999998 2.36177e-09 4.63469e-10
0.929766  419.676 5.85419e-05 0 1.00001 2.37217e-09 4.65639e-10
0.936455  419.676 5.854e-05 0 1.00004 2.38278e-09 4.67849e-10
0.943144  419.676 5.85609e-05 0 0.999682 2.3931e-09 4.70009e-10
0.949833  419.676 5.84489e-05 0 1.0016 2.4075e-09 4.7296e-10
0.956522  419.676 5.85531e-05 0 0.999814 2.41331e-09 4.74226e-10
0.963211  419.676 5.86111e-05 0 0.998825 2.42081e-09 4.75824e-10
0.9699  419.677 5.85367e-05 0 1.0001 2.43424e-09 4.7859e-10
0.976589  419.677 5.85437e-05 0 0.999976 2.44503e-09 4.80839e-10
0.983278  419.677 5.85405e-05 0 1.00003 2.45567e-09 4.83057e-10
0.989967  419.677 5.85436e-05 0 0.999977 2.46598e-09 4.85209e-10
0.996656  419.677 5.85427e-05 0 0.999991 2.47647e-09 4.87397e-10
1.00334  419.677 5.85421e-05 0 1 2.48696e-09 4.89586e-10
1.01003  419.677 5.85422e-05 0 1 2.49742e-09 4.91768e-10
1.01672  419.677 5.85422e-05 0 1 2.50789e-09 4.93951e-10
1.02341  419.677 5.85422e-05 0 1 2.51836e-09 4.96134e-10
1.0301  419.677 5.85421e-05 0 1 2.52882e-09 4.98317e-10
1.03679  419.678 5.85421e-05 0 1 2.53928e-09 5.00499e-10
1.04348  419.678 5.85421e-05 0 1 2.54973e-09 5.0268e-10
1.05017  419.678 5.85421e-05 0 1 2.56018e-09 5.04859e-10
1.05686  419.678 5.85421e-05 0 1 2.57063e-09 5.07037e-10
1.06355  419.678 5.85421e-05 0 1 2.58106e-09 5.09213e-10
1.07023  419.678 5.85421e-05 0 1 2.59148e-09 5.11388e-10
1.07692  419.678 5.8542e-05 0 1 2.6019e-09 5.13559e-10
1.08361  419.678 5.8542e-05 0 1 2.6123e-09 5.15729e-10
1.0903  419.678 5.8542e-05 0 1 2.62269e-09 5.17896e-10
1.09699  419.678 5.8542e-05 0 1 2.63306e-09 5.20059e-10
1.10368  419.678 5.8542e-05 0 1 2.64342e-09 5.2222e-10
1.11037  419.679 5.8542e-05 0 1 2.65376e-09 5.24377e-10
1.11706  419.679 5.8542e-05 0 1 2.66408e-09 5.2653e-10
1.12375  419.679 5.8542e-05 0 1 2.67439e-09 5.28679e-10
1.13043  419.679 5.85419e-05 0 1 2.68467e-09 5.30824e-10
1.13712  419.679 5.85419e-05 0 1 2.69494e-09 5.32964e-10
1.14381  419.679 5.85419e-05 0 1 2.70518e-09 5.351e-10
1.1505  419.679 5.85419e-05 0 1 2.71539e-09 5.37231e-10
1.15719  419.679 5.85419e-05 0 1 2.72558e-09 5.39356e-10
1.16388  419.679 5.85419e-05 0 1 2.73575e-09 5.41476e-10
1.17057  419.679 5.85419e-05 0 1 2.74589e-09 5.4359e-10
1.17726  419.679 5.85419e-05 0 1 2.756e-09 5.45698e-10
1.18395  419.68 5.85418e-05 0 1 2.76607e-09 5.478e-10
1.19064  419.68 5.85418e-05 0 1 2.77612e-09 5.49895e-10
1.19732  419.68 5.85418e-05 0 1 2.78614e-09 5.51984e-10
1.20401  419.68 5.85418e-05 0 1 2.79612e-09 5.54065e-10
1.2107  419.68 5.85418e-05 0 1 2.80607e-09 5.5614e-10
1.21739  419.68 5.85418e-05 0 1 2.81598e-09 5.58207e-10
1.22408  419.68 5.85418e-05 0 1 2.82585e-09 5.60266e-10
1.23077  419.68 5.85418e-05 0 1 2.83569e-09 5.62317e-10
1.23746  419.68 5.85418e-05 0 1 2.84549e-09 5.6436e-10
1.24415  419.68 5.85417e-05 0 1 2.85524e-09 5.66394e-10
1.25084  419.68 5.85417e-05 0 1 2.86496e-09 5.68419e-10
1.25753  419.68 5.85417e-05 0 1 2.87463e-09 5.70436e-10
1.26421  419.681 5.85417e-05 0 1 2.88425e-09 5.72443e-10
1.2709  419.681 5.85417e-05 0 1 2.89384e-09 5.74441e-10
1.27759  419.681 5.85417e-05 0 1 2.90337e-09 5.7643e-10
1.28428  419.681 5.85417e-05 0 1 2.91286e-09 5.78408e-10
1.29097  419.681 5.85417e-05 0 1 2.9223e-09 5.80376e-10
1.29766  419.681 5.85417e-05 0 1 2.93168e-09 5.82333e-10
1.30435  419.681 5.85416e-05 0 1 2.94102e-09 5.8428e-10
1.31104  419.681 5.85416e-05 0 1 2.95031e-09 5.86216e-10
1.31773  419.681 5.85416e-05 0 1 2.95954e-09 5.88141e-10
1.32441  419.681 5.85416e-05 0 1 2.96871e-09 5.90054e-10
1.3311  419.681 5.85416e-05 0 1 2.97783e-09 5.91956e-10
1.33779  419.681 5.85416e-05 0 1 2.9869e-09 5.93846e-10
1.34448  419.681 5.85416e-05 0 1 2.9959e-09 5.95724e-10
1.35117  419.682 5.85416e-05 0 1 3.00485e-09 5.97589e-10
1.35786  419.682 5.85416e-05 0 1 3.01373e-09 5.99442e-10
1.36455  419.682 5.85415e-05 0 1 3.02256e-09 6.01282e-10
1.37124  419.682 5.85415e-05 0 1 3.03132e-09 6.03108e-10
1.37793  419.682 5.85415e-05 0 1 3.04002e-09 6.04922e-10
1.38462  419.682 5.85415e-05 0 1 3.04865e-09 6.06722e-10
1.3913  419.682 5.85415e-05 0 1 3.05722e-09 6.08508e-10
1.39799  419.682 5.85415e-05 0 1 3.06572e-09 6.1028e-10
1.40468  419.682 5.85415e-05 0 1 3.07415e-09 6.12038e-10
1.41137  419.682 5.85414e-05 0 1 3.08251e-09 6.13782e-10
1.41806  419.682 5.85415e-05 0 1 3.0908e-09 6.15511e-10
1.42475  419.682 5.85415e-05 0 0.999999 3.09902e-09 6.17224e-10
1.43144  419.682 5.85415e-05 0 1 3.10717e-09 6.18924e-10
1.43813  419.682 5.85414e-05 0 1 3.11525e-09 6.20607e-10
1.44482  419.682 5.85414e-05 0 1 3.12325e-09 6.22276e-10
1.45151  419.683 5.85414e-05 0 1 3.13117e-09 6.23928e-10
1.45819  419.683 5.85414e-05 0 1 3.13902e-09 6.25565e-10
1.46488  419.683 5.85414e-05 0 1 3.14679e-09 6.27185e-10
1.47157  419.683 5.85414e-05 0 1 3.15449e-09 6.28789e-10
1.47826  419.683 5.85414e-05 0 1 3.1621e-09 6.30377e-10
1.48495  419.683 5.85414e-05 0 1 3.16964e-09 6.31948e-10
1.49164  419.683 5.85414e-05 0 1 3.17709e-09 6.33502e-10
1.49833  419.683 5.85414e-05 0 1 3.18446e-09 6.35039e-10
1.50502  419.683 5.85414e-05 0 0.999999 3.19175e-09 6.36558e-10
1.51171  419.683 5.85414e-05 0 0.999999 3.19895e-09 6.3806e-10
1.51839  419.683 5.85412e-05 0 1 3.20608e-09 6.39547e-10
1.52508  419.683 5.85415e-05 0 0.999997 3.2131e-09 6.41011e-10
1.53177  419.683 5.8541e-05 0 1.00001 3.22006e-09 6.42463e-10
1.53846  419.683 5.85418e-05 0 0.999991 3.2269e-09 6.43889e-10
1.54515  419.683 5.85406e-05 0 1.00001 3.2337e-09 6.45305e-10
1.55184  419.683 5.85423e-05 0 0.999983 3.24037e-09 6.46696e-10
1.55853  419.683 5.85402e-05 0 1.00002 3.24695e-09 6.48069e-10
1.56522  419.683 5.85425e-05 0 0.99998 3.2535e-09 6.49435e-10
1.57191  419.684 5.85402e-05 0 1.00002 3.25982e-09 6.50752e-10
1.5786  419.684 5.85423e-05 0 0.999983 3.26629e-09 6.521e-10
1.58528  419.684 5.85403e-05 0 1.00002 3.27232e-09 6.5336e-10
1.59197  419.684 5.85422e-05 0 0.999984 3.27868e-09 6.54684e-10
1.59866  419.684 5.85403e-05 0 1.00002 3.28449e-09 6.55896e-10
1.60535  419.684 5.85424e-05 0 0.99998 3.29065e-09 6.5718e-10
1.61204  419.684 5.85401e-05 0 1.00002 3.29632e-09 6.58363e-10
1.61873  419.684 5.85422e-05 0 0.999983 3.30222e-09 6.59593e-10
1.62542  419.684 5.85405e-05 0 1.00001 3.30777e-09 6.60751e-10
1.63211  419.684 5.85417e-05 0 0.999992 3.31341e-09 6.61926e-10
1.6388  419.684 5.85409e-05 0 1.00001 3.31883e-09 6.63056e-10
1.64548  419.684 5.85414e-05 0 0.999997 3.32422e-09 6.6418e-10
1.65217  419.684 5.85411e-05 0 1 3.32947e-09 6.65276e-10
1.65886  419.684 5.85412e-05 0 0.999999 3.33465e-09 6.66356e-10
1.66555  419.684 5.85412e-05 0 1 3.33972e-09 6.67412e-10
1.67224  419.684 5.85412e-05 0 1 3.34469e-09 6.68449e-10
1.67893  419.684 5.85412e-05 0 1 3.34956e-09 6.69464e-10
1.68562  419.684 5.85412e-05 0 1 3.35433e-09 6.70459e-10
1.69231  419.684 5.85412e-05 0 1 3.359e-09 6.71432e-10
1.699  419.684 5.85412e-05 0 1 3.36356e-09 6.72385e-10
1.70569  419.684 5.85412e-05 0 1 3.36803e-09 6.73316e-10
1.71237  419.684 5.85412e-05 0 1 3.37239e-09 6.74226e-10
1.71906  419.684 5.85412e-05 0 1 3.37665e-09 6.75114e-10
1.72575  419.684 5.85412e-05 0 1 3.38081e-09 6.75981e-10
1.73244  419.684 5.85412e-05 0 1 3.38487e-09 6.76827e-10
1.73913  419.685 5.85412e-05 0 1 3.38882e-09 6.77651e-10
1.74582  419.685 5.85411e-05 0 1 3.39267e-09 6.78454e-10
1.75251  419.685 5.85411e-05 0 1 3.39641e-09 6.79235e-10
1.7592  419.685 5.85411e-05 0 1 3.40006e-09 6.79995e-10
1.76589  419.685 5.85411e-05 0 1 3.40359e-09 6.80733e-10
1.77258  419.685 5.85411e-05 0 1 3.40703e-09 6.81449e-10
1.77926  419.685 5.85411e-05 0 1 3.41036e-09 6.82144e-10
1.78595  419.685 5.85411e-05 0 1 3.41359e-09 6.82817e-10
1.79264  419.685 5.85411e-05 0 1 3.41671e-09 6.83468e-10
1.79933  419.685 5.85411e-05 0 1 3.41973e-09 6.84098e-10
1.80602  419.685 5.85411e-05 0 1 3.42264e-09 6.84706e-10
1.81271  419.685 5.85411e-05 0 1 3.42546e-09 6.85292e-10
1.8194  419.685 5.85411e-05 0 1 3.42816e-09 6.85856e-10
1.82609  419.685 5.85411e-05 0 1 3.43077e-09 6.86399e-10
1.83278  419.685 5.85411e-05 0 1 3.43327e-09 6.86921e-10
1.83946  419.685 5.85411e-05 0 1 3.43566e-09 6.8742e-10
1.84615  419.685 5.85411e-05 0 1 3.43796e-09 6.87899e-10
1.85284  419.685 5.85411e-05 0 1 3.44014e-09 6.88355e-10
1.85953  419.685 5.85411e-05 0 1 3.44223e-09 6.8879e-10
1.86622  419.685 5.85411e-05 0 1 3.44421e-09 6.89204e-10
1.87291  419.685 5.8541e-05 0 1 3.4461e-09 6.89597e-10
1.8796  419.685 5.8541e-05 0 1 3.44787e-09 6.89967e-10
1.88629  419.685 5.85411e-05 0 1 3.44955e-09 6.90316e-10
1.89298  419.685 5.85412e-05 0 0.999999 3.45112e-09 6.90644e-10
1.89967  419.685 5.85411e-05 0 1 3.45259e-09 6.90952e-10
1.90635  419.685 5.85411e-05 0 1 3.45397e-09 6.91238e-10
1.91304  419.685 5.85411e-05 0 1 3.45524e-09 6.91503e-10
1.91973  419.685 5.85411e-05 0 1 3.45641e-09 6.91746e-10
1.92642  419.685 5.85411e-05 0 1 3.45748e-09 6.9197e-10
1.93311  419.685 5.85411e-05 0 1 3.45845e-09 6.92172e-10
1.9398  419.685 5.85411e-05 0 1 3.45932e-09 6.92353e-10
1.94649  419.685 5.85411e-05 0 1 3.46009e-09 6.92514e-10
1.95318  419.685 5.85411e-05 0 1 3.46076e-09 6.92655e-10
1.95987  419.685 5.85411e-05 0 1 3.46134e-09 6.92775e-10
1.96656  419.685 5.85411e-05 0 1 3.46181e-09 6.92875e-10
1.97324  419.685 5.85411e-05 0 1 3.4622e-09 6.92954e-10
1.97993  419.685 5.85411e-05 0 1 3.46248e-09 6.93014e-10
1.98662  419.685 5.85411e-05 0 1 3.46267e-09 6.93053e-10
1.99331  419.685 5.85411e-05 0 1 3.46277e-09 6.93073e-10
2  419.685 5.85411e-05 0 1 3.46277e-09 6.93073e-10
