TITLE="Graphics"
VARIABLES= "x", "T", "rho", "u",, "Y_H2", "Y_O2", "Y_N2"
0  400 6.1422e-05 0 1 0 0
0.020202  400 6.1422e-05 0 1 3.61252e-59 3.84874e-59
0.040404  400 6.1422e-05 0 1 1.67508e-59 1.99055e-59
0.0606061  400 6.1422e-05 0 1 3.04375e-55 3.49988e-55
0.0808081  400 6.1422e-05 0 1 6.84687e-55 8.79204e-55
0.10101  400 6.1422e-05 0 1 5.34882e-51 6.64749e-51
0.121212  400 6.1422e-05 0 1 5.02936e-50 6.96376e-50
0.141414  400 6.1422e-05 0 1 1.23717e-46 1.67076e-46
0.161616  400 6.1422e-05 0 1 4.31105e-45 6.43371e-45
0.181818  400 6.1422e-05 0 1 4.00541e-42 5.94447e-42
0.20202  400 6.1422e-05 0 1 3.71816e-40 5.98021e-40
0.222222  400 6.1422e-05 0 1 2.12261e-37 3.47745e-37
0.242424  400 6.1422e-05 0 1 2.29154e-35 3.97154e-35
0.262626  400 6.1422e-05 0 1 1.7036e-32 3.04806e-32
0.282828  400 6.14218e-05 0 1 2.6251e-32 4.82543e-32
0.30303  400 6.1422e-05 0 1 4.45617e-28 8.59379e-28
0.323232  400 6.14222e-05 0 0.999998 1.70928e-32 3.2733e-32
0.343434  400 6.1422e-05 0 1 3.67374e-28 7.39935e-28
0.363636  400 6.1422e-05 0 1 2.69642e-27 5.64446e-27
0.383838  400 6.1422e-05 0 1 0 0
0.40404  400 6.1422e-05 0 1 3.80826e-23 8.59705e-23
0.424242  400 6.1422e-05 0 1 0 0
0.444444  400 6.1422e-05 0 1 5.01795e-19 1.22177e-18
0.464646  400 6.1422e-05 0 1 0 0
0.484848  400 6.1422e-05 0 1 5.91584e-15 1.55374e-14
0.505051  400 6.1422e-05 0 1 0 0
0.525253  400 6.1422e-05 0 1 5.81033e-11 1.64666e-10
0.545455  400 6.1422e-05 0 1 0 0
0.565657  400 6.14221e-05 0 0.999998 4.14075e-07 1.26745e-06
0.585859  400 6.13948e-05 0 1.00044 0 0
0.606061  400 6.17861e-05 0 0.993664 0.00146464 0.00487097
0.626263  400 6.33495e-05 0 0.967288 0.00761565 0.0250968
0.646465  400 6.49203e-05 0 0.942066 0.0134893 0.0444444
0.666667  400 6.65731e-05 0 0.916812 0.0193711 0.0638169
0.686869  400 6.83123e-05 0 0.891558 0.0252528 0.0831888
0.707071  400 7.01447e-05 0 0.866305 0.0311343 0.102561
0.727273  400 7.20782e-05 0 0.841052 0.0370158 0.121932
0.747475  400 7.41212e-05 0 0.815799 0.0428973 0.141304
0.767677  400 7.62834e-05 0 0.790546 0.0487786 0.160675
0.787879  400 7.85756e-05 0 0.765294 0.05466 0.180046
0.808081  400 8.10097e-05 0 0.740041 0.0605412 0.199418
0.828283  400 8.35994e-05 0 0.714789 0.0664224 0.218789
0.848485  400 8.63602e-05 0 0.689537 0.0723035 0.23816
0.868687  400 8.93096e-05 0 0.664285 0.0781846 0.257531
0.888889  400 9.24674e-05 0 0.639033 0.0840655 0.276902
0.909091  400 9.58568e-05 0 0.613781 0.0899464 0.296272
0.929293  400 9.9504e-05 0 0.58853 0.0958272 0.315643
0.949495  400 0.00010344 0 0.563279 0.101708 0.335013
0.969697  400 0.0001077 0 0.538028 0.107588 0.354384
0.989899  400 0.000112325 0 0.512777 0.113469 0.373754
1.0101  400 0.000117366 0 0.487527 0.119349 0.393124
1.0303  400 0.000122881 0 0.462277 0.125229 0.412494
1.05051  400 0.000128939 0 0.437027 0.131109 0.431863
1.07071  400 0.000135625 0 0.411778 0.136989 0.451233
1.09091  400 0.000143043 0 0.386529 0.142869 0.470602
1.11111  400 0.000151319 0 0.361281 0.148748 0.489971
1.13131  400 0.00016061 0 0.336033 0.154627 0.50934
1.15152  400 0.000171118 0 0.310786 0.160506 0.528708
1.17172  400 0.000183096 0 0.28554 0.166384 0.548076
1.19192  400 0.000196877 0 0.260295 0.172263 0.567443
1.21212  400 0.0002129 0 0.23505 0.17814 0.586809
1.23232  400 0.000231761 0 0.209808 0.184018 0.606174
1.25253  400 0.000254287 0 0.184567 0.189896 0.625537
1.27273  400 0.00028166 0 0.159329 0.195773 0.644898
1.29293  400 0.000315633 0 0.134093 0.201652 0.664255
1.31313  400 0.000358918 0 0.108862 0.207533 0.683605
1.33333  400 0.000415948 0 0.0836357 0.21342 0.702944
1.35354  400 0.000494505 0 0.0584154 0.219324 0.722261
1.37374  400 0.000609254 0 0.0332647 0.225265 0.741471
1.39394  400 0.000807682 0 0.00663559 0.231422 0.761943
1.41414  400 0.00087865 0 0 0.232985 0.767429
1.43434  400 0.000879 0 1.49847e-06 0.232918 0.767081
1.45455  400 0.000879017 0 0 0.232918 0.767083
1.47475  400 0.000879017 0 1.77332e-10 0.232918 0.767082
1.49495  400 0.000879017 0 0 0.232918 0.767082
1.51515  400 0.000879017 0 1.52137e-14 0.232918 0.767082
1.53535  400 0.000879017 0 0 0.232918 0.767082
1.55556  400 0.000879017 0 1.08221e-18 0.232918 0.767082
1.57576  400 0.000879017 0 0 0.232918 0.767082
1.59596  400 0.000879017 0 6.83949e-23 0.232918 0.767082
1.61616  400 0.000879017 0 0 0.232918 0.767082
1.63636  400 0.000879017 0 3.99871e-27 0.232918 0.767082
1.65657  400 0.000879017 0 0 0.232918 0.767082
1.67677  400 0.000879017 0 2.2182e-31 0.232918 0.767082
1.69697  400 0.000879017 0 0 0.232918 0.767082
1.71717  400 0.000879017 0 1.18707e-35 0.232918 0.767082
1.73737  400 0.000879017 0 0 0.232918 0.767082
1.75758  400 0.000879017 0 6.1973e-40 0.232918 0.767082
1.77778  400 0.000879017 0 0 0.232918 0.767082
1.79798  400 0.000879017 0 3.18069e-44 0.232918 0.767082
1.81818  400 0.000879017 0 0 0.232918 0.767082
1.83838  400 0.000879017 0 1.61343e-48 0.232918 0.767082
1.85859  400 0.000879017 0 0 0.232918 0.767082
1.87879  400 0.000879017 0 8.11908e-53 0.232918 0.767082
1.89899  400 0.000879017 0 0 0.232918 0.767082
1.91919  400 0.000879017 0 4.06366e-57 0.232918 0.767082
1.93939  400 0.000879017 0 0 0.232918 0.767082
1.9596  400 0.000879017 0 2.0266e-61 0.232918 0.767082
1.9798  400 0.000879017 0 0 0.232918 0.767082
2  400 0.000879017 0 0 0.232918 0.767082
