TITLE="Graphics"
VARIABLES= "x", "T", "rho", "u",, "Y_H2", "Y_O2", "Y_N2"
0  400 6.1422e-05 0 1 0 0
0.00668896  419.656 5.85451e-05 0 1 2.58878e-09 5.07735e-10
0.0133779  419.656 5.85451e-05 0 1 2.58884e-09 5.07748e-10
0.0200669  419.656 5.85451e-05 0 1 2.58895e-09 5.07771e-10
0.0267559  419.656 5.85451e-05 0 1 2.5891e-09 5.07803e-10
0.0334448  419.656 5.85451e-05 0 1 2.5893e-09 5.07846e-10
0.0401338  419.656 5.85451e-05 0 1 2.58955e-09 5.07898e-10
0.0468227  419.656 5.85451e-05 0 1 2.58984e-09 5.07959e-10
0.0535117  419.656 5.85451e-05 0 1 2.59017e-09 5.0803e-10
0.0602007  419.656 5.85451e-05 0 1 2.59056e-09 5.08111e-10
0.0668896  419.656 5.85451e-05 0 1 2.59098e-09 5.08201e-10
0.0735786  419.656 5.85451e-05 0 1 2.59145e-09 5.08301e-10
0.0802676  419.656 5.85451e-05 0 1 2.59197e-09 5.0841e-10
0.0869565  419.656 5.85451e-05 0 1 2.59253e-09 5.08529e-10
0.0936455  419.656 5.85451e-05 0 1 2.59313e-09 5.08657e-10
0.100334  419.656 5.85451e-05 0 1 2.59378e-09 5.08795e-10
0.107023  419.656 5.85451e-05 0 1 2.59447e-09 5.08942e-10
0.113712  419.656 5.85451e-05 0 1 2.59521e-09 5.09098e-10
0.120401  419.656 5.85451e-05 0 1 2.59599e-09 5.09264e-10
0.12709  419.656 5.85451e-05 0 1 2.59682e-09 5.09439e-10
0.133779  419.656 5.85451e-05 0 1 2.59769e-09 5.09623e-10
0.140468  419.656 5.85451e-05 0 1 2.5986e-09 5.09816e-10
0.147157  419.656 5.85451e-05 0 1 2.59955e-09 5.10019e-10
0.153846  419.656 5.85451e-05 0 1 2.60055e-09 5.10231e-10
0.160535  419.656 5.85451e-05 0 1 2.6016e-09 5.10453e-10
0.167224  419.656 5.85451e-05 0 1 2.60268e-09 5.10683e-10
0.173913  419.657 5.85451e-05 0 1 2.60381e-09 5.10922e-10
0.180602  419.657 5.8545e-05 0 1 2.60499e-09 5.11171e-10
0.187291  419.657 5.8545e-05 0 1 2.6062e-09 5.11429e-10
0.19398  419.657 5.8545e-05 0 1 2.60746e-09 5.11695e-10
0.200669  419.657 5.8545e-05 0 1 2.60876e-09 5.11971e-10
0.207358  419.657 5.8545e-05 0 1 2.6101e-09 5.12255e-10
0.214047  419.657 5.8545e-05 0 1 2.61148e-09 5.12549e-10
0.220736  419.657 5.8545e-05 0 1 2.61291e-09 5.12851e-10
0.227425  419.657 5.8545e-05 0 1 2.61437e-09 5.13162e-10
0.234114  419.657 5.8545e-05 0 1 2.61588e-09 5.13482e-10
0.240803  419.657 5.8545e-05 0 1 2.61743e-09 5.1381e-10
0.247492  419.657 5.8545e-05 0 1 2.61902e-09 5.14148e-10
0.254181  419.657 5.85449e-05 0 1 2.62065e-09 5.14493e-10
0.26087  419.657 5.85449e-05 0 1 2.62232e-09 5.14848e-10
0.267559  419.657 5.85449e-05 0 1 2.62403e-09 5.1521e-10
0.274247  419.658 5.85449e-05 0 1 2.62578e-09 5.15582e-10
0.280936  419.658 5.85449e-05 0 1 2.62757e-09 5.15961e-10
0.287625  419.658 5.85449e-05 0 1 2.6294e-09 5.16349e-10
0.294314  419.658 5.85449e-05 0 1 2.63127e-09 5.16746e-10
0.301003  419.658 5.85449e-05 0 1 2.63318e-09 5.1715e-10
0.307692  419.658 5.85449e-05 0 1 2.63512e-09 5.17563e-10
0.314381  419.658 5.85448e-05 0 1 2.63711e-09 5.17984e-10
0.32107  419.658 5.85448e-05 0 1 2.63913e-09 5.18412e-10
0.327759  419.658 5.85448e-05 0 1 2.64119e-09 5.18849e-10
0.334448  419.658 5.85448e-05 0 1 2.64328e-09 5.19294e-10
0.341137  419.658 5.85448e-05 0 1 2.64541e-09 5.19746e-10
0.347826  419.659 5.85448e-05 0 1 2.64758e-09 5.20207e-10
0.354515  419.659 5.85448e-05 0 1 2.64979e-09 5.20675e-10
0.361204  419.659 5.85447e-05 0 1 2.65203e-09 5.2115e-10
0.367893  419.659 5.85447e-05 0 1 2.65431e-09 5.21634e-10
0.374582  419.659 5.85447e-05 0 1 2.65662e-09 5.22124e-10
0.381271  419.659 5.85447e-05 0 1 2.65897e-09 5.22622e-10
0.38796  419.659 5.85447e-05 0 1 2.66135e-09 5.23128e-10
0.394649  419.659 5.85447e-05 0 1 2.66377e-09 5.23641e-10
0.401338  419.659 5.85447e-05 0 1 2.66622e-09 5.2416e-10
0.408027  419.66 5.85446e-05 0 1 2.6687e-09 5.24688e-10
0.414716  419.66 5.85446e-05 0 1 2.67122e-09 5.25222e-10
0.421405  419.66 5.85446e-05 0 1 2.67377e-09 5.25763e-10
0.428094  419.66 5.85446e-05 0 1 2.67635e-09 5.26311e-10
0.434783  419.66 5.85446e-05 0 1 2.67896e-09 5.26865e-10
0.441472  419.66 5.85446e-05 0 1 2.68161e-09 5.27427e-10
0.448161  419.66 5.85445e-05 0 1 2.68428e-09 5.27995e-10
0.454849  419.66 5.85445e-05 0 1 2.68699e-09 5.28569e-10
0.461538  419.66 5.85445e-05 0 1 2.68972e-09 5.2915e-10
0.468227  419.661 5.85445e-05 0 1 2.69249e-09 5.29738e-10
0.474916  419.661 5.85445e-05 0 1 2.69529e-09 5.30331e-10
0.481605  419.661 5.85445e-05 0 1 2.69811e-09 5.30931e-10
0.488294  419.661 5.85444e-05 0 1 2.70097e-09 5.31537e-10
0.494983  419.661 5.85444e-05 0 1 2.70385e-09 5.32149e-10
0.501672  419.661 5.85444e-05 0 1 2.70676e-09 5.32767e-10
0.508361  419.661 5.85444e-05 0 1 2.70969e-09 5.3339e-10
0.51505  419.662 5.85444e-05 0 1 2.71266e-09 5.34019e-10
0.521739  419.662 5.85443e-05 0 1 2.71564e-09 5.34654e-10
0.528428  419.662 5.85443e-05 0 1 2.71866e-09 5.35295e-10
0.535117  419.662 5.85443e-05 0 1 2.7217e-09 5.35941e-10
0.541806  419.662 5.85443e-05 0 1 2.72477e-09 5.36592e-10
0.548495  419.662 5.85443e-05 0 1 2.72786e-09 5.37248e-10
0.555184  419.662 5.85442e-05 0 1 2.73097e-09 5.3791e-10
0.561873  419.662 5.85442e-05 0 1 2.73411e-09 5.38576e-10
0.568562  419.663 5.85442e-05 0 1 2.73727e-09 5.39248e-10
0.575251  419.663 5.85442e-05 0 1 2.74045e-09 5.39924e-10
0.58194  419.663 5.85442e-05 0 1 2.74365e-09 5.40605e-10
0.588629  419.663 5.85441e-05 0 1 2.74688e-09 5.4129e-10
0.595318  419.663 5.85441e-05 0 1 2.75012e-09 5.4198e-10
0.602007  419.663 5.85441e-05 0 1 2.75339e-09 5.42674e-10
0.608696  419.664 5.85441e-05 0 1 2.75668e-09 5.43373e-10
0.615385  419.664 5.85441e-05 0 1 2.75998e-09 5.44076e-10
0.622074  419.664 5.8544e-05 0 1 2.76331e-09 5.44782e-10
0.628763  419.664 5.8544e-05 0 1 2.76665e-09 5.45493e-10
0.635452  419.664 5.8544e-05 0 1 2.77001e-09 5.46208e-10
0.64214  419.664 5.8544e-05 0 1 2.77339e-09 5.46926e-10
0.648829  419.664 5.85439e-05 0 1 2.77678e-09 5.47648e-10
0.655518  419.665 5.85439e-05 0 1 2.78019e-09 5.48373e-10
0.662207  419.665 5.85439e-05 0 1 2.78362e-09 5.49102e-10
0.668896  419.665 5.85439e-05 0 1 2.78706e-09 5.49834e-10
0.675585  419.665 5.85439e-05 0 1 2.79052e-09 5.50569e-10
0.682274  419.665 5.85438e-05 0 1 2.79399e-09 5.51307e-10
0.688963  419.665 5.85438e-05 0 1 2.79747e-09 5.52048e-10
0.695652  419.666 5.85438e-05 0 1 2.80096e-09 5.52791e-10
0.702341  419.666 5.85438e-05 0 1 2.80447e-09 5.53538e-10
0.70903  419.666 5.85437e-05 0 1 2.80799e-09 5.54286e-10
0.715719  419.666 5.85437e-05 0 1 2.81152e-09 5.55038e-10
0.722408  419.666 5.85437e-05 0 1 2.81506e-09 5.55791e-10
0.729097  419.666 5.85437e-05 0 1 2.81861e-09 5.56547e-10
0.735786  419.667 5.85437e-05 0 1 2.82217e-09 5.57304e-10
0.742475  419.667 5.85436e-05 0 1 2.82574e-09 5.58064e-10
0.749164  419.667 5.85436e-05 0 1 2.82931e-09 5.58825e-10
0.755853  419.667 5.85436e-05 0 1 2.83289e-09 5.59588e-10
0.762542  419.667 5.85436e-05 0 1 2.83648e-09 5.60353e-10
0.769231  419.667 5.85435e-05 0 1 2.84008e-09 5.61119e-10
0.77592  419.668 5.85435e-05 0 1 2.84368e-09 5.61886e-10
0.782609  419.668 5.85435e-05 0 1 2.84728e-09 5.62654e-10
0.789298  419.668 5.85435e-05 0 1 2.8509e-09 5.63423e-10
0.795987  419.668 5.85434e-05 0 1 2.85451e-09 5.64194e-10
0.802676  419.668 5.85434e-05 0 1 2.85813e-09 5.64965e-10
0.809365  419.668 5.85434e-05 0 1 2.86175e-09 5.65736e-10
0.816054  419.669 5.85434e-05 0 1 2.86537e-09 5.66508e-10
0.822742  419.669 5.85434e-05 0 1 2.86899e-09 5.6728e-10
0.829431  419.669 5.85433e-05 0 1 2.87261e-09 5.68053e-10
0.83612  419.669 5.85433e-05 0 1 2.87623e-09 5.68826e-10
0.842809  419.669 5.85433e-05 0 1 2.87986e-09 5.69598e-10
0.849498  419.669 5.85433e-05 0 1 2.88348e-09 5.70371e-10
0.856187  419.67 5.85432e-05 0 1 2.88709e-09 5.71143e-10
0.862876  419.67 5.85432e-05 0 1 2.89071e-09 5.71914e-10
0.869565  419.67 5.85432e-05 0 1 2.89432e-09 5.72686e-10
0.876254  419.67 5.85432e-05 0 1 2.89793e-09 5.73456e-10
0.882943  419.67 5.85431e-05 0 1 2.90153e-09 5.74225e-10
0.889632  419.67 5.85431e-05 0 1 2.90513e-09 5.74994e-10
0.896321  419.671 5.85431e-05 0 1 2.90873e-09 5.75761e-10
0.90301  419.671 5.85431e-05 0 1 2.91231e-09 5.76527e-10
0.909699  419.671 5.8543e-05 0 1 2.91589e-09 5.77292e-10
0.916388  419.671 5.85431e-05 0 0.999999 2.91946e-09 5.78054e-10
0.923077  419.671 5.85431e-05 0 0.999998 2.92301e-09 5.78813e-10
0.929766  419.671 5.85425e-05 0 1.00001 2.92658e-09 5.79577e-10
0.936455  419.672 5.85407e-05 0 1.00004 2.93045e-09 5.804e-10
0.943144  419.672 5.85618e-05 0 0.999678 2.93349e-09 5.81059e-10
0.949833  419.672 5.84496e-05 0 1.0016 2.94198e-09 5.82795e-10
0.956522  419.672 5.85537e-05 0 0.999815 2.94036e-09 5.82528e-10
0.963211  419.672 5.86116e-05 0 0.998828 2.94025e-09 5.82562e-10
0.9699  419.672 5.85371e-05 0 1.0001 2.9471e-09 5.83975e-10
0.976589  419.673 5.85442e-05 0 0.999976 2.95108e-09 5.8482e-10
0.983278  419.673 5.8541e-05 0 1.00003 2.95469e-09 5.85591e-10
0.989967  419.673 5.85441e-05 0 0.999977 2.95795e-09 5.86292e-10
0.996656  419.673 5.85433e-05 0 0.999991 2.96141e-09 5.87033e-10
1.00334  419.673 5.85426e-05 0 1 2.96485e-09 5.8777e-10
1.01003  419.673 5.85427e-05 0 1 2.96823e-09 5.88495e-10
1.01672  419.674 5.85427e-05 0 1 2.9716e-09 5.89218e-10
1.02341  419.674 5.85426e-05 0 1 2.97496e-09 5.89937e-10
1.0301  419.674 5.85426e-05 0 1 2.97829e-09 5.90652e-10
1.03679  419.674 5.85426e-05 0 1 2.9816e-09 5.91363e-10
1.04348  419.674 5.85426e-05 0 1 2.98489e-09 5.9207e-10
1.05017  419.674 5.85425e-05 0 1 2.98816e-09 5.92773e-10
1.05686  419.675 5.85425e-05 0 1 2.99141e-09 5.9347e-10
1.06355  419.675 5.85425e-05 0 1 2.99463e-09 5.94163e-10
1.07023  419.675 5.85425e-05 0 1 2.99784e-09 5.94852e-10
1.07692  419.675 5.85425e-05 0 1 3.00101e-09 5.95535e-10
1.08361  419.675 5.85424e-05 0 1 3.00416e-09 5.96214e-10
1.0903  419.675 5.85424e-05 0 1 3.00729e-09 5.96887e-10
1.09699  419.676 5.85424e-05 0 1 3.01039e-09 5.97554e-10
1.10368  419.676 5.85424e-05 0 1 3.01346e-09 5.98216e-10
1.11037  419.676 5.85423e-05 0 1 3.01651e-09 5.98873e-10
1.11706  419.676 5.85423e-05 0 1 3.01953e-09 5.99523e-10
1.12375  419.676 5.85423e-05 0 1 3.02251e-09 6.00168e-10
1.13043  419.676 5.85423e-05 0 1 3.02547e-09 6.00807e-10
1.13712  419.677 5.85423e-05 0 1 3.0284e-09 6.01439e-10
1.14381  419.677 5.85422e-05 0 1 3.0313e-09 6.02065e-10
1.1505  419.677 5.85422e-05 0 1 3.03416e-09 6.02684e-10
1.15719  419.677 5.85422e-05 0 1 3.037e-09 6.03297e-10
1.16388  419.677 5.85422e-05 0 1 3.0398e-09 6.03903e-10
1.17057  419.677 5.85421e-05 0 1 3.04256e-09 6.04502e-10
1.17726  419.678 5.85421e-05 0 1 3.04529e-09 6.05094e-10
1.18395  419.678 5.85421e-05 0 1 3.04799e-09 6.05678e-10
1.19064  419.678 5.85421e-05 0 1 3.05065e-09 6.06256e-10
1.19732  419.678 5.85421e-05 0 1 3.05327e-09 6.06825e-10
1.20401  419.678 5.8542e-05 0 1 3.05586e-09 6.07387e-10
1.2107  419.678 5.8542e-05 0 1 3.05841e-09 6.07942e-10
1.21739  419.678 5.8542e-05 0 1 3.06092e-09 6.08488e-10
1.22408  419.679 5.8542e-05 0 1 3.06339e-09 6.09026e-10
1.23077  419.679 5.8542e-05 0 1 3.06582e-09 6.09556e-10
1.23746  419.679 5.85419e-05 0 1 3.06821e-09 6.10078e-10
1.24415  419.679 5.85419e-05 0 1 3.07056e-09 6.10591e-10
1.25084  419.679 5.85419e-05 0 1 3.07286e-09 6.11095e-10
1.25753  419.679 5.85419e-05 0 1 3.07513e-09 6.11591e-10
1.26421  419.679 5.85419e-05 0 1 3.07735e-09 6.12077e-10
1.2709  419.68 5.85418e-05 0 1 3.07953e-09 6.12555e-10
1.27759  419.68 5.85418e-05 0 1 3.08166e-09 6.13024e-10
1.28428  419.68 5.85418e-05 0 1 3.08375e-09 6.13483e-10
1.29097  419.68 5.85418e-05 0 1 3.08579e-09 6.13932e-10
1.29766  419.68 5.85418e-05 0 1 3.08778e-09 6.14372e-10
1.30435  419.68 5.85417e-05 0 1 3.08973e-09 6.14803e-10
1.31104  419.68 5.85417e-05 0 1 3.09163e-09 6.15223e-10
1.31773  419.681 5.85417e-05 0 1 3.09348e-09 6.15634e-10
1.32441  419.681 5.85417e-05 0 1 3.09529e-09 6.16034e-10
1.3311  419.681 5.85417e-05 0 1 3.09704e-09 6.16424e-10
1.33779  419.681 5.85416e-05 0 1 3.09874e-09 6.16803e-10
1.34448  419.681 5.85416e-05 0 1 3.10039e-09 6.17172e-10
1.35117  419.681 5.85416e-05 0 1 3.10199e-09 6.17531e-10
1.35786  419.681 5.85416e-05 0 1 3.10354e-09 6.17878e-10
1.36455  419.681 5.85416e-05 0 1 3.10503e-09 6.18215e-10
1.37124  419.682 5.85416e-05 0 1 3.10648e-09 6.18541e-10
1.37793  419.682 5.85415e-05 0 1 3.10787e-09 6.18856e-10
1.38462  419.682 5.85415e-05 0 1 3.10922e-09 6.19161e-10
1.3913  419.682 5.85415e-05 0 1 3.11052e-09 6.19457e-10
1.39799  419.682 5.85415e-05 0 1 3.11178e-09 6.19743e-10
1.40468  419.682 5.85415e-05 0 1 3.113e-09 6.2002e-10
1.41137  419.682 5.85414e-05 0 1 3.11417e-09 6.20288e-10
1.41806  419.682 5.85414e-05 0 1 3.1153e-09 6.20547e-10
1.42475  419.683 5.85415e-05 0 0.999999 3.11639e-09 6.20797e-10
1.43144  419.683 5.85414e-05 0 1 3.11745e-09 6.2104e-10
1.43813  419.683 5.85414e-05 0 1 3.11846e-09 6.21274e-10
1.44482  419.683 5.85414e-05 0 1 3.11944e-09 6.21501e-10
1.45151  419.683 5.85414e-05 0 1 3.12039e-09 6.2172e-10
1.45819  419.683 5.85413e-05 0 1 3.1213e-09 6.21932e-10
1.46488  419.683 5.85413e-05 0 1 3.12218e-09 6.22137e-10
1.47157  419.683 5.85413e-05 0 1 3.12302e-09 6.22334e-10
1.47826  419.683 5.85413e-05 0 1 3.12384e-09 6.22526e-10
1.48495  419.684 5.85413e-05 0 1 3.12462e-09 6.2271e-10
1.49164  419.684 5.85413e-05 0 1 3.12538e-09 6.22889e-10
1.49833  419.684 5.85413e-05 0 1 3.12611e-09 6.23061e-10
1.50502  419.684 5.85413e-05 0 0.999999 3.12681e-09 6.23228e-10
1.51171  419.684 5.85413e-05 0 0.999999 3.12749e-09 6.23388e-10
1.51839  419.684 5.85411e-05 0 1 3.12814e-09 6.23545e-10
1.52508  419.684 5.85413e-05 0 0.999998 3.12876e-09 6.23693e-10
1.53177  419.684 5.85409e-05 0 1 3.12937e-09 6.2384e-10
1.53846  419.684 5.85416e-05 0 0.999993 3.12994e-09 6.23976e-10
1.54515  419.684 5.85405e-05 0 1.00001 3.13051e-09 6.24114e-10
1.55184  419.684 5.8542e-05 0 0.999986 3.13103e-09 6.24242e-10
1.55853  419.685 5.85402e-05 0 1.00002 3.13154e-09 6.24366e-10
1.56522  419.685 5.85421e-05 0 0.999983 3.13208e-09 6.24495e-10
1.57191  419.685 5.85402e-05 0 1.00002 3.13247e-09 6.24595e-10
1.5786  419.685 5.8542e-05 0 0.999986 3.13305e-09 6.24733e-10
1.58528  419.685 5.85403e-05 0 1.00001 3.13332e-09 6.24808e-10
1.59197  419.685 5.85418e-05 0 0.999987 3.13393e-09 6.24951e-10
1.59866  419.685 5.85402e-05 0 1.00001 3.13414e-09 6.25011e-10
1.60535  419.685 5.8542e-05 0 0.999983 3.13471e-09 6.25145e-10
1.61204  419.685 5.85401e-05 0 1.00002 3.13493e-09 6.25207e-10
1.61873  419.685 5.85419e-05 0 0.999986 3.1354e-09 6.25322e-10
1.62542  419.685 5.85404e-05 0 1.00001 3.13566e-09 6.2539e-10
1.63211  419.685 5.85414e-05 0 0.999993 3.13604e-09 6.25486e-10
1.6388  419.686 5.85408e-05 0 1 3.13632e-09 6.25558e-10
1.64548  419.686 5.85411e-05 0 0.999998 3.13664e-09 6.2564e-10
1.65217  419.686 5.85409e-05 0 1 3.13692e-09 6.25712e-10
1.65886  419.686 5.8541e-05 0 1 3.1372e-09 6.25784e-10
1.66555  419.686 5.8541e-05 0 1 3.13746e-09 6.25852e-10
1.67224  419.686 5.8541e-05 0 1 3.13771e-09 6.25918e-10
1.67893  419.686 5.85409e-05 0 1 3.13795e-09 6.25982e-10
1.68562  419.686 5.85409e-05 0 1 3.13818e-09 6.26042e-10
1.69231  419.686 5.85409e-05 0 1 3.1384e-09 6.26101e-10
1.699  419.686 5.85409e-05 0 1 3.13861e-09 6.26157e-10
1.70569  419.686 5.85409e-05 0 1 3.13881e-09 6.26211e-10
1.71237  419.686 5.85409e-05 0 1 3.13901e-09 6.26263e-10
1.71906  419.686 5.85409e-05 0 1 3.13919e-09 6.26312e-10
1.72575  419.686 5.85409e-05 0 1 3.13936e-09 6.2636e-10
1.73244  419.686 5.85409e-05 0 1 3.13953e-09 6.26405e-10
1.73913  419.686 5.85409e-05 0 1 3.13969e-09 6.26449e-10
1.74582  419.687 5.85409e-05 0 1 3.13984e-09 6.26491e-10
1.75251  419.687 5.85409e-05 0 1 3.13998e-09 6.26531e-10
1.7592  419.687 5.85409e-05 0 1 3.14012e-09 6.26569e-10
1.76589  419.687 5.85409e-05 0 1 3.14025e-09 6.26605e-10
1.77258  419.687 5.85408e-05 0 1 3.14037e-09 6.2664e-10
1.77926  419.687 5.85408e-05 0 1 3.14049e-09 6.26674e-10
1.78595  419.687 5.85408e-05 0 1 3.1406e-09 6.26705e-10
1.79264  419.687 5.85408e-05 0 1 3.14071e-09 6.26736e-10
1.79933  419.687 5.85408e-05 0 1 3.14081e-09 6.26765e-10
1.80602  419.687 5.85408e-05 0 1 3.1409e-09 6.26792e-10
1.81271  419.687 5.85408e-05 0 1 3.14099e-09 6.26819e-10
1.8194  419.687 5.85408e-05 0 1 3.14108e-09 6.26843e-10
1.82609  419.687 5.85408e-05 0 1 3.14116e-09 6.26867e-10
1.83278  419.687 5.85408e-05 0 1 3.14123e-09 6.2689e-10
1.83946  419.687 5.85408e-05 0 1 3.14131e-09 6.26911e-10
1.84615  419.687 5.85408e-05 0 1 3.14137e-09 6.26931e-10
1.85284  419.687 5.85408e-05 0 1 3.14144e-09 6.2695e-10
1.85953  419.687 5.85408e-05 0 1 3.1415e-09 6.26968e-10
1.86622  419.687 5.85408e-05 0 1 3.14155e-09 6.26985e-10
1.87291  419.687 5.85407e-05 0 1 3.14161e-09 6.27001e-10
1.8796  419.687 5.85407e-05 0 1 3.14165e-09 6.27016e-10
1.88629  419.687 5.85408e-05 0 1 3.1417e-09 6.27029e-10
1.89298  419.687 5.85408e-05 0 0.999999 3.14173e-09 6.27041e-10
1.89967  419.687 5.85408e-05 0 1 3.14178e-09 6.27054e-10
1.90635  419.687 5.85408e-05 0 1 3.14181e-09 6.27065e-10
1.91304  419.687 5.85408e-05 0 1 3.14185e-09 6.27075e-10
1.91973  419.687 5.85408e-05 0 1 3.14188e-09 6.27084e-10
1.92642  419.687 5.85408e-05 0 1 3.1419e-09 6.27093e-10
1.93311  419.687 5.85408e-05 0 1 3.14193e-09 6.271e-10
1.9398  419.687 5.85408e-05 0 1 3.14195e-09 6.27107e-10
1.94649  419.687 5.85407e-05 0 1 3.14197e-09 6.27113e-10
1.95318  419.687 5.85407e-05 0 1 3.14198e-09 6.27119e-10
1.95987  419.687 5.85407e-05 0 1 3.142e-09 6.27123e-10
1.96656  419.687 5.85407e-05 0 1 3.14201e-09 6.27127e-10
1.97324  419.687 5.85407e-05 0 1 3.14202e-09 6.2713e-10
1.97993  419.687 5.85407e-05 0 1 3.14203e-09 6.27132e-10
1.98662  419.687 5.85407e-05 0 1 3.14203e-09 6.27133e-10
1.99331  419.687 5.85407e-05 0 1 3.14203e-09 6.27134e-10
2  419.687 5.85407e-05 0 1 3.14203e-09 6.27134e-10
