TITLE="Graphics"
VARIABLES= "x", "T", "rho", "u",, "Y_H2", "Y_O2", "Y_N2"
0  400 6.1422e-05 0 1 0 0
0.00668896  419.652 5.85457e-05 0 1 2.97925e-09 5.88124e-10
0.0133779  419.652 5.85457e-05 0 1 2.97928e-09 5.88131e-10
0.0200669  419.652 5.85457e-05 0 1 2.97933e-09 5.88142e-10
0.0267559  419.652 5.85457e-05 0 1 2.97941e-09 5.88159e-10
0.0334448  419.652 5.85457e-05 0 1 2.97951e-09 5.88181e-10
0.0401338  419.652 5.85457e-05 0 1 2.97964e-09 5.88208e-10
0.0468227  419.652 5.85457e-05 0 1 2.97978e-09 5.8824e-10
0.0535117  419.652 5.85457e-05 0 1 2.97995e-09 5.88276e-10
0.0602007  419.652 5.85457e-05 0 1 2.98014e-09 5.88318e-10
0.0668896  419.652 5.85457e-05 0 1 2.98035e-09 5.88364e-10
0.0735786  419.652 5.85457e-05 0 1 2.98059e-09 5.88415e-10
0.0802676  419.652 5.85457e-05 0 1 2.98085e-09 5.88472e-10
0.0869565  419.652 5.85457e-05 0 1 2.98113e-09 5.88533e-10
0.0936455  419.652 5.85457e-05 0 1 2.98143e-09 5.88598e-10
0.100334  419.652 5.85457e-05 0 1 2.98176e-09 5.88669e-10
0.107023  419.652 5.85457e-05 0 1 2.9821e-09 5.88745e-10
0.113712  419.652 5.85457e-05 0 1 2.98247e-09 5.88825e-10
0.120401  419.652 5.85457e-05 0 1 2.98286e-09 5.8891e-10
0.12709  419.652 5.85457e-05 0 1 2.98328e-09 5.89e-10
0.133779  419.652 5.85457e-05 0 1 2.98371e-09 5.89094e-10
0.140468  419.652 5.85456e-05 0 1 2.98417e-09 5.89193e-10
0.147157  419.652 5.85456e-05 0 1 2.98464e-09 5.89297e-10
0.153846  419.652 5.85456e-05 0 1 2.98514e-09 5.89406e-10
0.160535  419.652 5.85456e-05 0 1 2.98566e-09 5.89519e-10
0.167224  419.652 5.85456e-05 0 1 2.9862e-09 5.89637e-10
0.173913  419.653 5.85456e-05 0 1 2.98677e-09 5.89759e-10
0.180602  419.653 5.85456e-05 0 1 2.98735e-09 5.89886e-10
0.187291  419.653 5.85456e-05 0 1 2.98795e-09 5.90018e-10
0.19398  419.653 5.85456e-05 0 1 2.98858e-09 5.90154e-10
0.200669  419.653 5.85456e-05 0 1 2.98923e-09 5.90294e-10
0.207358  419.653 5.85456e-05 0 1 2.98989e-09 5.90439e-10
0.214047  419.653 5.85456e-05 0 1 2.99058e-09 5.90589e-10
0.220736  419.653 5.85455e-05 0 1 2.99128e-09 5.90742e-10
0.227425  419.653 5.85455e-05 0 1 2.99201e-09 5.909e-10
0.234114  419.653 5.85455e-05 0 1 2.99275e-09 5.91063e-10
0.240803  419.653 5.85455e-05 0 1 2.99352e-09 5.9123e-10
0.247492  419.653 5.85455e-05 0 1 2.9943e-09 5.91401e-10
0.254181  419.653 5.85455e-05 0 1 2.99511e-09 5.91576e-10
0.26087  419.654 5.85455e-05 0 1 2.99593e-09 5.91755e-10
0.267559  419.654 5.85455e-05 0 1 2.99677e-09 5.91938e-10
0.274247  419.654 5.85454e-05 0 1 2.99763e-09 5.92126e-10
0.280936  419.654 5.85454e-05 0 1 2.99851e-09 5.92318e-10
0.287625  419.654 5.85454e-05 0 1 2.99941e-09 5.92513e-10
0.294314  419.654 5.85454e-05 0 1 3.00033e-09 5.92713e-10
0.301003  419.654 5.85454e-05 0 1 3.00126e-09 5.92916e-10
0.307692  419.654 5.85454e-05 0 1 3.00221e-09 5.93123e-10
0.314381  419.654 5.85454e-05 0 1 3.00318e-09 5.93335e-10
0.32107  419.654 5.85453e-05 0 1 3.00416e-09 5.9355e-10
0.327759  419.655 5.85453e-05 0 1 3.00517e-09 5.93768e-10
0.334448  419.655 5.85453e-05 0 1 3.00619e-09 5.93991e-10
0.341137  419.655 5.85453e-05 0 1 3.00722e-09 5.94217e-10
0.347826  419.655 5.85453e-05 0 1 3.00827e-09 5.94446e-10
0.354515  419.655 5.85453e-05 0 1 3.00934e-09 5.94679e-10
0.361204  419.655 5.85453e-05 0 1 3.01042e-09 5.94916e-10
0.367893  419.655 5.85452e-05 0 1 3.01152e-09 5.95156e-10
0.374582  419.655 5.85452e-05 0 1 3.01264e-09 5.95399e-10
0.381271  419.655 5.85452e-05 0 1 3.01377e-09 5.95646e-10
0.38796  419.656 5.85452e-05 0 1 3.01491e-09 5.95896e-10
0.394649  419.656 5.85452e-05 0 1 3.01607e-09 5.96149e-10
0.401338  419.656 5.85451e-05 0 1 3.01724e-09 5.96405e-10
0.408027  419.656 5.85451e-05 0 1 3.01843e-09 5.96664e-10
0.414716  419.656 5.85451e-05 0 1 3.01963e-09 5.96927e-10
0.421405  419.656 5.85451e-05 0 1 3.02084e-09 5.97192e-10
0.428094  419.656 5.85451e-05 0 1 3.02207e-09 5.9746e-10
0.434783  419.657 5.85451e-05 0 1 3.02331e-09 5.97731e-10
0.441472  419.657 5.8545e-05 0 1 3.02456e-09 5.98005e-10
0.448161  419.657 5.8545e-05 0 1 3.02582e-09 5.98281e-10
0.454849  419.657 5.8545e-05 0 1 3.0271e-09 5.98561e-10
0.461538  419.657 5.8545e-05 0 1 3.02838e-09 5.98842e-10
0.468227  419.657 5.8545e-05 0 1 3.02968e-09 5.99127e-10
0.474916  419.657 5.85449e-05 0 1 3.03099e-09 5.99413e-10
0.481605  419.658 5.85449e-05 0 1 3.03231e-09 5.99702e-10
0.488294  419.658 5.85449e-05 0 1 3.03364e-09 5.99994e-10
0.494983  419.658 5.85449e-05 0 1 3.03498e-09 6.00287e-10
0.501672  419.658 5.85448e-05 0 1 3.03633e-09 6.00583e-10
0.508361  419.658 5.85448e-05 0 1 3.03769e-09 6.00881e-10
0.51505  419.658 5.85448e-05 0 1 3.03905e-09 6.01181e-10
0.521739  419.658 5.85448e-05 0 1 3.04043e-09 6.01483e-10
0.528428  419.659 5.85448e-05 0 1 3.04181e-09 6.01786e-10
0.535117  419.659 5.85447e-05 0 1 3.0432e-09 6.02092e-10
0.541806  419.659 5.85447e-05 0 1 3.0446e-09 6.02399e-10
0.548495  419.659 5.85447e-05 0 1 3.04601e-09 6.02708e-10
0.555184  419.659 5.85447e-05 0 1 3.04742e-09 6.03019e-10
0.561873  419.659 5.85446e-05 0 1 3.04884e-09 6.03331e-10
0.568562  419.66 5.85446e-05 0 1 3.05026e-09 6.03644e-10
0.575251  419.66 5.85446e-05 0 1 3.05169e-09 6.03959e-10
0.58194  419.66 5.85446e-05 0 1 3.05313e-09 6.04275e-10
0.588629  419.66 5.85446e-05 0 1 3.05457e-09 6.04592e-10
0.595318  419.66 5.85445e-05 0 1 3.05601e-09 6.0491e-10
0.602007  419.66 5.85445e-05 0 1 3.05746e-09 6.05229e-10
0.608696  419.661 5.85445e-05 0 1 3.05892e-09 6.0555e-10
0.615385  419.661 5.85445e-05 0 1 3.06037e-09 6.05871e-10
0.622074  419.661 5.85444e-05 0 1 3.06183e-09 6.06193e-10
0.628763  419.661 5.85444e-05 0 1 3.06329e-09 6.06515e-10
0.635452  419.661 5.85444e-05 0 1 3.06475e-09 6.06838e-10
0.64214  419.662 5.85444e-05 0 1 3.06622e-09 6.07162e-10
0.648829  419.662 5.85443e-05 0 1 3.06768e-09 6.07486e-10
0.655518  419.662 5.85443e-05 0 1 3.06915e-09 6.0781e-10
0.662207  419.662 5.85443e-05 0 1 3.07062e-09 6.08135e-10
0.668896  419.662 5.85443e-05 0 1 3.07209e-09 6.0846e-10
0.675585  419.662 5.85442e-05 0 1 3.07355e-09 6.08785e-10
0.682274  419.663 5.85442e-05 0 1 3.07502e-09 6.0911e-10
0.688963  419.663 5.85442e-05 0 1 3.07648e-09 6.09435e-10
0.695652  419.663 5.85441e-05 0 1 3.07795e-09 6.09759e-10
0.702341  419.663 5.85441e-05 0 1 3.07941e-09 6.10084e-10
0.70903  419.663 5.85441e-05 0 1 3.08087e-09 6.10408e-10
0.715719  419.664 5.85441e-05 0 1 3.08232e-09 6.10731e-10
0.722408  419.664 5.8544e-05 0 1 3.08377e-09 6.11054e-10
0.729097  419.664 5.8544e-05 0 1 3.08522e-09 6.11377e-10
0.735786  419.664 5.8544e-05 0 1 3.08667e-09 6.11698e-10
0.742475  419.664 5.8544e-05 0 1 3.08811e-09 6.12019e-10
0.749164  419.665 5.85439e-05 0 1 3.08954e-09 6.12339e-10
0.755853  419.665 5.85439e-05 0 1 3.09097e-09 6.12658e-10
0.762542  419.665 5.85439e-05 0 1 3.09239e-09 6.12975e-10
0.769231  419.665 5.85439e-05 0 1 3.0938e-09 6.13292e-10
0.77592  419.665 5.85438e-05 0 1 3.09521e-09 6.13607e-10
0.782609  419.665 5.85438e-05 0 1 3.09661e-09 6.13921e-10
0.789298  419.666 5.85438e-05 0 1 3.09801e-09 6.14233e-10
0.795987  419.666 5.85437e-05 0 1 3.09939e-09 6.14544e-10
0.802676  419.666 5.85437e-05 0 1 3.10077e-09 6.14853e-10
0.809365  419.666 5.85437e-05 0 1 3.10213e-09 6.1516e-10
0.816054  419.666 5.85437e-05 0 1 3.10349e-09 6.15465e-10
0.822742  419.667 5.85436e-05 0 1 3.10483e-09 6.15768e-10
0.829431  419.667 5.85436e-05 0 1 3.10617e-09 6.1607e-10
0.83612  419.667 5.85436e-05 0 1 3.10749e-09 6.16369e-10
0.842809  419.667 5.85436e-05 0 1 3.10881e-09 6.16665e-10
0.849498  419.667 5.85435e-05 0 1 3.11011e-09 6.1696e-10
0.856187  419.668 5.85435e-05 0 1 3.11139e-09 6.17251e-10
0.862876  419.668 5.85435e-05 0 1 3.11267e-09 6.17541e-10
0.869565  419.668 5.85434e-05 0 1 3.11393e-09 6.17827e-10
0.876254  419.668 5.85434e-05 0 1 3.11517e-09 6.18111e-10
0.882943  419.668 5.85434e-05 0 1 3.11641e-09 6.18392e-10
0.889632  419.669 5.85434e-05 0 1 3.11762e-09 6.1867e-10
0.896321  419.669 5.85433e-05 0 1 3.11882e-09 6.18945e-10
0.90301  419.669 5.85433e-05 0 1 3.12001e-09 6.19216e-10
0.909699  419.669 5.85433e-05 0 1 3.12118e-09 6.19485e-10
0.916388  419.669 5.85433e-05 0 0.999999 3.12233e-09 6.19749e-10
0.923077  419.67 5.85433e-05 0 0.999998 3.12345e-09 6.20008e-10
0.929766  419.67 5.85427e-05 0 1.00001 3.12459e-09 6.2027e-10
0.936455  419.67 5.85409e-05 0 1.00004 3.12605e-09 6.20597e-10
0.943144  419.67 5.85621e-05 0 0.999677 3.12648e-09 6.2072e-10
0.949833  419.67 5.84499e-05 0 1.00159 3.13286e-09 6.22022e-10
0.956522  419.671 5.85539e-05 0 0.999816 3.12859e-09 6.21208e-10
0.963211  419.671 5.86117e-05 0 0.998829 3.12577e-09 6.20683e-10
0.9699  419.671 5.85372e-05 0 1.0001 3.13026e-09 6.21613e-10
0.976589  419.671 5.85444e-05 0 0.999976 3.13182e-09 6.21957e-10
0.983278  419.671 5.85412e-05 0 1.00003 3.13291e-09 6.2221e-10
0.989967  419.672 5.85443e-05 0 0.999977 3.13365e-09 6.22393e-10
0.996656  419.672 5.85434e-05 0 0.999991 3.1346e-09 6.22617e-10
1.00334  419.672 5.85428e-05 0 1 3.13553e-09 6.22836e-10
1.01003  419.672 5.85429e-05 0 1 3.13638e-09 6.23041e-10
1.01672  419.672 5.85428e-05 0 1 3.13722e-09 6.23242e-10
1.02341  419.673 5.85428e-05 0 1 3.13803e-09 6.23438e-10
1.0301  419.673 5.85428e-05 0 1 3.13881e-09 6.23629e-10
1.03679  419.673 5.85428e-05 0 1 3.13957e-09 6.23815e-10
1.04348  419.673 5.85427e-05 0 1 3.14031e-09 6.23995e-10
1.05017  419.673 5.85427e-05 0 1 3.14101e-09 6.2417e-10
1.05686  419.674 5.85427e-05 0 1 3.14169e-09 6.24339e-10
1.06355  419.674 5.85427e-05 0 1 3.14234e-09 6.24503e-10
1.07023  419.674 5.85426e-05 0 1 3.14296e-09 6.24661e-10
1.07692  419.674 5.85426e-05 0 1 3.14355e-09 6.24812e-10
1.08361  419.674 5.85426e-05 0 1 3.14412e-09 6.24958e-10
1.0903  419.674 5.85425e-05 0 1 3.14465e-09 6.25098e-10
1.09699  419.675 5.85425e-05 0 1 3.14515e-09 6.25231e-10
1.10368  419.675 5.85425e-05 0 1 3.14562e-09 6.25358e-10
1.11037  419.675 5.85425e-05 0 1 3.14606e-09 6.25478e-10
1.11706  419.675 5.85424e-05 0 1 3.14647e-09 6.25592e-10
1.12375  419.675 5.85424e-05 0 1 3.14685e-09 6.257e-10
1.13043  419.676 5.85424e-05 0 1 3.14719e-09 6.258e-10
1.13712  419.676 5.85424e-05 0 1 3.1475e-09 6.25894e-10
1.14381  419.676 5.85423e-05 0 1 3.14777e-09 6.25981e-10
1.1505  419.676 5.85423e-05 0 1 3.14801e-09 6.26061e-10
1.15719  419.676 5.85423e-05 0 1 3.14821e-09 6.26133e-10
1.16388  419.677 5.85423e-05 0 1 3.14838e-09 6.26198e-10
1.17057  419.677 5.85422e-05 0 1 3.14852e-09 6.26256e-10
1.17726  419.677 5.85422e-05 0 1 3.14861e-09 6.26306e-10
1.18395  419.677 5.85422e-05 0 1 3.14867e-09 6.26349e-10
1.19064  419.677 5.85422e-05 0 1 3.14869e-09 6.26384e-10
1.19732  419.677 5.85421e-05 0 1 3.14868e-09 6.26412e-10
1.20401  419.678 5.85421e-05 0 1 3.14862e-09 6.26431e-10
1.2107  419.678 5.85421e-05 0 1 3.14853e-09 6.26442e-10
1.21739  419.678 5.85421e-05 0 1 3.1484e-09 6.26445e-10
1.22408  419.678 5.8542e-05 0 1 3.14822e-09 6.2644e-10
1.23077  419.678 5.8542e-05 0 1 3.14801e-09 6.26427e-10
1.23746  419.678 5.8542e-05 0 1 3.14775e-09 6.26405e-10
1.24415  419.679 5.8542e-05 0 1 3.14746e-09 6.26375e-10
1.25084  419.679 5.8542e-05 0 1 3.14712e-09 6.26336e-10
1.25753  419.679 5.85419e-05 0 1 3.14674e-09 6.26289e-10
1.26421  419.679 5.85419e-05 0 1 3.14631e-09 6.26232e-10
1.2709  419.679 5.85419e-05 0 1 3.14585e-09 6.26167e-10
1.27759  419.679 5.85419e-05 0 1 3.14534e-09 6.26093e-10
1.28428  419.68 5.85418e-05 0 1 3.14478e-09 6.2601e-10
1.29097  419.68 5.85418e-05 0 1 3.14418e-09 6.25917e-10
1.29766  419.68 5.85418e-05 0 1 3.14354e-09 6.25815e-10
1.30435  419.68 5.85418e-05 0 1 3.14284e-09 6.25704e-10
1.31104  419.68 5.85418e-05 0 1 3.14211e-09 6.25583e-10
1.31773  419.68 5.85417e-05 0 1 3.14132e-09 6.25452e-10
1.32441  419.681 5.85417e-05 0 1 3.14049e-09 6.25312e-10
1.3311  419.681 5.85417e-05 0 1 3.13961e-09 6.25162e-10
1.33779  419.681 5.85417e-05 0 1 3.13869e-09 6.25002e-10
1.34448  419.681 5.85416e-05 0 1 3.13771e-09 6.24833e-10
1.35117  419.681 5.85416e-05 0 1 3.13669e-09 6.24653e-10
1.35786  419.681 5.85416e-05 0 1 3.13561e-09 6.24463e-10
1.36455  419.681 5.85416e-05 0 1 3.13449e-09 6.24262e-10
1.37124  419.682 5.85416e-05 0 1 3.13332e-09 6.24052e-10
1.37793  419.682 5.85415e-05 0 1 3.13211e-09 6.23832e-10
1.38462  419.682 5.85415e-05 0 1 3.13086e-09 6.23604e-10
1.3913  419.682 5.85415e-05 0 1 3.12956e-09 6.23367e-10
1.39799  419.682 5.85415e-05 0 1 3.12823e-09 6.23123e-10
1.40468  419.682 5.85415e-05 0 1 3.12687e-09 6.2287e-10
1.41137  419.682 5.85414e-05 0 1 3.12548e-09 6.22612e-10
1.41806  419.683 5.85414e-05 0 1 3.12405e-09 6.22345e-10
1.42475  419.683 5.85415e-05 0 0.999999 3.12259e-09 6.22073e-10
1.43144  419.683 5.85414e-05 0 1 3.12111e-09 6.21795e-10
1.43813  419.683 5.85414e-05 0 1 3.11961e-09 6.21512e-10
1.44482  419.683 5.85414e-05 0 1 3.11808e-09 6.21224e-10
1.45151  419.683 5.85413e-05 0 1 3.11653e-09 6.20931e-10
1.45819  419.683 5.85413e-05 0 1 3.11497e-09 6.20634e-10
1.46488  419.683 5.85413e-05 0 1 3.11338e-09 6.20333e-10
1.47157  419.684 5.85413e-05 0 1 3.11179e-09 6.20029e-10
1.47826  419.684 5.85413e-05 0 1 3.11017e-09 6.19722e-10
1.48495  419.684 5.85413e-05 0 1 3.10855e-09 6.19411e-10
1.49164  419.684 5.85412e-05 0 1 3.10691e-09 6.19098e-10
1.49833  419.684 5.85412e-05 0 1 3.10527e-09 6.18783e-10
1.50502  419.684 5.85412e-05 0 0.999999 3.10362e-09 6.18467e-10
1.51171  419.684 5.85413e-05 0 0.999999 3.10196e-09 6.18148e-10
1.51839  419.684 5.8541e-05 0 1 3.10031e-09 6.1783e-10
1.52508  419.684 5.85413e-05 0 0.999998 3.09864e-09 6.17508e-10
1.53177  419.685 5.85409e-05 0 1 3.09699e-09 6.17189e-10
1.53846  419.685 5.85415e-05 0 0.999993 3.0953e-09 6.16864e-10
1.54515  419.685 5.85405e-05 0 1.00001 3.09366e-09 6.16546e-10
1.55184  419.685 5.85419e-05 0 0.999987 3.09199e-09 6.16223e-10
1.55853  419.685 5.85402e-05 0 1.00002 3.09032e-09 6.159e-10
1.56522  419.685 5.8542e-05 0 0.999984 3.08871e-09 6.15588e-10
1.57191  419.685 5.85402e-05 0 1.00001 3.08699e-09 6.15253e-10
1.5786  419.685 5.85418e-05 0 0.999987 3.08546e-09 6.14958e-10
1.58528  419.685 5.85403e-05 0 1.00001 3.08368e-09 6.14611e-10
1.59197  419.685 5.85417e-05 0 0.999988 3.08224e-09 6.14331e-10
1.59866  419.686 5.85402e-05 0 1.00001 3.08044e-09 6.13981e-10
1.60535  419.686 5.85419e-05 0 0.999985 3.07901e-09 6.13704e-10
1.61204  419.686 5.85401e-05 0 1.00002 3.07729e-09 6.13366e-10
1.61873  419.686 5.85417e-05 0 0.999987 3.07583e-09 6.13082e-10
1.62542  419.686 5.85404e-05 0 1.00001 3.07419e-09 6.12761e-10
1.63211  419.686 5.85413e-05 0 0.999993 3.0727e-09 6.12471e-10
1.6388  419.686 5.85407e-05 0 1 3.07114e-09 6.12166e-10
1.64548  419.686 5.8541e-05 0 0.999998 3.06965e-09 6.11875e-10
1.65217  419.686 5.85408e-05 0 1 3.06815e-09 6.11581e-10
1.65886  419.686 5.85409e-05 0 1 3.06668e-09 6.11294e-10
1.66555  419.686 5.85409e-05 0 1 3.06522e-09 6.11009e-10
1.67224  419.686 5.85409e-05 0 1 3.06379e-09 6.10729e-10
1.67893  419.687 5.85409e-05 0 1 3.06238e-09 6.10452e-10
1.68562  419.687 5.85409e-05 0 1 3.06099e-09 6.10179e-10
1.69231  419.687 5.85408e-05 0 1 3.05962e-09 6.09911e-10
1.699  419.687 5.85408e-05 0 1 3.05827e-09 6.09647e-10
1.70569  419.687 5.85408e-05 0 1 3.05695e-09 6.09388e-10
1.71237  419.687 5.85408e-05 0 1 3.05565e-09 6.09133e-10
1.71906  419.687 5.85408e-05 0 1 3.05438e-09 6.08883e-10
1.72575  419.687 5.85408e-05 0 1 3.05313e-09 6.08638e-10
1.73244  419.687 5.85408e-05 0 1 3.05191e-09 6.08397e-10
1.73913  419.687 5.85408e-05 0 1 3.05071e-09 6.08162e-10
1.74582  419.687 5.85408e-05 0 1 3.04954e-09 6.07932e-10
1.75251  419.687 5.85408e-05 0 1 3.0484e-09 6.07707e-10
1.7592  419.687 5.85408e-05 0 1 3.04728e-09 6.07488e-10
1.76589  419.687 5.85407e-05 0 1 3.0462e-09 6.07274e-10
1.77258  419.687 5.85407e-05 0 1 3.04514e-09 6.07066e-10
1.77926  419.687 5.85407e-05 0 1 3.04411e-09 6.06863e-10
1.78595  419.688 5.85407e-05 0 1 3.04311e-09 6.06666e-10
1.79264  419.688 5.85407e-05 0 1 3.04214e-09 6.06474e-10
1.79933  419.688 5.85407e-05 0 1 3.04119e-09 6.06289e-10
1.80602  419.688 5.85407e-05 0 1 3.04028e-09 6.06109e-10
1.81271  419.688 5.85407e-05 0 1 3.0394e-09 6.05935e-10
1.8194  419.688 5.85407e-05 0 1 3.03855e-09 6.05767e-10
1.82609  419.688 5.85407e-05 0 1 3.03773e-09 6.05606e-10
1.83278  419.688 5.85407e-05 0 1 3.03694e-09 6.0545e-10
1.83946  419.688 5.85407e-05 0 1 3.03618e-09 6.053e-10
1.84615  419.688 5.85407e-05 0 1 3.03545e-09 6.05157e-10
1.85284  419.688 5.85407e-05 0 1 3.03475e-09 6.05019e-10
1.85953  419.688 5.85407e-05 0 1 3.03409e-09 6.04888e-10
1.86622  419.688 5.85407e-05 0 1 3.03346e-09 6.04763e-10
1.87291  419.688 5.85406e-05 0 1 3.03286e-09 6.04645e-10
1.8796  419.688 5.85406e-05 0 1 3.03229e-09 6.04533e-10
1.88629  419.688 5.85407e-05 0 1 3.03175e-09 6.04426e-10
1.89298  419.688 5.85407e-05 0 0.999999 3.03124e-09 6.04326e-10
1.89967  419.688 5.85406e-05 0 1 3.03077e-09 6.04233e-10
1.90635  419.688 5.85406e-05 0 1 3.03033e-09 6.04146e-10
1.91304  419.688 5.85406e-05 0 1 3.02992e-09 6.04065e-10
1.91973  419.688 5.85406e-05 0 1 3.02954e-09 6.03991e-10
1.92642  419.688 5.85406e-05 0 1 3.0292e-09 6.03923e-10
1.93311  419.688 5.85406e-05 0 1 3.02888e-09 6.03861e-10
1.9398  419.688 5.85406e-05 0 1 3.0286e-09 6.03805e-10
1.94649  419.688 5.85406e-05 0 1 3.02835e-09 6.03756e-10
1.95318  419.688 5.85406e-05 0 1 3.02814e-09 6.03713e-10
1.95987  419.688 5.85406e-05 0 1 3.02795e-09 6.03676e-10
1.96656  419.688 5.85406e-05 0 1 3.02779e-09 6.03645e-10
1.97324  419.688 5.85406e-05 0 1 3.02767e-09 6.03621e-10
1.97993  419.688 5.85406e-05 0 1 3.02758e-09 6.03603e-10
1.98662  419.688 5.85406e-05 0 1 3.02752e-09 6.0359e-10
1.99331  419.688 5.85406e-05 0 1 3.02749e-09 6.03584e-10
2  419.688 5.85406e-05 0 1 3.02749e-09 6.03584e-10
