TITLE="Graphics"
VARIABLES= "x", "T", "rho", "u",, "Y_H2", "Y_O2", "Y_N2"
0  400 6.1422e-05 0 1 0 0
0.00668896  419.559 5.85586e-05 0 1 6.51685e-09 1.32118e-09
0.0133779  419.559 5.85586e-05 0 1 6.51656e-09 1.32112e-09
0.0200669  419.559 5.85586e-05 0 1 6.51604e-09 1.32102e-09
0.0267559  419.559 5.85586e-05 0 1 6.5153e-09 1.32086e-09
0.0334448  419.56 5.85586e-05 0 1 6.51433e-09 1.32066e-09
0.0401338  419.56 5.85586e-05 0 1 6.51315e-09 1.32042e-09
0.0468227  419.56 5.85586e-05 0 1 6.51175e-09 1.32013e-09
0.0535117  419.56 5.85586e-05 0 1 6.51013e-09 1.3198e-09
0.0602007  419.56 5.85585e-05 0 1 6.50829e-09 1.31942e-09
0.0668896  419.56 5.85585e-05 0 1 6.50624e-09 1.319e-09
0.0735786  419.56 5.85585e-05 0 1 6.50397e-09 1.31853e-09
0.0802676  419.56 5.85585e-05 0 1 6.50149e-09 1.31802e-09
0.0869565  419.56 5.85585e-05 0 1 6.49878e-09 1.31747e-09
0.0936455  419.56 5.85585e-05 0 1 6.49586e-09 1.31687e-09
0.100334  419.561 5.85584e-05 0 1 6.49273e-09 1.31622e-09
0.107023  419.561 5.85584e-05 0 1 6.48938e-09 1.31553e-09
0.113712  419.561 5.85584e-05 0 1 6.48582e-09 1.3148e-09
0.120401  419.561 5.85584e-05 0 1 6.48203e-09 1.31402e-09
0.12709  419.561 5.85583e-05 0 1 6.47804e-09 1.3132e-09
0.133779  419.561 5.85583e-05 0 1 6.47383e-09 1.31234e-09
0.140468  419.562 5.85583e-05 0 1 6.4694e-09 1.31143e-09
0.147157  419.562 5.85583e-05 0 1 6.46477e-09 1.31047e-09
0.153846  419.562 5.85582e-05 0 1 6.45991e-09 1.30948e-09
0.160535  419.562 5.85582e-05 0 1 6.45485e-09 1.30843e-09
0.167224  419.563 5.85582e-05 0 1 6.44957e-09 1.30735e-09
0.173913  419.563 5.85581e-05 0 1 6.44407e-09 1.30622e-09
0.180602  419.563 5.85581e-05 0 1 6.43837e-09 1.30505e-09
0.187291  419.563 5.85581e-05 0 1 6.43245e-09 1.30383e-09
0.19398  419.564 5.8558e-05 0 1 6.42632e-09 1.30257e-09
0.200669  419.564 5.8558e-05 0 1 6.41998e-09 1.30127e-09
0.207358  419.564 5.85579e-05 0 1 6.41343e-09 1.29992e-09
0.214047  419.565 5.85579e-05 0 1 6.40667e-09 1.29853e-09
0.220736  419.565 5.85578e-05 0 1 6.3997e-09 1.2971e-09
0.227425  419.565 5.85578e-05 0 1 6.39251e-09 1.29562e-09
0.234114  419.566 5.85577e-05 0 1 6.38512e-09 1.2941e-09
0.240803  419.566 5.85577e-05 0 1 6.37752e-09 1.29254e-09
0.247492  419.566 5.85576e-05 0 1 6.36971e-09 1.29093e-09
0.254181  419.567 5.85576e-05 0 1 6.36169e-09 1.28928e-09
0.26087  419.567 5.85575e-05 0 1 6.35347e-09 1.28759e-09
0.267559  419.567 5.85575e-05 0 1 6.34504e-09 1.28586e-09
0.274247  419.568 5.85574e-05 0 1 6.3364e-09 1.28408e-09
0.280936  419.568 5.85574e-05 0 1 6.32755e-09 1.28227e-09
0.287625  419.569 5.85573e-05 0 1 6.3185e-09 1.2804e-09
0.294314  419.569 5.85573e-05 0 1 6.30924e-09 1.2785e-09
0.301003  419.569 5.85572e-05 0 1 6.29978e-09 1.27656e-09
0.307692  419.57 5.85571e-05 0 1 6.29012e-09 1.27457e-09
0.314381  419.57 5.85571e-05 0 1 6.28025e-09 1.27254e-09
0.32107  419.571 5.8557e-05 0 1 6.27018e-09 1.27047e-09
0.327759  419.571 5.8557e-05 0 1 6.25991e-09 1.26836e-09
0.334448  419.572 5.85569e-05 0 1 6.24944e-09 1.26621e-09
0.341137  419.572 5.85568e-05 0 1 6.23876e-09 1.26401e-09
0.347826  419.573 5.85567e-05 0 1 6.22789e-09 1.26178e-09
0.354515  419.573 5.85567e-05 0 1 6.21681e-09 1.2595e-09
0.361204  419.574 5.85566e-05 0 1 6.20554e-09 1.25719e-09
0.367893  419.574 5.85565e-05 0 1 6.19407e-09 1.25483e-09
0.374582  419.575 5.85565e-05 0 1 6.1824e-09 1.25243e-09
0.381271  419.575 5.85564e-05 0 1 6.17053e-09 1.24999e-09
0.38796  419.576 5.85563e-05 0 1 6.15847e-09 1.24751e-09
0.394649  419.576 5.85562e-05 0 1 6.14621e-09 1.24499e-09
0.401338  419.577 5.85562e-05 0 1 6.13376e-09 1.24243e-09
0.408027  419.577 5.85561e-05 0 1 6.12111e-09 1.23984e-09
0.414716  419.578 5.8556e-05 0 1 6.10827e-09 1.2372e-09
0.421405  419.579 5.85559e-05 0 1 6.09524e-09 1.23452e-09
0.428094  419.579 5.85558e-05 0 1 6.08201e-09 1.2318e-09
0.434783  419.58 5.85558e-05 0 1 6.0686e-09 1.22904e-09
0.441472  419.58 5.85557e-05 0 1 6.05499e-09 1.22625e-09
0.448161  419.581 5.85556e-05 0 1 6.0412e-09 1.22341e-09
0.454849  419.582 5.85555e-05 0 1 6.02721e-09 1.22054e-09
0.461538  419.582 5.85554e-05 0 1 6.01304e-09 1.21763e-09
0.468227  419.583 5.85553e-05 0 1 5.99869e-09 1.21468e-09
0.474916  419.583 5.85553e-05 0 1 5.98414e-09 1.21169e-09
0.481605  419.584 5.85552e-05 0 1 5.96941e-09 1.20867e-09
0.488294  419.585 5.85551e-05 0 1 5.9545e-09 1.2056e-09
0.494983  419.585 5.8555e-05 0 1 5.9394e-09 1.2025e-09
0.501672  419.586 5.85549e-05 0 1 5.92413e-09 1.19936e-09
0.508361  419.587 5.85548e-05 0 1 5.90867e-09 1.19618e-09
0.51505  419.587 5.85547e-05 0 1 5.89302e-09 1.19297e-09
0.521739  419.588 5.85546e-05 0 1 5.8772e-09 1.18972e-09
0.528428  419.589 5.85545e-05 0 1 5.8612e-09 1.18643e-09
0.535117  419.589 5.85544e-05 0 1 5.84503e-09 1.18311e-09
0.541806  419.59 5.85543e-05 0 1 5.82867e-09 1.17975e-09
0.548495  419.591 5.85543e-05 0 1 5.81214e-09 1.17636e-09
0.555184  419.591 5.85542e-05 0 1 5.79544e-09 1.17293e-09
0.561873  419.592 5.85541e-05 0 1 5.77856e-09 1.16946e-09
0.568562  419.593 5.8554e-05 0 1 5.76151e-09 1.16596e-09
0.575251  419.593 5.85539e-05 0 1 5.74428e-09 1.16242e-09
0.58194  419.594 5.85538e-05 0 1 5.72689e-09 1.15885e-09
0.588629  419.595 5.85537e-05 0 1 5.70932e-09 1.15524e-09
0.595318  419.596 5.85536e-05 0 1 5.69159e-09 1.1516e-09
0.602007  419.596 5.85535e-05 0 1 5.67369e-09 1.14792e-09
0.608696  419.597 5.85534e-05 0 1 5.65562e-09 1.14421e-09
0.615385  419.598 5.85533e-05 0 1 5.63739e-09 1.14047e-09
0.622074  419.598 5.85532e-05 0 1 5.61899e-09 1.13669e-09
0.628763  419.599 5.85531e-05 0 1 5.60043e-09 1.13288e-09
0.635452  419.6 5.85529e-05 0 1 5.58171e-09 1.12903e-09
0.64214  419.601 5.85528e-05 0 1 5.56282e-09 1.12515e-09
0.648829  419.601 5.85527e-05 0 1 5.54377e-09 1.12124e-09
0.655518  419.602 5.85526e-05 0 1 5.52457e-09 1.1173e-09
0.662207  419.603 5.85525e-05 0 1 5.50521e-09 1.11332e-09
0.668896  419.604 5.85524e-05 0 1 5.48569e-09 1.10932e-09
0.675585  419.604 5.85523e-05 0 1 5.46601e-09 1.10528e-09
0.682274  419.605 5.85522e-05 0 1 5.44618e-09 1.10121e-09
0.688963  419.606 5.85521e-05 0 1 5.4262e-09 1.0971e-09
0.695652  419.607 5.8552e-05 0 1 5.40606e-09 1.09297e-09
0.702341  419.608 5.85519e-05 0 1 5.38578e-09 1.0888e-09
0.70903  419.608 5.85518e-05 0 1 5.36534e-09 1.08461e-09
0.715719  419.609 5.85517e-05 0 1 5.34476e-09 1.08038e-09
0.722408  419.61 5.85516e-05 0 1 5.32402e-09 1.07613e-09
0.729097  419.611 5.85514e-05 0 1 5.30315e-09 1.07184e-09
0.735786  419.611 5.85513e-05 0 1 5.28212e-09 1.06753e-09
0.742475  419.612 5.85512e-05 0 1 5.26096e-09 1.06318e-09
0.749164  419.613 5.85511e-05 0 1 5.23965e-09 1.05881e-09
0.755853  419.614 5.8551e-05 0 1 5.2182e-09 1.05441e-09
0.762542  419.615 5.85509e-05 0 1 5.1966e-09 1.04998e-09
0.769231  419.615 5.85508e-05 0 1 5.17487e-09 1.04552e-09
0.77592  419.616 5.85507e-05 0 1 5.15301e-09 1.04103e-09
0.782609  419.617 5.85506e-05 0 1 5.131e-09 1.03652e-09
0.789298  419.618 5.85505e-05 0 1 5.10887e-09 1.03197e-09
0.795987  419.619 5.85503e-05 0 1 5.08659e-09 1.0274e-09
0.802676  419.619 5.85502e-05 0 1 5.06419e-09 1.02281e-09
0.809365  419.62 5.85501e-05 0 1 5.04165e-09 1.01818e-09
0.816054  419.621 5.855e-05 0 1 5.01899e-09 1.01353e-09
0.822742  419.622 5.85499e-05 0 1 4.99619e-09 1.00886e-09
0.829431  419.623 5.85498e-05 0 1 4.97327e-09 1.00415e-09
0.83612  419.623 5.85497e-05 0 1 4.95023e-09 9.99427e-10
0.842809  419.624 5.85496e-05 0 1 4.92706e-09 9.94674e-10
0.849498  419.625 5.85495e-05 0 1 4.90376e-09 9.89896e-10
0.856187  419.626 5.85493e-05 0 1 4.88035e-09 9.85093e-10
0.862876  419.627 5.85492e-05 0 1 4.85681e-09 9.80266e-10
0.869565  419.627 5.85491e-05 0 1 4.83316e-09 9.75414e-10
0.876254  419.628 5.8549e-05 0 1 4.80938e-09 9.70539e-10
0.882943  419.629 5.85489e-05 0 1 4.78549e-09 9.65639e-10
0.889632  419.63 5.85488e-05 0 1 4.76149e-09 9.60717e-10
0.896321  419.631 5.85487e-05 0 1 4.73737e-09 9.55771e-10
0.90301  419.631 5.85486e-05 0 1 4.71314e-09 9.50803e-10
0.909699  419.632 5.85484e-05 0 1 4.68881e-09 9.45813e-10
0.916388  419.633 5.85484e-05 0 0.999999 4.66435e-09 9.40799e-10
0.923077  419.634 5.85484e-05 0 0.999998 4.63978e-09 9.35761e-10
0.929766  419.635 5.85478e-05 0 1.00001 4.61511e-09 9.30704e-10
0.936455  419.635 5.85458e-05 0 1.00004 4.59108e-09 9.2577e-10
0.943144  419.636 5.85679e-05 0 0.999658 4.56408e-09 9.20245e-10
0.949833  419.637 5.84549e-05 0 1.00159 4.54713e-09 9.16751e-10
0.956522  419.638 5.85582e-05 0 0.99982 4.51584e-09 9.10342e-10
0.963211  419.639 5.86156e-05 0 0.99884 4.48502e-09 9.04054e-10
0.9699  419.639 5.85414e-05 0 1.0001 4.46398e-09 8.99741e-10
0.976589  419.64 5.85484e-05 0 0.999982 4.43976e-09 8.94757e-10
0.983278  419.641 5.85455e-05 0 1.00003 4.41428e-09 8.89537e-10
0.989967  419.642 5.85485e-05 0 0.999977 4.38847e-09 8.8425e-10
0.996656  419.642 5.85475e-05 0 0.999991 4.36288e-09 8.79006e-10
1.00334  419.643 5.85468e-05 0 1 4.33721e-09 8.73744e-10
1.01003  419.644 5.85468e-05 0 1 4.31137e-09 8.6845e-10
1.01672  419.645 5.85467e-05 0 1 4.28546e-09 8.6314e-10
1.02341  419.646 5.85466e-05 0 1 4.25945e-09 8.57813e-10
1.0301  419.646 5.85465e-05 0 1 4.23336e-09 8.52468e-10
1.03679  419.647 5.85464e-05 0 1 4.20719e-09 8.47106e-10
1.04348  419.648 5.85463e-05 0 1 4.18094e-09 8.41728e-10
1.05017  419.649 5.85462e-05 0 1 4.1546e-09 8.36334e-10
1.05686  419.649 5.8546e-05 0 1 4.12819e-09 8.30924e-10
1.06355  419.65 5.85459e-05 0 1 4.1017e-09 8.25498e-10
1.07023  419.651 5.85458e-05 0 1 4.07514e-09 8.20057e-10
1.07692  419.652 5.85457e-05 0 1 4.0485e-09 8.14601e-10
1.08361  419.652 5.85456e-05 0 1 4.02178e-09 8.09131e-10
1.0903  419.653 5.85455e-05 0 1 3.995e-09 8.03646e-10
1.09699  419.654 5.85454e-05 0 1 3.96815e-09 7.98147e-10
1.10368  419.655 5.85453e-05 0 1 3.94122e-09 7.92635e-10
1.11037  419.655 5.85452e-05 0 1 3.91424e-09 7.87109e-10
1.11706  419.656 5.85451e-05 0 1 3.88718e-09 7.8157e-10
1.12375  419.657 5.8545e-05 0 1 3.86006e-09 7.76019e-10
1.13043  419.658 5.85449e-05 0 1 3.83288e-09 7.70455e-10
1.13712  419.658 5.85448e-05 0 1 3.80564e-09 7.64879e-10
1.14381  419.659 5.85447e-05 0 1 3.77834e-09 7.59291e-10
1.1505  419.66 5.85446e-05 0 1 3.75099e-09 7.53692e-10
1.15719  419.66 5.85445e-05 0 1 3.72357e-09 7.48082e-10
1.16388  419.661 5.85444e-05 0 1 3.69611e-09 7.42461e-10
1.17057  419.662 5.85443e-05 0 1 3.66859e-09 7.36829e-10
1.17726  419.663 5.85442e-05 0 1 3.64102e-09 7.31187e-10
1.18395  419.663 5.85441e-05 0 1 3.61339e-09 7.25536e-10
1.19064  419.664 5.8544e-05 0 1 3.58572e-09 7.19875e-10
1.19732  419.665 5.85439e-05 0 1 3.55801e-09 7.14204e-10
1.20401  419.665 5.85438e-05 0 1 3.53024e-09 7.08525e-10
1.2107  419.666 5.85437e-05 0 1 3.50244e-09 7.02837e-10
1.21739  419.667 5.85436e-05 0 1 3.47459e-09 6.97141e-10
1.22408  419.667 5.85436e-05 0 1 3.4467e-09 6.91437e-10
1.23077  419.668 5.85435e-05 0 1 3.41878e-09 6.85725e-10
1.23746  419.669 5.85434e-05 0 1 3.39081e-09 6.80006e-10
1.24415  419.669 5.85433e-05 0 1 3.36281e-09 6.7428e-10
1.25084  419.67 5.85432e-05 0 1 3.33477e-09 6.68547e-10
1.25753  419.671 5.85431e-05 0 1 3.30671e-09 6.62808e-10
1.26421  419.671 5.8543e-05 0 1 3.27861e-09 6.57063e-10
1.2709  419.672 5.85429e-05 0 1 3.25048e-09 6.51312e-10
1.27759  419.672 5.85428e-05 0 1 3.22232e-09 6.45556e-10
1.28428  419.673 5.85427e-05 0 1 3.19413e-09 6.39795e-10
1.29097  419.674 5.85427e-05 0 1 3.16593e-09 6.34029e-10
1.29766  419.674 5.85426e-05 0 1 3.13769e-09 6.28259e-10
1.30435  419.675 5.85425e-05 0 1 3.10944e-09 6.22485e-10
1.31104  419.676 5.85424e-05 0 1 3.08116e-09 6.16706e-10
1.31773  419.676 5.85423e-05 0 1 3.05287e-09 6.10925e-10
1.32441  419.677 5.85422e-05 0 1 3.02456e-09 6.0514e-10
1.3311  419.677 5.85421e-05 0 1 2.99623e-09 5.99352e-10
1.33779  419.678 5.85421e-05 0 1 2.96789e-09 5.93562e-10
1.34448  419.679 5.8542e-05 0 1 2.93953e-09 5.8777e-10
1.35117  419.679 5.85419e-05 0 1 2.91116e-09 5.81976e-10
1.35786  419.68 5.85418e-05 0 1 2.89463e-09 5.7618e-10
1.36455  419.68 5.85417e-05 0 1 2.89027e-09 5.7463e-10
1.37124  419.681 5.85417e-05 0 1 2.88568e-09 5.73643e-10
1.37793  419.681 5.85416e-05 0 1 2.88086e-09 5.7261e-10
1.38462  419.682 5.85415e-05 0 1 2.87583e-09 5.71535e-10
1.3913  419.682 5.85414e-05 0 1 2.8706e-09 5.70418e-10
1.39799  419.683 5.85414e-05 0 1 2.86518e-09 5.69263e-10
1.40468  419.683 5.85413e-05 0 1 2.85958e-09 5.6807e-10
1.41137  419.684 5.85412e-05 0 1 2.8538e-09 5.66843e-10
1.41806  419.685 5.85411e-05 0 1 2.84786e-09 5.65581e-10
1.42475  419.685 5.85411e-05 0 0.999999 2.84176e-09 5.64289e-10
1.43144  419.686 5.8541e-05 0 1 2.83552e-09 5.62967e-10
1.43813  419.686 5.85409e-05 0 1 2.82914e-09 5.61618e-10
1.44482  419.687 5.85409e-05 0 1 2.82263e-09 5.60243e-10
1.45151  419.687 5.85408e-05 0 1 2.816e-09 5.58843e-10
1.45819  419.688 5.85407e-05 0 1 2.80926e-09 5.57422e-10
1.46488  419.688 5.85407e-05 0 1 2.80242e-09 5.55979e-10
1.47157  419.688 5.85406e-05 0 1 2.79548e-09 5.54517e-10
1.47826  419.689 5.85405e-05 0 1 2.78845e-09 5.53038e-10
1.48495  419.689 5.85405e-05 0 1 2.78135e-09 5.51543e-10
1.49164  419.69 5.85404e-05 0 1 2.77417e-09 5.50034e-10
1.49833  419.69 5.85403e-05 0 1 2.76693e-09 5.48512e-10
1.50502  419.691 5.85403e-05 0 1 2.75963e-09 5.46978e-10
1.51171  419.691 5.85402e-05 0 1 2.75228e-09 5.45435e-10
1.51839  419.692 5.85402e-05 0 1 2.74489e-09 5.43883e-10
1.52508  419.692 5.85401e-05 0 1 2.73746e-09 5.42324e-10
1.53177  419.692 5.854e-05 0 1 2.73e-09 5.4076e-10
1.53846  419.693 5.854e-05 0 1 2.72251e-09 5.39191e-10
1.54515  419.693 5.85399e-05 0 1 2.71501e-09 5.37619e-10
1.55184  419.694 5.85399e-05 0 1 2.70751e-09 5.36046e-10
1.55853  419.694 5.85398e-05 0 1 2.69999e-09 5.34473e-10
1.56522  419.694 5.85398e-05 0 1 2.69248e-09 5.329e-10
1.57191  419.695 5.85397e-05 0 1 2.68498e-09 5.3133e-10
1.5786  419.695 5.85397e-05 0 1 2.6775e-09 5.29763e-10
1.58528  419.696 5.85396e-05 0 1 2.67003e-09 5.28201e-10
1.59197  419.696 5.85395e-05 0 1 2.66259e-09 5.26646e-10
1.59866  419.696 5.85396e-05 0 0.999998 2.65518e-09 5.25095e-10
1.60535  419.697 5.85394e-05 0 1 2.64781e-09 5.23554e-10
1.61204  419.697 5.85394e-05 0 1 2.64048e-09 5.22022e-10
1.61873  419.697 5.85394e-05 0 1 2.6332e-09 5.205e-10
1.62542  419.698 5.85393e-05 0 1 2.62597e-09 5.18989e-10
1.63211  419.698 5.85393e-05 0 1 2.61879e-09 5.1749e-10
1.6388  419.698 5.85392e-05 0 1 2.61168e-09 5.16005e-10
1.64548  419.699 5.85392e-05 0 1 2.60464e-09 5.14534e-10
1.65217  419.699 5.85391e-05 0 1 2.59766e-09 5.13077e-10
1.65886  419.699 5.85391e-05 0 1 2.59077e-09 5.11637e-10
1.66555  419.699 5.85391e-05 0 1 2.58395e-09 5.10213e-10
1.67224  419.7 5.8539e-05 0 1 2.57721e-09 5.08807e-10
1.67893  419.7 5.8539e-05 0 1 2.57056e-09 5.07419e-10
1.68562  419.7 5.85389e-05 0 1 2.564e-09 5.06051e-10
1.69231  419.701 5.85389e-05 0 1 2.55754e-09 5.04703e-10
1.699  419.701 5.85389e-05 0 1 2.55118e-09 5.03375e-10
1.70569  419.701 5.85388e-05 0 1 2.54492e-09 5.02069e-10
1.71237  419.701 5.85388e-05 0 1 2.53876e-09 5.00784e-10
1.71906  419.702 5.85388e-05 0 1 2.53271e-09 4.99523e-10
1.72575  419.702 5.85387e-05 0 1 2.52678e-09 4.98285e-10
1.73244  419.702 5.85387e-05 0 1 2.52096e-09 4.97071e-10
1.73913  419.702 5.85387e-05 0 1 2.51525e-09 4.95882e-10
1.74582  419.703 5.85386e-05 0 1 2.50967e-09 4.94718e-10
1.75251  419.703 5.85386e-05 0 1 2.50421e-09 4.93579e-10
1.7592  419.703 5.85386e-05 0 1 2.49888e-09 4.92467e-10
1.76589  419.703 5.85386e-05 0 1 2.49367e-09 4.91382e-10
1.77258  419.703 5.85385e-05 0 1 2.48859e-09 4.90324e-10
1.77926  419.704 5.85385e-05 0 1 2.48365e-09 4.89294e-10
1.78595  419.704 5.85385e-05 0 1 2.47884e-09 4.88291e-10
1.79264  419.704 5.85384e-05 0 1 2.47417e-09 4.87318e-10
1.79933  419.704 5.85384e-05 0 1 2.46963e-09 4.86373e-10
1.80602  419.704 5.85384e-05 0 1 2.46524e-09 4.85457e-10
1.81271  419.704 5.85384e-05 0 1 2.46099e-09 4.84572e-10
1.8194  419.705 5.85384e-05 0 1 2.45688e-09 4.83716e-10
1.82609  419.705 5.85383e-05 0 1 2.45292e-09 4.8289e-10
1.83278  419.705 5.85383e-05 0 1 2.4491e-09 4.82095e-10
1.83946  419.705 5.85383e-05 0 1 2.44543e-09 4.8133e-10
1.84615  419.705 5.85383e-05 0 1 2.44191e-09 4.80597e-10
1.85284  419.705 5.85383e-05 0 1 2.43854e-09 4.79895e-10
1.85953  419.705 5.85382e-05 0 1 2.43532e-09 4.79224e-10
1.86622  419.705 5.85382e-05 0 1 2.43226e-09 4.78585e-10
1.87291  419.706 5.85382e-05 0 1 2.42934e-09 4.77978e-10
1.8796  419.706 5.85382e-05 0 1 2.42658e-09 4.77403e-10
1.88629  419.706 5.85382e-05 0 1 2.42397e-09 4.76859e-10
1.89298  419.706 5.85383e-05 0 0.999999 2.42151e-09 4.76347e-10
1.89967  419.706 5.85382e-05 0 1 2.41921e-09 4.75869e-10
1.90635  419.706 5.85382e-05 0 1 2.41707e-09 4.75422e-10
1.91304  419.706 5.85381e-05 0 1 2.41508e-09 4.75007e-10
1.91973  419.706 5.85381e-05 0 1 2.41324e-09 4.74625e-10
1.92642  419.706 5.85381e-05 0 1 2.41156e-09 4.74275e-10
1.93311  419.706 5.85381e-05 0 1 2.41003e-09 4.73957e-10
1.9398  419.706 5.85381e-05 0 1 2.40866e-09 4.73672e-10
1.94649  419.706 5.85381e-05 0 1 2.40745e-09 4.73418e-10
1.95318  419.706 5.85381e-05 0 1 2.40638e-09 4.73197e-10
1.95987  419.706 5.85381e-05 0 1 2.40547e-09 4.73008e-10
1.96656  419.706 5.85381e-05 0 1 2.40472e-09 4.7285e-10
1.97324  419.706 5.85381e-05 0 1 2.40412e-09 4.72725e-10
1.97993  419.706 5.85381e-05 0 1 2.40366e-09 4.72631e-10
1.98662  419.706 5.85381e-05 0 1 2.40336e-09 4.72568e-10
1.99331  419.706 5.85381e-05 0 1 2.40322e-09 4.72537e-10
2  419.706 5.85381e-05 0 1 2.40322e-09 4.72537e-10
