TITLE="Graphics"
VARIABLES= "x", "T", "rho", "u",, "Y_H2", "Y_O2", "Y_N2"
0  400 6.1422e-05 0 1 0 0
0.00668896  419.623 5.85497e-05 0 1 5.71254e-09 1.15085e-09
0.0133779  419.623 5.85497e-05 0 1 5.71236e-09 1.15081e-09
0.0200669  419.623 5.85497e-05 0 1 5.71204e-09 1.15075e-09
0.0267559  419.623 5.85497e-05 0 1 5.71158e-09 1.15065e-09
0.0334448  419.623 5.85497e-05 0 1 5.71098e-09 1.15053e-09
0.0401338  419.623 5.85497e-05 0 1 5.71025e-09 1.15038e-09
0.0468227  419.623 5.85497e-05 0 1 5.70938e-09 1.1502e-09
0.0535117  419.623 5.85497e-05 0 1 5.70838e-09 1.15e-09
0.0602007  419.623 5.85497e-05 0 1 5.70724e-09 1.14976e-09
0.0668896  419.623 5.85497e-05 0 1 5.70597e-09 1.1495e-09
0.0735786  419.623 5.85497e-05 0 1 5.70456e-09 1.14922e-09
0.0802676  419.623 5.85497e-05 0 1 5.70302e-09 1.1489e-09
0.0869565  419.623 5.85497e-05 0 1 5.70135e-09 1.14856e-09
0.0936455  419.623 5.85497e-05 0 1 5.69954e-09 1.14819e-09
0.100334  419.623 5.85497e-05 0 1 5.6976e-09 1.14779e-09
0.107023  419.624 5.85497e-05 0 1 5.69553e-09 1.14737e-09
0.113712  419.624 5.85496e-05 0 1 5.69332e-09 1.14691e-09
0.120401  419.624 5.85496e-05 0 1 5.69097e-09 1.14643e-09
0.12709  419.624 5.85496e-05 0 1 5.6885e-09 1.14593e-09
0.133779  419.624 5.85496e-05 0 1 5.68589e-09 1.14539e-09
0.140468  419.624 5.85496e-05 0 1 5.68315e-09 1.14483e-09
0.147157  419.624 5.85496e-05 0 1 5.68027e-09 1.14424e-09
0.153846  419.624 5.85496e-05 0 1 5.67726e-09 1.14363e-09
0.160535  419.624 5.85496e-05 0 1 5.67412e-09 1.14298e-09
0.167224  419.624 5.85495e-05 0 1 5.67085e-09 1.14231e-09
0.173913  419.625 5.85495e-05 0 1 5.66744e-09 1.14162e-09
0.180602  419.625 5.85495e-05 0 1 5.6639e-09 1.14089e-09
0.187291  419.625 5.85495e-05 0 1 5.66023e-09 1.14014e-09
0.19398  419.625 5.85495e-05 0 1 5.65643e-09 1.13936e-09
0.200669  419.625 5.85494e-05 0 1 5.6525e-09 1.13856e-09
0.207358  419.625 5.85494e-05 0 1 5.64843e-09 1.13773e-09
0.214047  419.625 5.85494e-05 0 1 5.64424e-09 1.13687e-09
0.220736  419.625 5.85494e-05 0 1 5.63991e-09 1.13598e-09
0.227425  419.626 5.85494e-05 0 1 5.63545e-09 1.13507e-09
0.234114  419.626 5.85493e-05 0 1 5.63086e-09 1.13413e-09
0.240803  419.626 5.85493e-05 0 1 5.62614e-09 1.13316e-09
0.247492  419.626 5.85493e-05 0 1 5.62129e-09 1.13217e-09
0.254181  419.626 5.85493e-05 0 1 5.61631e-09 1.13115e-09
0.26087  419.626 5.85492e-05 0 1 5.6112e-09 1.13011e-09
0.267559  419.627 5.85492e-05 0 1 5.60596e-09 1.12903e-09
0.274247  419.627 5.85492e-05 0 1 5.6006e-09 1.12794e-09
0.280936  419.627 5.85492e-05 0 1 5.5951e-09 1.12681e-09
0.287625  419.627 5.85491e-05 0 1 5.58947e-09 1.12566e-09
0.294314  419.627 5.85491e-05 0 1 5.58372e-09 1.12448e-09
0.301003  419.628 5.85491e-05 0 1 5.57784e-09 1.12328e-09
0.307692  419.628 5.85491e-05 0 1 5.57182e-09 1.12205e-09
0.314381  419.628 5.8549e-05 0 1 5.56569e-09 1.12079e-09
0.32107  419.628 5.8549e-05 0 1 5.55942e-09 1.11951e-09
0.327759  419.628 5.8549e-05 0 1 5.55303e-09 1.1182e-09
0.334448  419.629 5.85489e-05 0 1 5.54651e-09 1.11687e-09
0.341137  419.629 5.85489e-05 0 1 5.53986e-09 1.11551e-09
0.347826  419.629 5.85489e-05 0 1 5.53309e-09 1.11412e-09
0.354515  419.629 5.85488e-05 0 1 5.52619e-09 1.11271e-09
0.361204  419.63 5.85488e-05 0 1 5.51917e-09 1.11127e-09
0.367893  419.63 5.85488e-05 0 1 5.51202e-09 1.10981e-09
0.374582  419.63 5.85487e-05 0 1 5.50475e-09 1.10832e-09
0.381271  419.63 5.85487e-05 0 1 5.49735e-09 1.10681e-09
0.38796  419.631 5.85487e-05 0 1 5.48983e-09 1.10527e-09
0.394649  419.631 5.85486e-05 0 1 5.48218e-09 1.10371e-09
0.401338  419.631 5.85486e-05 0 1 5.47441e-09 1.10212e-09
0.408027  419.631 5.85486e-05 0 1 5.46652e-09 1.1005e-09
0.414716  419.632 5.85485e-05 0 1 5.45851e-09 1.09886e-09
0.421405  419.632 5.85485e-05 0 1 5.45037e-09 1.0972e-09
0.428094  419.632 5.85485e-05 0 1 5.44211e-09 1.09551e-09
0.434783  419.632 5.85484e-05 0 1 5.43373e-09 1.09379e-09
0.441472  419.633 5.85484e-05 0 1 5.42523e-09 1.09205e-09
0.448161  419.633 5.85483e-05 0 1 5.4166e-09 1.09029e-09
0.454849  419.633 5.85483e-05 0 1 5.40786e-09 1.0885e-09
0.461538  419.633 5.85483e-05 0 1 5.399e-09 1.08669e-09
0.468227  419.634 5.85482e-05 0 1 5.39002e-09 1.08485e-09
0.474916  419.634 5.85482e-05 0 1 5.38091e-09 1.08299e-09
0.481605  419.634 5.85481e-05 0 1 5.37169e-09 1.0811e-09
0.488294  419.635 5.85481e-05 0 1 5.36236e-09 1.07919e-09
0.494983  419.635 5.85481e-05 0 1 5.3529e-09 1.07726e-09
0.501672  419.635 5.8548e-05 0 1 5.34333e-09 1.0753e-09
0.508361  419.636 5.8548e-05 0 1 5.33364e-09 1.07332e-09
0.51505  419.636 5.85479e-05 0 1 5.32383e-09 1.07131e-09
0.521739  419.636 5.85479e-05 0 1 5.31391e-09 1.06928e-09
0.528428  419.637 5.85478e-05 0 1 5.30387e-09 1.06723e-09
0.535117  419.637 5.85478e-05 0 1 5.29372e-09 1.06515e-09
0.541806  419.637 5.85478e-05 0 1 5.28345e-09 1.06305e-09
0.548495  419.637 5.85477e-05 0 1 5.27307e-09 1.06093e-09
0.555184  419.638 5.85477e-05 0 1 5.26257e-09 1.05878e-09
0.561873  419.638 5.85476e-05 0 1 5.25196e-09 1.05661e-09
0.568562  419.638 5.85476e-05 0 1 5.24124e-09 1.05442e-09
0.575251  419.639 5.85475e-05 0 1 5.23041e-09 1.0522e-09
0.58194  419.639 5.85475e-05 0 1 5.21946e-09 1.04997e-09
0.588629  419.639 5.85474e-05 0 1 5.20841e-09 1.0477e-09
0.595318  419.64 5.85474e-05 0 1 5.19724e-09 1.04542e-09
0.602007  419.64 5.85473e-05 0 1 5.18596e-09 1.04311e-09
0.608696  419.64 5.85473e-05 0 1 5.17458e-09 1.04079e-09
0.615385  419.641 5.85472e-05 0 1 5.16308e-09 1.03844e-09
0.622074  419.641 5.85472e-05 0 1 5.15148e-09 1.03606e-09
0.628763  419.642 5.85471e-05 0 1 5.13977e-09 1.03367e-09
0.635452  419.642 5.85471e-05 0 1 5.12795e-09 1.03125e-09
0.64214  419.642 5.8547e-05 0 1 5.11602e-09 1.02881e-09
0.648829  419.643 5.8547e-05 0 1 5.10399e-09 1.02635e-09
0.655518  419.643 5.85469e-05 0 1 5.09185e-09 1.02387e-09
0.662207  419.643 5.85469e-05 0 1 5.07961e-09 1.02137e-09
0.668896  419.644 5.85468e-05 0 1 5.06726e-09 1.01884e-09
0.675585  419.644 5.85468e-05 0 1 5.05481e-09 1.0163e-09
0.682274  419.644 5.85467e-05 0 1 5.04225e-09 1.01373e-09
0.688963  419.645 5.85467e-05 0 1 5.02959e-09 1.01114e-09
0.695652  419.645 5.85466e-05 0 1 5.01683e-09 1.00854e-09
0.702341  419.645 5.85466e-05 0 1 5.00397e-09 1.00591e-09
0.70903  419.646 5.85465e-05 0 1 4.99101e-09 1.00326e-09
0.715719  419.646 5.85465e-05 0 1 4.97794e-09 1.00059e-09
0.722408  419.647 5.85464e-05 0 1 4.96478e-09 9.97897e-10
0.729097  419.647 5.85464e-05 0 1 4.95152e-09 9.95186e-10
0.735786  419.647 5.85463e-05 0 1 4.93815e-09 9.92455e-10
0.742475  419.648 5.85463e-05 0 1 4.92469e-09 9.89704e-10
0.749164  419.648 5.85462e-05 0 1 4.91114e-09 9.86933e-10
0.755853  419.648 5.85462e-05 0 1 4.89748e-09 9.84143e-10
0.762542  419.649 5.85461e-05 0 1 4.88373e-09 9.81333e-10
0.769231  419.649 5.85461e-05 0 1 4.86989e-09 9.78503e-10
0.77592  419.65 5.8546e-05 0 1 4.85595e-09 9.75655e-10
0.782609  419.65 5.8546e-05 0 1 4.84191e-09 9.72787e-10
0.789298  419.65 5.85459e-05 0 1 4.82778e-09 9.699e-10
0.795987  419.651 5.85459e-05 0 1 4.81356e-09 9.66994e-10
0.802676  419.651 5.85458e-05 0 1 4.79925e-09 9.64069e-10
0.809365  419.652 5.85458e-05 0 1 4.78484e-09 9.61126e-10
0.816054  419.652 5.85457e-05 0 1 4.77034e-09 9.58164e-10
0.822742  419.652 5.85456e-05 0 1 4.75575e-09 9.55184e-10
0.829431  419.653 5.85456e-05 0 1 4.74108e-09 9.52185e-10
0.83612  419.653 5.85455e-05 0 1 4.72631e-09 9.49169e-10
0.842809  419.653 5.85455e-05 0 1 4.71146e-09 9.46134e-10
0.849498  419.654 5.85454e-05 0 1 4.69651e-09 9.43082e-10
0.856187  419.654 5.85454e-05 0 1 4.68149e-09 9.40012e-10
0.862876  419.655 5.85453e-05 0 1 4.66637e-09 9.36925e-10
0.869565  419.655 5.85453e-05 0 1 4.65117e-09 9.3382e-10
0.876254  419.655 5.85452e-05 0 1 4.63588e-09 9.30698e-10
0.882943  419.656 5.85452e-05 0 1 4.62051e-09 9.27558e-10
0.889632  419.656 5.85451e-05 0 1 4.60506e-09 9.24402e-10
0.896321  419.657 5.85451e-05 0 1 4.58952e-09 9.21229e-10
0.90301  419.657 5.8545e-05 0 1 4.5739e-09 9.18039e-10
0.909699  419.657 5.85449e-05 0 1 4.5582e-09 9.14834e-10
0.916388  419.658 5.85449e-05 0 0.999999 4.54242e-09 9.1161e-10
0.923077  419.658 5.8545e-05 0 0.999998 4.52654e-09 9.08369e-10
0.929766  419.658 5.85443e-05 0 1.00001 4.51061e-09 9.05115e-10
0.936455  419.659 5.85426e-05 0 1.00004 4.49525e-09 9.01974e-10
0.943144  419.659 5.85642e-05 0 0.999666 4.47743e-09 8.98345e-10
0.949833  419.66 5.84517e-05 0 1.00159 4.46906e-09 8.96611e-10
0.956522  419.66 5.85552e-05 0 0.999818 4.44623e-09 8.91963e-10
0.963211  419.66 5.86127e-05 0 0.998836 4.42437e-09 8.87528e-10
0.9699  419.661 5.85383e-05 0 1.00011 4.4124e-09 8.85077e-10
0.976589  419.661 5.85458e-05 0 0.999977 4.39695e-09 8.8191e-10
0.983278  419.662 5.85426e-05 0 1.00003 4.38046e-09 8.78544e-10
0.989967  419.662 5.85456e-05 0 0.999977 4.36359e-09 8.75102e-10
0.996656  419.662 5.85448e-05 0 0.999991 4.34695e-09 8.71706e-10
1.00334  419.663 5.85441e-05 0 1 4.33025e-09 8.68297e-10
1.01003  419.663 5.85442e-05 0 1 4.3134e-09 8.64859e-10
1.01672  419.663 5.85441e-05 0 1 4.2965e-09 8.6141e-10
1.02341  419.664 5.8544e-05 0 1 4.27953e-09 8.57946e-10
1.0301  419.664 5.8544e-05 0 1 4.26249e-09 8.54468e-10
1.03679  419.665 5.85439e-05 0 1 4.24538e-09 8.50977e-10
1.04348  419.665 5.85439e-05 0 1 4.2282e-09 8.47472e-10
1.05017  419.665 5.85438e-05 0 1 4.21096e-09 8.43954e-10
1.05686  419.666 5.85438e-05 0 1 4.19365e-09 8.40423e-10
1.06355  419.666 5.85437e-05 0 1 4.17628e-09 8.36878e-10
1.07023  419.666 5.85437e-05 0 1 4.15884e-09 8.33321e-10
1.07692  419.667 5.85436e-05 0 1 4.14134e-09 8.29752e-10
1.08361  419.667 5.85436e-05 0 1 4.12378e-09 8.26169e-10
1.0903  419.668 5.85435e-05 0 1 4.10616e-09 8.22575e-10
1.09699  419.668 5.85435e-05 0 1 4.08848e-09 8.18968e-10
1.10368  419.668 5.85434e-05 0 1 4.07074e-09 8.15349e-10
1.11037  419.669 5.85434e-05 0 1 4.05293e-09 8.11719e-10
1.11706  419.669 5.85433e-05 0 1 4.03508e-09 8.08076e-10
1.12375  419.669 5.85433e-05 0 1 4.01716e-09 8.04422e-10
1.13043  419.67 5.85432e-05 0 1 3.99919e-09 8.00757e-10
1.13712  419.67 5.85432e-05 0 1 3.98116e-09 7.97081e-10
1.14381  419.67 5.85431e-05 0 1 3.96307e-09 7.93393e-10
1.1505  419.671 5.85431e-05 0 1 3.94493e-09 7.89695e-10
1.15719  419.671 5.8543e-05 0 1 3.92674e-09 7.85986e-10
1.16388  419.671 5.8543e-05 0 1 3.9085e-09 7.82266e-10
1.17057  419.672 5.85429e-05 0 1 3.8902e-09 7.78536e-10
1.17726  419.672 5.85429e-05 0 1 3.87185e-09 7.74796e-10
1.18395  419.672 5.85428e-05 0 1 3.85346e-09 7.71045e-10
1.19064  419.673 5.85428e-05 0 1 3.83501e-09 7.67285e-10
1.19732  419.673 5.85427e-05 0 1 3.81651e-09 7.63515e-10
1.20401  419.673 5.85427e-05 0 1 3.79797e-09 7.59736e-10
1.2107  419.674 5.85426e-05 0 1 3.77938e-09 7.55947e-10
1.21739  419.674 5.85426e-05 0 1 3.76074e-09 7.52149e-10
1.22408  419.674 5.85425e-05 0 1 3.74206e-09 7.48341e-10
1.23077  419.675 5.85425e-05 0 1 3.72333e-09 7.44525e-10
1.23746  419.675 5.85425e-05 0 1 3.70456e-09 7.40701e-10
1.24415  419.675 5.85424e-05 0 1 3.68575e-09 7.36867e-10
1.25084  419.676 5.85424e-05 0 1 3.66689e-09 7.33025e-10
1.25753  419.676 5.85423e-05 0 1 3.64799e-09 7.29176e-10
1.26421  419.676 5.85423e-05 0 1 3.62906e-09 7.25317e-10
1.2709  419.677 5.85422e-05 0 1 3.61008e-09 7.21452e-10
1.27759  419.677 5.85422e-05 0 1 3.59106e-09 7.17578e-10
1.28428  419.677 5.85421e-05 0 1 3.57201e-09 7.13697e-10
1.29097  419.678 5.85421e-05 0 1 3.55292e-09 7.09808e-10
1.29766  419.678 5.85421e-05 0 1 3.53379e-09 7.05912e-10
1.30435  419.678 5.8542e-05 0 1 3.51462e-09 7.0201e-10
1.31104  419.679 5.8542e-05 0 1 3.49542e-09 6.981e-10
1.31773  419.679 5.85419e-05 0 1 3.47619e-09 6.94184e-10
1.32441  419.679 5.85419e-05 0 1 3.45692e-09 6.90261e-10
1.3311  419.679 5.85419e-05 0 1 3.43763e-09 6.86331e-10
1.33779  419.68 5.85418e-05 0 1 3.4183e-09 6.82396e-10
1.34448  419.68 5.85418e-05 0 1 3.39893e-09 6.78454e-10
1.35117  419.68 5.85417e-05 0 1 3.37954e-09 6.74507e-10
1.35786  419.681 5.85417e-05 0 1 3.36012e-09 6.70554e-10
1.36455  419.681 5.85417e-05 0 1 3.34068e-09 6.66595e-10
1.37124  419.681 5.85416e-05 0 1 3.32122e-09 6.62633e-10
1.37793  419.681 5.85416e-05 0 1 3.30175e-09 6.58668e-10
1.38462  419.682 5.85415e-05 0 1 3.28229e-09 6.54703e-10
1.3913  419.682 5.85415e-05 0 1 3.26284e-09 6.5074e-10
1.39799  419.682 5.85415e-05 0 1 3.2434e-09 6.4678e-10
1.40468  419.683 5.85414e-05 0 1 3.22399e-09 6.42824e-10
1.41137  419.683 5.85413e-05 0 1 3.20463e-09 6.38876e-10
1.41806  419.683 5.85414e-05 0 1 3.1853e-09 6.34935e-10
1.42475  419.683 5.85414e-05 0 0.999999 3.16602e-09 6.31004e-10
1.43144  419.684 5.85413e-05 0 1 3.1468e-09 6.27085e-10
1.43813  419.684 5.85412e-05 0 1 3.12765e-09 6.23179e-10
1.44482  419.684 5.85412e-05 0 1 3.10857e-09 6.19287e-10
1.45151  419.684 5.85412e-05 0 1 3.08957e-09 6.1541e-10
1.45819  419.685 5.85411e-05 0 1 3.07066e-09 6.11552e-10
1.46488  419.685 5.85411e-05 0 1 3.05184e-09 6.07712e-10
1.47157  419.685 5.85411e-05 0 1 3.03312e-09 6.03892e-10
1.47826  419.685 5.8541e-05 0 1 3.01451e-09 6.00093e-10
1.48495  419.686 5.8541e-05 0 1 2.99602e-09 5.96317e-10
1.49164  419.686 5.8541e-05 0 1 2.97764e-09 5.92566e-10
1.49833  419.686 5.8541e-05 0 1 2.95939e-09 5.8884e-10
1.50502  419.686 5.85409e-05 0 1 2.94128e-09 5.8514e-10
1.51171  419.686 5.85409e-05 0 0.999999 2.9233e-09 5.81468e-10
1.51839  419.687 5.85408e-05 0 1 2.90547e-09 5.77827e-10
1.52508  419.687 5.85409e-05 0 0.999999 2.88778e-09 5.74213e-10
1.53177  419.687 5.85407e-05 0 1 2.87026e-09 5.70633e-10
1.53846  419.687 5.8541e-05 0 0.999997 2.85288e-09 5.67083e-10
1.54515  419.687 5.85405e-05 0 1 2.83569e-09 5.6357e-10
1.55184  419.688 5.85411e-05 0 0.999994 2.81865e-09 5.60088e-10
1.55853  419.688 5.85403e-05 0 1.00001 2.80179e-09 5.56643e-10
1.56522  419.688 5.85411e-05 0 0.999993 2.78514e-09 5.53238e-10
1.57191  419.688 5.85402e-05 0 1.00001 2.76861e-09 5.4986e-10
1.5786  419.688 5.8541e-05 0 0.999994 2.75237e-09 5.46539e-10
1.58528  419.689 5.85402e-05 0 1.00001 2.73619e-09 5.43233e-10
1.59197  419.689 5.85408e-05 0 0.999996 2.72037e-09 5.39997e-10
1.59866  419.689 5.85402e-05 0 1 2.70458e-09 5.36768e-10
1.60535  419.689 5.85409e-05 0 0.999993 2.68916e-09 5.33615e-10
1.61204  419.689 5.85401e-05 0 1.00001 2.67381e-09 5.30476e-10
1.61873  419.69 5.85408e-05 0 0.999994 2.65879e-09 5.27404e-10
1.62542  419.69 5.85402e-05 0 1 2.6439e-09 5.24359e-10
1.63211  419.69 5.85406e-05 0 0.999997 2.62929e-09 5.21371e-10
1.6388  419.69 5.85403e-05 0 1 2.61487e-09 5.18421e-10
1.64548  419.69 5.85404e-05 0 0.999999 2.6007e-09 5.15523e-10
1.65217  419.69 5.85403e-05 0 1 2.58676e-09 5.1267e-10
1.65886  419.69 5.85403e-05 0 1 2.57305e-09 5.09865e-10
1.66555  419.691 5.85403e-05 0 1 2.55958e-09 5.07109e-10
1.67224  419.691 5.85403e-05 0 1 2.54635e-09 5.04402e-10
1.67893  419.691 5.85403e-05 0 1 2.53336e-09 5.01745e-10
1.68562  419.691 5.85402e-05 0 1 2.52063e-09 4.99138e-10
1.69231  419.691 5.85402e-05 0 1 2.50814e-09 4.96582e-10
1.699  419.691 5.85402e-05 0 1 2.4959e-09 4.94078e-10
1.70569  419.691 5.85402e-05 0 1 2.48392e-09 4.91625e-10
1.71237  419.692 5.85402e-05 0 1 2.47219e-09 4.89225e-10
1.71906  419.692 5.85401e-05 0 1 2.46072e-09 4.86877e-10
1.72575  419.692 5.85401e-05 0 1 2.44951e-09 4.84583e-10
1.73244  419.692 5.85401e-05 0 1 2.43857e-09 4.82342e-10
1.73913  419.692 5.85401e-05 0 1 2.42789e-09 4.80155e-10
1.74582  419.692 5.85401e-05 0 1 2.41747e-09 4.78023e-10
1.75251  419.692 5.85401e-05 0 1 2.40732e-09 4.75945e-10
1.7592  419.692 5.85401e-05 0 1 2.39744e-09 4.73923e-10
1.76589  419.692 5.854e-05 0 1 2.38783e-09 4.71955e-10
1.77258  419.693 5.854e-05 0 1 2.3785e-09 4.70043e-10
1.77926  419.693 5.854e-05 0 1 2.36943e-09 4.68187e-10
1.78595  419.693 5.854e-05 0 1 2.36064e-09 4.66387e-10
1.79264  419.693 5.854e-05 0 1 2.35213e-09 4.64644e-10
1.79933  419.693 5.854e-05 0 1 2.34389e-09 4.62956e-10
1.80602  419.693 5.854e-05 0 1 2.33593e-09 4.61326e-10
1.81271  419.693 5.854e-05 0 1 2.32824e-09 4.59752e-10
1.8194  419.693 5.85399e-05 0 1 2.32084e-09 4.58235e-10
1.82609  419.693 5.85399e-05 0 1 2.31371e-09 4.56775e-10
1.83278  419.693 5.85399e-05 0 1 2.30686e-09 4.55372e-10
1.83946  419.693 5.85399e-05 0 1 2.30029e-09 4.54026e-10
1.84615  419.693 5.85399e-05 0 1 2.294e-09 4.52738e-10
1.85284  419.694 5.85399e-05 0 1 2.28798e-09 4.51506e-10
1.85953  419.694 5.85399e-05 0 1 2.28225e-09 4.50332e-10
1.86622  419.694 5.85399e-05 0 1 2.2768e-09 4.49216e-10
1.87291  419.694 5.85398e-05 0 1 2.27163e-09 4.48156e-10
1.8796  419.694 5.85398e-05 0 1 2.26674e-09 4.47154e-10
1.88629  419.694 5.85399e-05 0 1 2.26212e-09 4.46208e-10
1.89298  419.694 5.85399e-05 0 0.999999 2.25778e-09 4.4532e-10
1.89967  419.694 5.85398e-05 0 1 2.25373e-09 4.44489e-10
1.90635  419.694 5.85398e-05 0 1 2.24995e-09 4.43715e-10
1.91304  419.694 5.85398e-05 0 1 2.24644e-09 4.42997e-10
1.91973  419.694 5.85398e-05 0 1 2.24322e-09 4.42336e-10
1.92642  419.694 5.85398e-05 0 1 2.24027e-09 4.41731e-10
1.93311  419.694 5.85398e-05 0 1 2.23759e-09 4.41182e-10
1.9398  419.694 5.85398e-05 0 1 2.23518e-09 4.4069e-10
1.94649  419.694 5.85398e-05 0 1 2.23305e-09 4.40253e-10
1.95318  419.694 5.85398e-05 0 1 2.23119e-09 4.39872e-10
1.95987  419.694 5.85398e-05 0 1 2.2296e-09 4.39546e-10
1.96656  419.694 5.85398e-05 0 1 2.22828e-09 4.39276e-10
1.97324  419.694 5.85398e-05 0 1 2.22723e-09 4.3906e-10
1.97993  419.694 5.85398e-05 0 1 2.22644e-09 4.38898e-10
1.98662  419.694 5.85398e-05 0 1 2.22591e-09 4.38791e-10
1.99331  419.694 5.85398e-05 0 1 2.22565e-09 4.38737e-10
2  419.694 5.85398e-05 0 1 2.22565e-09 4.38737e-10
