TITLE="Graphics"
VARIABLES= "x", "T", "rho", "u",, "Y_H2", "Y_O2", "Y_N2"
0  400 6.1422e-05 0 1 0 0
0.00668896  419.398 5.85811e-05 0 1 2.98306e-10 6.04766e-11
0.0133779  419.398 5.85811e-05 0 1 2.98293e-10 6.04739e-11
0.0200669  419.398 5.85811e-05 0 1 2.98269e-10 6.0469e-11
0.0267559  419.398 5.85811e-05 0 1 2.98235e-10 6.0462e-11
0.0334448  419.398 5.85811e-05 0 1 2.98191e-10 6.04529e-11
0.0401338  419.398 5.85811e-05 0 1 2.98137e-10 6.04418e-11
0.0468227  419.399 5.85811e-05 0 1 2.98073e-10 6.04286e-11
0.0535117  419.399 5.8581e-05 0 1 2.97999e-10 6.04134e-11
0.0602007  419.399 5.8581e-05 0 1 2.97915e-10 6.03961e-11
0.0668896  419.399 5.8581e-05 0 1 2.97821e-10 6.03768e-11
0.0735786  419.4 5.85809e-05 0 1 2.97717e-10 6.03554e-11
0.0802676  419.4 5.85809e-05 0 1 2.97603e-10 6.0332e-11
0.0869565  419.4 5.85808e-05 0 1 2.97479e-10 6.03066e-11
0.0936455  419.4 5.85808e-05 0 1 2.97346e-10 6.02791e-11
0.100334  419.401 5.85808e-05 0 1 2.97202e-10 6.02496e-11
0.107023  419.401 5.85807e-05 0 1 2.97049e-10 6.02181e-11
0.113712  419.402 5.85806e-05 0 1 2.96886e-10 6.01845e-11
0.120401  419.402 5.85806e-05 0 1 2.96713e-10 6.0149e-11
0.12709  419.402 5.85805e-05 0 1 2.9653e-10 6.01113e-11
0.133779  419.403 5.85805e-05 0 1 2.96337e-10 6.00717e-11
0.140468  419.403 5.85804e-05 0 1 2.96135e-10 6.00301e-11
0.147157  419.404 5.85803e-05 0 1 2.95922e-10 5.99864e-11
0.153846  419.405 5.85802e-05 0 1 2.957e-10 5.99408e-11
0.160535  419.405 5.85802e-05 0 1 2.95468e-10 5.98931e-11
0.167224  419.406 5.85801e-05 0 1 2.95227e-10 5.98434e-11
0.173913  419.406 5.858e-05 0 1 2.94975e-10 5.97917e-11
0.180602  419.407 5.85799e-05 0 1 2.94714e-10 5.9738e-11
0.187291  419.408 5.85798e-05 0 1 2.94443e-10 5.96823e-11
0.19398  419.408 5.85797e-05 0 1 2.94163e-10 5.96247e-11
0.200669  419.409 5.85796e-05 0 1 2.93872e-10 5.9565e-11
0.207358  419.41 5.85795e-05 0 1 2.93572e-10 5.95033e-11
0.214047  419.41 5.85794e-05 0 1 2.93263e-10 5.94397e-11
0.220736  419.411 5.85793e-05 0 1 2.92944e-10 5.93741e-11
0.227425  419.412 5.85792e-05 0 1 2.92615e-10 5.93065e-11
0.234114  419.413 5.85791e-05 0 1 2.92277e-10 5.92369e-11
0.240803  419.414 5.85789e-05 0 1 2.91929e-10 5.91654e-11
0.247492  419.415 5.85788e-05 0 1 2.91571e-10 5.90919e-11
0.254181  419.415 5.85787e-05 0 1 2.91204e-10 5.90165e-11
0.26087  419.416 5.85786e-05 0 1 2.90828e-10 5.89391e-11
0.267559  419.417 5.85784e-05 0 1 2.90442e-10 5.88597e-11
0.274247  419.418 5.85783e-05 0 1 2.90046e-10 5.87784e-11
0.280936  419.419 5.85782e-05 0 1 2.89641e-10 5.86952e-11
0.287625  419.42 5.8578e-05 0 1 2.89227e-10 5.861e-11
0.294314  419.421 5.85779e-05 0 1 2.88803e-10 5.8523e-11
0.301003  419.422 5.85777e-05 0 1 2.8837e-10 5.84339e-11
0.307692  419.423 5.85776e-05 0 1 2.87928e-10 5.8343e-11
0.314381  419.424 5.85774e-05 0 1 2.87476e-10 5.82502e-11
0.32107  419.426 5.85773e-05 0 1 2.87015e-10 5.81554e-11
0.327759  419.427 5.85771e-05 0 1 2.86545e-10 5.80588e-11
0.334448  419.428 5.8577e-05 0 1 2.86066e-10 5.79602e-11
0.341137  419.429 5.85768e-05 0 1 2.85577e-10 5.78598e-11
0.347826  419.43 5.85767e-05 0 1 2.85079e-10 5.77575e-11
0.354515  419.431 5.85765e-05 0 1 2.84572e-10 5.76533e-11
0.361204  419.432 5.85763e-05 0 1 2.84056e-10 5.75472e-11
0.367893  419.434 5.85762e-05 0 1 2.83531e-10 5.74393e-11
0.374582  419.435 5.8576e-05 0 1 2.82997e-10 5.73295e-11
0.381271  419.436 5.85758e-05 0 1 2.82454e-10 5.72179e-11
0.38796  419.438 5.85756e-05 0 1 2.81902e-10 5.71044e-11
0.394649  419.439 5.85754e-05 0 1 2.8134e-10 5.69891e-11
0.401338  419.44 5.85753e-05 0 1 2.8077e-10 5.6872e-11
0.408027  419.441 5.85751e-05 0 1 2.80192e-10 5.6753e-11
0.414716  419.443 5.85749e-05 0 1 2.79604e-10 5.66322e-11
0.421405  419.444 5.85747e-05 0 1 2.79007e-10 5.65096e-11
0.428094  419.446 5.85745e-05 0 1 2.78402e-10 5.63852e-11
0.434783  419.447 5.85743e-05 0 1 2.77788e-10 5.62591e-11
0.441472  419.448 5.85741e-05 0 1 2.77165e-10 5.61311e-11
0.448161  419.45 5.85739e-05 0 1 2.76534e-10 5.60013e-11
0.454849  419.451 5.85737e-05 0 1 2.75894e-10 5.58698e-11
0.461538  419.453 5.85735e-05 0 1 2.75245e-10 5.57365e-11
0.468227  419.454 5.85733e-05 0 1 2.74588e-10 5.56015e-11
0.474916  419.456 5.85731e-05 0 1 2.73922e-10 5.54647e-11
0.481605  419.457 5.85729e-05 0 1 2.73248e-10 5.53262e-11
0.488294  419.459 5.85727e-05 0 1 2.72565e-10 5.5186e-11
0.494983  419.46 5.85725e-05 0 1 2.71874e-10 5.5044e-11
0.501672  419.462 5.85722e-05 0 1 2.71175e-10 5.49003e-11
0.508361  419.463 5.8572e-05 0 1 2.70467e-10 5.47549e-11
0.51505  419.465 5.85718e-05 0 1 2.69751e-10 5.46078e-11
0.521739  419.466 5.85716e-05 0 1 2.69027e-10 5.44591e-11
0.528428  419.468 5.85714e-05 0 1 2.68294e-10 5.43086e-11
0.535117  419.47 5.85711e-05 0 1 2.67554e-10 5.41565e-11
0.541806  419.471 5.85709e-05 0 1 2.66805e-10 5.40027e-11
0.548495  419.473 5.85707e-05 0 1 2.66049e-10 5.38473e-11
0.555184  419.475 5.85705e-05 0 1 2.65284e-10 5.36902e-11
0.561873  419.476 5.85702e-05 0 1 2.64511e-10 5.35315e-11
0.568562  419.478 5.857e-05 0 1 2.63731e-10 5.33712e-11
0.575251  419.479 5.85698e-05 0 1 2.62942e-10 5.32093e-11
0.58194  419.481 5.85695e-05 0 1 2.62146e-10 5.30457e-11
0.588629  419.483 5.85693e-05 0 1 2.61342e-10 5.28806e-11
0.595318  419.485 5.8569e-05 0 1 2.60531e-10 5.27139e-11
0.602007  419.486 5.85688e-05 0 1 2.59711e-10 5.25456e-11
0.608696  419.488 5.85686e-05 0 1 2.58884e-10 5.23758e-11
0.615385  419.49 5.85683e-05 0 1 2.58049e-10 5.22044e-11
0.622074  419.491 5.85681e-05 0 1 2.57207e-10 5.20314e-11
0.628763  419.493 5.85678e-05 0 1 2.56358e-10 5.1857e-11
0.635452  419.495 5.85676e-05 0 1 2.55501e-10 5.1681e-11
0.64214  419.497 5.85674e-05 0 1 2.54636e-10 5.15034e-11
0.648829  419.498 5.85671e-05 0 1 2.53764e-10 5.13244e-11
0.655518  419.5 5.85669e-05 0 1 2.52885e-10 5.11439e-11
0.662207  419.502 5.85666e-05 0 1 2.51999e-10 5.0962e-11
0.668896  419.504 5.85664e-05 0 1 2.51105e-10 5.07785e-11
0.675585  419.506 5.85661e-05 0 1 2.50205e-10 5.05936e-11
0.682274  419.507 5.85659e-05 0 1 2.49297e-10 5.04073e-11
0.688963  419.509 5.85656e-05 0 1 2.48382e-10 5.02195e-11
0.695652  419.511 5.85654e-05 0 1 2.47461e-10 5.00303e-11
0.702341  419.513 5.85651e-05 0 1 2.46532e-10 4.98396e-11
0.70903  419.515 5.85649e-05 0 1 2.45597e-10 4.96476e-11
0.715719  419.516 5.85646e-05 0 1 2.44654e-10 4.94542e-11
0.722408  419.518 5.85643e-05 0 1 2.43705e-10 4.92594e-11
0.729097  419.52 5.85641e-05 0 1 2.4275e-10 4.90632e-11
0.735786  419.522 5.85638e-05 0 1 2.41787e-10 4.88657e-11
0.742475  419.524 5.85636e-05 0 1 2.40818e-10 4.86669e-11
0.749164  419.526 5.85633e-05 0 1 2.39843e-10 4.84667e-11
0.755853  419.528 5.85631e-05 0 1 2.38861e-10 4.82651e-11
0.762542  419.529 5.85628e-05 0 1 2.37873e-10 4.80623e-11
0.769231  419.531 5.85625e-05 0 1 2.36878e-10 4.78582e-11
0.77592  419.533 5.85623e-05 0 1 2.35877e-10 4.76528e-11
0.782609  419.535 5.8562e-05 0 1 2.3487e-10 4.74461e-11
0.789298  419.537 5.85618e-05 0 1 2.33856e-10 4.72382e-11
0.795987  419.539 5.85615e-05 0 1 2.32837e-10 4.7029e-11
0.802676  419.54 5.85612e-05 0 1 2.31811e-10 4.68186e-11
0.809365  419.542 5.8561e-05 0 1 2.3078e-10 4.6607e-11
0.816054  419.544 5.85607e-05 0 1 2.29742e-10 4.63941e-11
0.822742  419.546 5.85605e-05 0 1 2.28699e-10 4.618e-11
0.829431  419.548 5.85602e-05 0 1 2.2765e-10 4.59648e-11
0.83612  419.55 5.85599e-05 0 1 2.26595e-10 4.57484e-11
0.842809  419.552 5.85597e-05 0 1 2.25534e-10 4.55308e-11
0.849498  419.554 5.85594e-05 0 1 2.24468e-10 4.53121e-11
0.856187  419.555 5.85592e-05 0 1 2.23396e-10 4.50923e-11
0.862876  419.557 5.85589e-05 0 1 2.22319e-10 4.48713e-11
0.869565  419.559 5.85586e-05 0 1 2.21236e-10 4.46492e-11
0.876254  419.561 5.85584e-05 0 1 2.20148e-10 4.4426e-11
0.882943  419.563 5.85581e-05 0 1 2.19054e-10 4.42018e-11
0.889632  419.565 5.85579e-05 0 1 2.17955e-10 4.39765e-11
0.896321  419.567 5.85576e-05 0 1 2.16851e-10 4.37501e-11
0.90301  419.568 5.85574e-05 0 1 2.15742e-10 4.35227e-11
0.909699  419.57 5.85571e-05 0 1 2.14628e-10 4.32942e-11
0.916388  419.572 5.85569e-05 0 0.999999 2.13509e-10 4.30647e-11
0.923077  419.574 5.85567e-05 0 0.999997 2.12384e-10 4.28341e-11
0.929766  419.576 5.85564e-05 0 0.999999 2.11255e-10 4.26026e-11
0.936455  419.578 5.8553e-05 0 1.00005 2.10155e-10 4.23768e-11
0.943144  419.579 5.85756e-05 0 0.999663 2.08919e-10 4.21239e-11
0.949833  419.581 5.84619e-05 0 1.0016 2.08143e-10 4.19639e-11
0.956522  419.583 5.85657e-05 0 0.999823 2.06711e-10 4.16706e-11
0.963211  419.585 5.86236e-05 0 0.99883 2.053e-10 4.13828e-11
0.9699  419.587 5.85507e-05 0 1.00007 2.04337e-10 4.11853e-11
0.976589  419.588 5.85544e-05 0 1 2.03228e-10 4.09572e-11
0.983278  419.59 5.85527e-05 0 1.00003 2.02062e-10 4.07182e-11
0.989967  419.592 5.85554e-05 0 0.999976 2.00881e-10 4.04762e-11
0.996656  419.594 5.85543e-05 0 0.999992 1.99709e-10 4.02362e-11
1.00334  419.596 5.85534e-05 0 1 1.98534e-10 3.99953e-11
1.01003  419.597 5.85533e-05 0 1 1.97351e-10 3.9753e-11
1.01672  419.599 5.8553e-05 0 1 1.96165e-10 3.95099e-11
1.02341  419.601 5.85528e-05 0 1 1.94975e-10 3.92661e-11
1.0301  419.603 5.85526e-05 0 1 1.93781e-10 3.90214e-11
1.03679  419.604 5.85523e-05 0 1 1.92583e-10 3.8776e-11
1.04348  419.606 5.85521e-05 0 1 1.91381e-10 3.85298e-11
1.05017  419.608 5.85518e-05 0 1 1.90176e-10 3.82829e-11
1.05686  419.61 5.85516e-05 0 1 1.88966e-10 3.80352e-11
1.06355  419.611 5.85513e-05 0 1 1.87754e-10 3.77869e-11
1.07023  419.613 5.85511e-05 0 1 1.86538e-10 3.75378e-11
1.07692  419.615 5.85509e-05 0 1 1.85318e-10 3.72881e-11
1.08361  419.617 5.85506e-05 0 1 1.84096e-10 3.70377e-11
1.0903  419.618 5.85504e-05 0 1 1.8287e-10 3.67866e-11
1.09699  419.62 5.85502e-05 0 1 1.8164e-10 3.65349e-11
1.10368  419.622 5.85499e-05 0 1 1.80408e-10 3.62826e-11
1.11037  419.623 5.85497e-05 0 1 1.79173e-10 3.60296e-11
1.11706  419.625 5.85495e-05 0 1 1.77934e-10 3.57761e-11
1.12375  419.627 5.85492e-05 0 1 1.76693e-10 3.5522e-11
1.13043  419.628 5.8549e-05 0 1 1.75449e-10 3.52673e-11
1.13712  419.63 5.85488e-05 0 1 1.74202e-10 3.50121e-11
1.14381  419.631 5.85485e-05 0 1 1.72952e-10 3.47563e-11
1.1505  419.633 5.85483e-05 0 1 1.717e-10 3.45e-11
1.15719  419.635 5.85481e-05 0 1 1.70445e-10 3.42432e-11
1.16388  419.636 5.85479e-05 0 1 1.69188e-10 3.39859e-11
1.17057  419.638 5.85477e-05 0 1 1.67928e-10 3.37281e-11
1.17726  419.639 5.85474e-05 0 1 1.66666e-10 3.34698e-11
1.18395  419.641 5.85472e-05 0 1 1.65402e-10 3.32111e-11
1.19064  419.643 5.8547e-05 0 1 1.64135e-10 3.2952e-11
1.19732  419.644 5.85468e-05 0 1 1.62866e-10 3.26924e-11
1.20401  419.646 5.85466e-05 0 1 1.61596e-10 3.24325e-11
1.2107  419.647 5.85464e-05 0 1 1.60323e-10 3.21721e-11
1.21739  419.649 5.85461e-05 0 1 1.59048e-10 3.19114e-11
1.22408  419.65 5.85459e-05 0 1 1.57772e-10 3.16503e-11
1.23077  419.652 5.85457e-05 0 1 1.56493e-10 3.13888e-11
1.23746  419.653 5.85455e-05 0 1 1.55213e-10 3.1127e-11
1.24415  419.655 5.85453e-05 0 1 1.53931e-10 3.08649e-11
1.25084  419.656 5.85451e-05 0 1 1.52648e-10 3.06025e-11
1.25753  419.658 5.85449e-05 0 1 1.51363e-10 3.03398e-11
1.26421  419.659 5.85447e-05 0 1 1.50077e-10 3.00768e-11
1.2709  419.66 5.85445e-05 0 1 1.48789e-10 2.98136e-11
1.27759  419.662 5.85443e-05 0 1 1.475e-10 2.95501e-11
1.28428  419.663 5.85441e-05 0 1 1.4621e-10 2.92864e-11
1.29097  419.665 5.85439e-05 0 1 1.44919e-10 2.90225e-11
1.29766  419.666 5.85437e-05 0 1 1.43627e-10 2.87583e-11
1.30435  419.667 5.85435e-05 0 1 1.42333e-10 2.8494e-11
1.31104  419.669 5.85434e-05 0 1 1.41039e-10 2.82295e-11
1.31773  419.67 5.85432e-05 0 1 1.39744e-10 2.79649e-11
1.32441  419.671 5.8543e-05 0 1 1.38448e-10 2.77001e-11
1.3311  419.673 5.85428e-05 0 1 1.37151e-10 2.74351e-11
1.33779  419.674 5.85426e-05 0 1 1.35854e-10 2.71701e-11
1.34448  419.675 5.85424e-05 0 1 1.34556e-10 2.6905e-11
1.35117  419.677 5.85423e-05 0 1 1.33257e-10 2.66397e-11
1.35786  419.678 5.85421e-05 0 1 1.92612e-10 2.63744e-11
1.36455  419.679 5.85419e-05 0 1 3.14342e-10 4.78614e-11
1.37124  419.68 5.85417e-05 0 1 4.34837e-10 7.22276e-11
1.37793  419.681 5.85416e-05 0 1 5.54089e-10 9.63454e-11
1.38462  419.683 5.85414e-05 0 1 6.72094e-10 1.20214e-10
1.3913  419.684 5.85412e-05 0 1 7.88845e-10 1.43831e-10
1.39799  419.685 5.85411e-05 0 1 9.04338e-10 1.67197e-10
1.40468  419.686 5.85409e-05 0 1 1.01857e-09 1.90309e-10
1.41137  419.687 5.85407e-05 0 1 1.13153e-09 2.13167e-10
1.41806  419.689 5.85406e-05 0 1 1.24321e-09 2.3577e-10
1.42475  419.69 5.85405e-05 0 0.999999 1.35361e-09 2.58116e-10
1.43144  419.691 5.85403e-05 0 1 1.46274e-09 2.80205e-10
1.43813  419.692 5.85401e-05 0 1 1.57057e-09 3.02035e-10
1.44482  419.693 5.854e-05 0 1 1.67711e-09 3.23606e-10
1.45151  419.694 5.85398e-05 0 1 1.78235e-09 3.44916e-10
1.45819  419.695 5.85397e-05 0 1 1.88629e-09 3.65964e-10
1.46488  419.696 5.85395e-05 0 1 1.98892e-09 3.86751e-10
1.47157  419.697 5.85394e-05 0 1 2.09025e-09 4.07274e-10
1.47826  419.698 5.85392e-05 0 1 2.19026e-09 4.27532e-10
1.48495  419.699 5.85391e-05 0 1 2.28895e-09 4.47526e-10
1.49164  419.7 5.85389e-05 0 1 2.38632e-09 4.67255e-10
1.49833  419.701 5.85388e-05 0 1 2.48237e-09 4.86717e-10
1.50502  419.702 5.85387e-05 0 1 2.57709e-09 5.05911e-10
1.51171  419.703 5.85385e-05 0 1 2.67048e-09 5.24838e-10
1.51839  419.704 5.85384e-05 0 1 2.76253e-09 5.43497e-10
1.52508  419.705 5.85383e-05 0 1 2.85325e-09 5.61886e-10
1.53177  419.706 5.85382e-05 0 1 2.94264e-09 5.80006e-10
1.53846  419.707 5.8538e-05 0 1 3.03068e-09 5.97855e-10
1.54515  419.708 5.85379e-05 0 1 3.11738e-09 6.15434e-10
1.55184  419.709 5.85378e-05 0 1 3.20274e-09 6.32743e-10
1.55853  419.71 5.85377e-05 0 1 3.28676e-09 6.4978e-10
1.56522  419.71 5.85375e-05 0 1 3.36944e-09 6.66546e-10
1.57191  419.711 5.85374e-05 0 1 3.45077e-09 6.83041e-10
1.5786  419.712 5.85373e-05 0 1 3.53075e-09 6.99264e-10
1.58528  419.713 5.85372e-05 0 1 3.60939e-09 7.15216e-10
1.59197  419.714 5.8537e-05 0 1 3.68669e-09 7.30897e-10
1.59866  419.714 5.85371e-05 0 0.999998 3.76263e-09 7.46302e-10
1.60535  419.715 5.85369e-05 0 1 3.83724e-09 7.6144e-10
1.61204  419.716 5.85368e-05 0 1 3.91049e-09 7.76303e-10
1.61873  419.717 5.85367e-05 0 1 3.9824e-09 7.90895e-10
1.62542  419.717 5.85366e-05 0 1 4.05297e-09 8.05215e-10
1.63211  419.718 5.85365e-05 0 1 4.12219e-09 8.19263e-10
1.6388  419.719 5.85364e-05 0 1 4.19007e-09 8.33039e-10
1.64548  419.719 5.85363e-05 0 1 4.25661e-09 8.46544e-10
1.65217  419.72 5.85362e-05 0 1 4.3218e-09 8.59777e-10
1.65886  419.721 5.85361e-05 0 1 4.38565e-09 8.72738e-10
1.66555  419.721 5.8536e-05 0 1 4.44817e-09 8.85429e-10
1.67224  419.722 5.85359e-05 0 1 4.50934e-09 8.97848e-10
1.67893  419.723 5.85358e-05 0 1 4.56918e-09 9.09997e-10
1.68562  419.723 5.85358e-05 0 1 4.62769e-09 9.21876e-10
1.69231  419.724 5.85357e-05 0 1 4.68486e-09 9.33485e-10
1.699  419.724 5.85356e-05 0 1 4.7407e-09 9.44823e-10
1.70569  419.725 5.85355e-05 0 1 4.79521e-09 9.55893e-10
1.71237  419.725 5.85354e-05 0 1 4.8484e-09 9.66694e-10
1.71906  419.726 5.85354e-05 0 1 4.90026e-09 9.77226e-10
1.72575  419.727 5.85353e-05 0 1 4.95079e-09 9.8749e-10
1.73244  419.727 5.85352e-05 0 1 5.00001e-09 9.97487e-10
1.73913  419.728 5.85352e-05 0 1 5.04792e-09 1.00722e-09
1.74582  419.728 5.85351e-05 0 1 5.0945e-09 1.01668e-09
1.75251  419.728 5.8535e-05 0 1 5.13978e-09 1.02588e-09
1.7592  419.729 5.8535e-05 0 1 5.18375e-09 1.03481e-09
1.76589  419.729 5.85349e-05 0 1 5.22641e-09 1.04348e-09
1.77258  419.73 5.85348e-05 0 1 5.26778e-09 1.05188e-09
1.77926  419.73 5.85348e-05 0 1 5.30784e-09 1.06002e-09
1.78595  419.731 5.85347e-05 0 1 5.34661e-09 1.0679e-09
1.79264  419.731 5.85347e-05 0 1 5.38409e-09 1.07551e-09
1.79933  419.731 5.85346e-05 0 1 5.42029e-09 1.08287e-09
1.80602  419.732 5.85346e-05 0 1 5.4552e-09 1.08996e-09
1.81271  419.732 5.85345e-05 0 1 5.48883e-09 1.09679e-09
1.8194  419.732 5.85345e-05 0 1 5.52119e-09 1.10337e-09
1.82609  419.733 5.85344e-05 0 1 5.55228e-09 1.10969e-09
1.83278  419.733 5.85344e-05 0 1 5.58211e-09 1.11575e-09
1.83946  419.733 5.85344e-05 0 1 5.61067e-09 1.12155e-09
1.84615  419.734 5.85343e-05 0 1 5.63798e-09 1.1271e-09
1.85284  419.734 5.85343e-05 0 1 5.66403e-09 1.1324e-09
1.85953  419.734 5.85342e-05 0 1 5.68884e-09 1.13744e-09
1.86622  419.734 5.85342e-05 0 1 5.71241e-09 1.14223e-09
1.87291  419.735 5.85341e-05 0 1 5.73475e-09 1.14677e-09
1.8796  419.735 5.85341e-05 0 1 5.75585e-09 1.15106e-09
1.88629  419.735 5.85341e-05 0 1 5.77573e-09 1.1551e-09
1.89298  419.735 5.85342e-05 0 0.999999 5.79438e-09 1.15889e-09
1.89967  419.735 5.85341e-05 0 1 5.81183e-09 1.16244e-09
1.90635  419.735 5.8534e-05 0 1 5.82807e-09 1.16574e-09
1.91304  419.736 5.8534e-05 0 1 5.8431e-09 1.16879e-09
1.91973  419.736 5.8534e-05 0 1 5.85694e-09 1.17161e-09
1.92642  419.736 5.8534e-05 0 1 5.86959e-09 1.17418e-09
1.93311  419.736 5.8534e-05 0 1 5.88106e-09 1.17651e-09
1.9398  419.736 5.8534e-05 0 1 5.89135e-09 1.1786e-09
1.94649  419.736 5.85339e-05 0 1 5.90046e-09 1.18045e-09
1.95318  419.736 5.85339e-05 0 1 5.90842e-09 1.18207e-09
1.95987  419.736 5.85339e-05 0 1 5.91521e-09 1.18345e-09
1.96656  419.736 5.85339e-05 0 1 5.92086e-09 1.1846e-09
1.97324  419.736 5.85339e-05 0 1 5.92536e-09 1.18552e-09
1.97993  419.736 5.85339e-05 0 1 5.92873e-09 1.1862e-09
1.98662  419.737 5.85339e-05 0 1 5.93097e-09 1.18665e-09
1.99331  419.737 5.85339e-05 0 1 5.93208e-09 1.18688e-09
2  419.737 5.85339e-05 0 1 5.93208e-09 1.18688e-09
