TITLE="Graphics"
VARIABLES= "x", "T", "rho", "u",, "Y_H2", "Y_O2", "Y_N2"
0  400 6.1422e-05 0 1 0 0
0.00668896  419.425 5.85773e-05 0 1 1.35067e-09 2.73827e-10
0.0133779  419.425 5.85773e-05 0 1 1.35062e-09 2.73814e-10
0.0200669  419.425 5.85773e-05 0 1 1.35051e-09 2.73792e-10
0.0267559  419.426 5.85773e-05 0 1 1.35035e-09 2.7376e-10
0.0334448  419.426 5.85773e-05 0 1 1.35015e-09 2.73719e-10
0.0401338  419.426 5.85773e-05 0 1 1.34991e-09 2.73669e-10
0.0468227  419.426 5.85772e-05 0 1 1.34962e-09 2.73609e-10
0.0535117  419.426 5.85772e-05 0 1 1.34928e-09 2.7354e-10
0.0602007  419.426 5.85772e-05 0 1 1.3489e-09 2.73462e-10
0.0668896  419.426 5.85772e-05 0 1 1.34848e-09 2.73375e-10
0.0735786  419.427 5.85771e-05 0 1 1.34801e-09 2.73278e-10
0.0802676  419.427 5.85771e-05 0 1 1.34749e-09 2.73172e-10
0.0869565  419.427 5.85771e-05 0 1 1.34693e-09 2.73057e-10
0.0936455  419.428 5.8577e-05 0 1 1.34633e-09 2.72932e-10
0.100334  419.428 5.8577e-05 0 1 1.34568e-09 2.72799e-10
0.107023  419.428 5.85769e-05 0 1 1.34498e-09 2.72656e-10
0.113712  419.429 5.85769e-05 0 1 1.34424e-09 2.72504e-10
0.120401  419.429 5.85768e-05 0 1 1.34346e-09 2.72343e-10
0.12709  419.429 5.85768e-05 0 1 1.34263e-09 2.72173e-10
0.133779  419.43 5.85767e-05 0 1 1.34176e-09 2.71993e-10
0.140468  419.43 5.85766e-05 0 1 1.34084e-09 2.71805e-10
0.147157  419.431 5.85766e-05 0 1 1.33988e-09 2.71607e-10
0.153846  419.431 5.85765e-05 0 1 1.33887e-09 2.714e-10
0.160535  419.432 5.85764e-05 0 1 1.33782e-09 2.71185e-10
0.167224  419.432 5.85764e-05 0 1 1.33673e-09 2.7096e-10
0.173913  419.433 5.85763e-05 0 1 1.33559e-09 2.70726e-10
0.180602  419.433 5.85762e-05 0 1 1.33441e-09 2.70483e-10
0.187291  419.434 5.85761e-05 0 1 1.33318e-09 2.7023e-10
0.19398  419.435 5.8576e-05 0 1 1.33191e-09 2.69969e-10
0.200669  419.435 5.85759e-05 0 1 1.3306e-09 2.69699e-10
0.207358  419.436 5.85758e-05 0 1 1.32924e-09 2.6942e-10
0.214047  419.437 5.85758e-05 0 1 1.32784e-09 2.69132e-10
0.220736  419.437 5.85757e-05 0 1 1.32639e-09 2.68835e-10
0.227425  419.438 5.85756e-05 0 1 1.32491e-09 2.68529e-10
0.234114  419.439 5.85755e-05 0 1 1.32337e-09 2.68214e-10
0.240803  419.439 5.85753e-05 0 1 1.3218e-09 2.6789e-10
0.247492  419.44 5.85752e-05 0 1 1.32018e-09 2.67557e-10
0.254181  419.441 5.85751e-05 0 1 1.31852e-09 2.67215e-10
0.26087  419.442 5.8575e-05 0 1 1.31681e-09 2.66865e-10
0.267559  419.443 5.85749e-05 0 1 1.31507e-09 2.66506e-10
0.274247  419.444 5.85748e-05 0 1 1.31327e-09 2.66138e-10
0.280936  419.444 5.85747e-05 0 1 1.31144e-09 2.65761e-10
0.287625  419.445 5.85745e-05 0 1 1.30957e-09 2.65375e-10
0.294314  419.446 5.85744e-05 0 1 1.30765e-09 2.64981e-10
0.301003  419.447 5.85743e-05 0 1 1.30569e-09 2.64578e-10
0.307692  419.448 5.85741e-05 0 1 1.30368e-09 2.64166e-10
0.314381  419.449 5.8574e-05 0 1 1.30164e-09 2.63746e-10
0.32107  419.45 5.85739e-05 0 1 1.29955e-09 2.63317e-10
0.327759  419.451 5.85737e-05 0 1 1.29742e-09 2.62879e-10
0.334448  419.452 5.85736e-05 0 1 1.29525e-09 2.62433e-10
0.341137  419.453 5.85734e-05 0 1 1.29304e-09 2.61978e-10
0.347826  419.454 5.85733e-05 0 1 1.29078e-09 2.61515e-10
0.354515  419.455 5.85731e-05 0 1 1.28849e-09 2.61043e-10
0.361204  419.456 5.8573e-05 0 1 1.28615e-09 2.60563e-10
0.367893  419.458 5.85728e-05 0 1 1.28378e-09 2.60074e-10
0.374582  419.459 5.85727e-05 0 1 1.28136e-09 2.59577e-10
0.381271  419.46 5.85725e-05 0 1 1.2789e-09 2.59072e-10
0.38796  419.461 5.85724e-05 0 1 1.2764e-09 2.58558e-10
0.394649  419.462 5.85722e-05 0 1 1.27386e-09 2.58036e-10
0.401338  419.463 5.8572e-05 0 1 1.27128e-09 2.57506e-10
0.408027  419.464 5.85719e-05 0 1 1.26865e-09 2.56967e-10
0.414716  419.466 5.85717e-05 0 1 1.26599e-09 2.5642e-10
0.421405  419.467 5.85715e-05 0 1 1.26329e-09 2.55865e-10
0.428094  419.468 5.85713e-05 0 1 1.26055e-09 2.55302e-10
0.434783  419.469 5.85712e-05 0 1 1.25777e-09 2.5473e-10
0.441472  419.471 5.8571e-05 0 1 1.25495e-09 2.54151e-10
0.448161  419.472 5.85708e-05 0 1 1.25209e-09 2.53564e-10
0.454849  419.473 5.85706e-05 0 1 1.24919e-09 2.52968e-10
0.461538  419.475 5.85704e-05 0 1 1.24626e-09 2.52365e-10
0.468227  419.476 5.85703e-05 0 1 1.24328e-09 2.51753e-10
0.474916  419.477 5.85701e-05 0 1 1.24027e-09 2.51134e-10
0.481605  419.479 5.85699e-05 0 1 1.23721e-09 2.50507e-10
0.488294  419.48 5.85697e-05 0 1 1.23412e-09 2.49872e-10
0.494983  419.481 5.85695e-05 0 1 1.23099e-09 2.49229e-10
0.501672  419.483 5.85693e-05 0 1 1.22783e-09 2.48578e-10
0.508361  419.484 5.85691e-05 0 1 1.22462e-09 2.4792e-10
0.51505  419.486 5.85689e-05 0 1 1.22138e-09 2.47254e-10
0.521739  419.487 5.85687e-05 0 1 1.2181e-09 2.4658e-10
0.528428  419.488 5.85685e-05 0 1 1.21479e-09 2.45899e-10
0.535117  419.49 5.85683e-05 0 1 1.21143e-09 2.4521e-10
0.541806  419.491 5.85681e-05 0 1 1.20804e-09 2.44514e-10
0.548495  419.493 5.85679e-05 0 1 1.20462e-09 2.4381e-10
0.555184  419.494 5.85677e-05 0 1 1.20116e-09 2.43099e-10
0.561873  419.496 5.85675e-05 0 1 1.19766e-09 2.42381e-10
0.568562  419.497 5.85673e-05 0 1 1.19412e-09 2.41655e-10
0.575251  419.499 5.85671e-05 0 1 1.19055e-09 2.40922e-10
0.58194  419.5 5.85669e-05 0 1 1.18695e-09 2.40181e-10
0.588629  419.502 5.85667e-05 0 1 1.18331e-09 2.39433e-10
0.595318  419.503 5.85664e-05 0 1 1.17963e-09 2.38679e-10
0.602007  419.505 5.85662e-05 0 1 1.17592e-09 2.37917e-10
0.608696  419.506 5.8566e-05 0 1 1.17218e-09 2.37148e-10
0.615385  419.508 5.85658e-05 0 1 1.1684e-09 2.36372e-10
0.622074  419.51 5.85656e-05 0 1 1.16459e-09 2.35589e-10
0.628763  419.511 5.85653e-05 0 1 1.16074e-09 2.34799e-10
0.635452  419.513 5.85651e-05 0 1 1.15686e-09 2.34002e-10
0.64214  419.514 5.85649e-05 0 1 1.15294e-09 2.33198e-10
0.648829  419.516 5.85647e-05 0 1 1.149e-09 2.32387e-10
0.655518  419.517 5.85645e-05 0 1 1.14502e-09 2.3157e-10
0.662207  419.519 5.85642e-05 0 1 1.141e-09 2.30746e-10
0.668896  419.521 5.8564e-05 0 1 1.13696e-09 2.29916e-10
0.675585  419.522 5.85638e-05 0 1 1.13288e-09 2.29078e-10
0.682274  419.524 5.85636e-05 0 1 1.12877e-09 2.28235e-10
0.688963  419.526 5.85633e-05 0 1 1.12463e-09 2.27384e-10
0.695652  419.527 5.85631e-05 0 1 1.12046e-09 2.26528e-10
0.702341  419.529 5.85629e-05 0 1 1.11625e-09 2.25664e-10
0.70903  419.531 5.85626e-05 0 1 1.11201e-09 2.24795e-10
0.715719  419.532 5.85624e-05 0 1 1.10775e-09 2.23919e-10
0.722408  419.534 5.85622e-05 0 1 1.10345e-09 2.23037e-10
0.729097  419.535 5.85619e-05 0 1 1.09912e-09 2.22149e-10
0.735786  419.537 5.85617e-05 0 1 1.09477e-09 2.21255e-10
0.742475  419.539 5.85615e-05 0 1 1.09038e-09 2.20354e-10
0.749164  419.54 5.85613e-05 0 1 1.08596e-09 2.19448e-10
0.755853  419.542 5.8561e-05 0 1 1.08152e-09 2.18536e-10
0.762542  419.544 5.85608e-05 0 1 1.07704e-09 2.17617e-10
0.769231  419.545 5.85606e-05 0 1 1.07254e-09 2.16693e-10
0.77592  419.547 5.85603e-05 0 1 1.06801e-09 2.15763e-10
0.782609  419.549 5.85601e-05 0 1 1.06345e-09 2.14827e-10
0.789298  419.55 5.85599e-05 0 1 1.05886e-09 2.13886e-10
0.795987  419.552 5.85596e-05 0 1 1.05424e-09 2.12939e-10
0.802676  419.554 5.85594e-05 0 1 1.0496e-09 2.11986e-10
0.809365  419.556 5.85591e-05 0 1 1.04493e-09 2.11028e-10
0.816054  419.557 5.85589e-05 0 1 1.04023e-09 2.10064e-10
0.822742  419.559 5.85587e-05 0 1 1.03551e-09 2.09095e-10
0.829431  419.561 5.85584e-05 0 1 1.03076e-09 2.0812e-10
0.83612  419.562 5.85582e-05 0 1 1.02598e-09 2.0714e-10
0.842809  419.564 5.8558e-05 0 1 1.02118e-09 2.06155e-10
0.849498  419.566 5.85577e-05 0 1 1.01635e-09 2.05165e-10
0.856187  419.567 5.85575e-05 0 1 1.0115e-09 2.04169e-10
0.862876  419.569 5.85573e-05 0 1 1.00662e-09 2.03169e-10
0.869565  419.571 5.8557e-05 0 1 1.00171e-09 2.02163e-10
0.876254  419.572 5.85568e-05 0 1 9.96788e-10 2.01153e-10
0.882943  419.574 5.85566e-05 0 1 9.91836e-10 2.00137e-10
0.889632  419.576 5.85563e-05 0 1 9.86861e-10 1.99117e-10
0.896321  419.577 5.85561e-05 0 1 9.81863e-10 1.98092e-10
0.90301  419.579 5.85559e-05 0 1 9.76841e-10 1.97062e-10
0.909699  419.581 5.85556e-05 0 1 9.71797e-10 1.96028e-10
0.916388  419.582 5.85555e-05 0 0.999999 9.66728e-10 1.94989e-10
0.923077  419.584 5.85553e-05 0 0.999997 9.61636e-10 1.93945e-10
0.929766  419.586 5.85549e-05 0 1 9.56523e-10 1.92897e-10
0.936455  419.587 5.85518e-05 0 1.00005 9.51543e-10 1.91874e-10
0.943144  419.589 5.85743e-05 0 0.999662 9.45946e-10 1.90729e-10
0.949833  419.591 5.84607e-05 0 1.0016 9.42434e-10 1.90005e-10
0.956522  419.592 5.85644e-05 0 0.999823 9.35949e-10 1.88676e-10
0.963211  419.594 5.86223e-05 0 0.998832 9.2956e-10 1.87373e-10
0.9699  419.596 5.85491e-05 0 1.00008 9.252e-10 1.86479e-10
0.976589  419.597 5.85534e-05 0 0.999998 9.2018e-10 1.85446e-10
0.983278  419.599 5.85515e-05 0 1.00003 9.14898e-10 1.84364e-10
0.989967  419.6 5.85543e-05 0 0.999976 9.0955e-10 1.83269e-10
0.996656  419.602 5.85531e-05 0 0.999992 9.04247e-10 1.82182e-10
1.00334  419.604 5.85523e-05 0 1 8.98925e-10 1.81091e-10
1.01003  419.605 5.85522e-05 0 1 8.9357e-10 1.79994e-10
1.01672  419.607 5.8552e-05 0 1 8.88199e-10 1.78894e-10
1.02341  419.609 5.85518e-05 0 1 8.8281e-10 1.77789e-10
1.0301  419.61 5.85515e-05 0 1 8.77403e-10 1.76682e-10
1.03679  419.612 5.85513e-05 0 1 8.71978e-10 1.7557e-10
1.04348  419.613 5.85511e-05 0 1 8.66537e-10 1.74456e-10
1.05017  419.615 5.85509e-05 0 1 8.61079e-10 1.73338e-10
1.05686  419.616 5.85507e-05 0 1 8.55605e-10 1.72216e-10
1.06355  419.618 5.85504e-05 0 1 8.50114e-10 1.71092e-10
1.07023  419.62 5.85502e-05 0 1 8.44608e-10 1.69964e-10
1.07692  419.621 5.855e-05 0 1 8.39087e-10 1.68833e-10
1.08361  419.623 5.85498e-05 0 1 8.33551e-10 1.677e-10
1.0903  419.624 5.85496e-05 0 1 8.27999e-10 1.66563e-10
1.09699  419.626 5.85494e-05 0 1 8.22434e-10 1.65423e-10
1.10368  419.627 5.85491e-05 0 1 8.16854e-10 1.64281e-10
1.11037  419.629 5.85489e-05 0 1 8.1126e-10 1.63135e-10
1.11706  419.63 5.85487e-05 0 1 8.05653e-10 1.61987e-10
1.12375  419.632 5.85485e-05 0 1 8.00033e-10 1.60837e-10
1.13043  419.633 5.85483e-05 0 1 7.94399e-10 1.59684e-10
1.13712  419.635 5.85481e-05 0 1 7.88754e-10 1.58528e-10
1.14381  419.636 5.85479e-05 0 1 7.83096e-10 1.5737e-10
1.1505  419.638 5.85477e-05 0 1 7.77426e-10 1.56209e-10
1.15719  419.639 5.85475e-05 0 1 7.71744e-10 1.55047e-10
1.16388  419.64 5.85473e-05 0 1 7.66051e-10 1.53882e-10
1.17057  419.642 5.85471e-05 0 1 7.60347e-10 1.52714e-10
1.17726  419.643 5.85469e-05 0 1 7.54633e-10 1.51545e-10
1.18395  419.645 5.85467e-05 0 1 7.48908e-10 1.50374e-10
1.19064  419.646 5.85465e-05 0 1 7.43173e-10 1.492e-10
1.19732  419.648 5.85463e-05 0 1 7.37429e-10 1.48025e-10
1.20401  419.649 5.85461e-05 0 1 7.31675e-10 1.46848e-10
1.2107  419.65 5.85459e-05 0 1 7.25912e-10 1.45669e-10
1.21739  419.652 5.85457e-05 0 1 7.2014e-10 1.44489e-10
1.22408  419.653 5.85455e-05 0 1 7.1436e-10 1.43306e-10
1.23077  419.654 5.85453e-05 0 1 7.08572e-10 1.42123e-10
1.23746  419.656 5.85452e-05 0 1 7.02776e-10 1.40937e-10
1.24415  419.657 5.8545e-05 0 1 6.96972e-10 1.39751e-10
1.25084  419.658 5.85448e-05 0 1 6.91162e-10 1.38562e-10
1.25753  419.66 5.85446e-05 0 1 6.85344e-10 1.37373e-10
1.26421  419.661 5.85444e-05 0 1 6.7952e-10 1.36182e-10
1.2709  419.662 5.85442e-05 0 1 6.7369e-10 1.3499e-10
1.27759  419.664 5.85441e-05 0 1 6.67854e-10 1.33797e-10
1.28428  419.665 5.85439e-05 0 1 6.62013e-10 1.32603e-10
1.29097  419.666 5.85437e-05 0 1 6.56166e-10 1.31408e-10
1.29766  419.667 5.85435e-05 0 1 6.50315e-10 1.30212e-10
1.30435  419.669 5.85434e-05 0 1 6.44459e-10 1.29015e-10
1.31104  419.67 5.85432e-05 0 1 6.38598e-10 1.27818e-10
1.31773  419.671 5.8543e-05 0 1 6.32734e-10 1.2662e-10
1.32441  419.672 5.85429e-05 0 1 6.26866e-10 1.25421e-10
1.3311  419.673 5.85427e-05 0 1 6.20995e-10 1.24221e-10
1.33779  419.675 5.85425e-05 0 1 6.15121e-10 1.23021e-10
1.34448  419.676 5.85424e-05 0 1 6.09244e-10 1.21821e-10
1.35117  419.677 5.85422e-05 0 1 6.03365e-10 1.2062e-10
1.35786  419.678 5.8542e-05 0 1 6.49876e-10 1.19418e-10
1.36455  419.679 5.85419e-05 0 1 7.50268e-10 1.37007e-10
1.37124  419.68 5.85417e-05 0 1 8.49594e-10 1.57082e-10
1.37793  419.681 5.85416e-05 0 1 9.47851e-10 1.76944e-10
1.38462  419.683 5.85414e-05 0 1 1.04503e-09 1.96591e-10
1.3913  419.684 5.85413e-05 0 1 1.14114e-09 2.16023e-10
1.39799  419.685 5.85411e-05 0 1 1.23617e-09 2.35239e-10
1.40468  419.686 5.8541e-05 0 1 1.33012e-09 2.54238e-10
1.41137  419.687 5.85408e-05 0 1 1.42299e-09 2.7302e-10
1.41806  419.688 5.85407e-05 0 1 1.51477e-09 2.91584e-10
1.42475  419.689 5.85406e-05 0 0.999999 1.60545e-09 3.0993e-10
1.43144  419.69 5.85404e-05 0 1 1.69505e-09 3.28057e-10
1.43813  419.691 5.85403e-05 0 1 1.78356e-09 3.45964e-10
1.44482  419.692 5.85401e-05 0 1 1.87097e-09 3.63652e-10
1.45151  419.693 5.854e-05 0 1 1.95727e-09 3.81119e-10
1.45819  419.694 5.85398e-05 0 1 2.04248e-09 3.98365e-10
1.46488  419.695 5.85397e-05 0 1 2.12659e-09 4.15389e-10
1.47157  419.696 5.85396e-05 0 1 2.20959e-09 4.32192e-10
1.47826  419.697 5.85395e-05 0 1 2.29149e-09 4.48772e-10
1.48495  419.698 5.85393e-05 0 1 2.37228e-09 4.65129e-10
1.49164  419.699 5.85392e-05 0 1 2.45196e-09 4.81264e-10
1.49833  419.699 5.85391e-05 0 1 2.53052e-09 4.97174e-10
1.50502  419.7 5.85389e-05 0 1 2.60798e-09 5.12861e-10
1.51171  419.701 5.85388e-05 0 1 2.68432e-09 5.28324e-10
1.51839  419.702 5.85387e-05 0 1 2.75955e-09 5.43562e-10
1.52508  419.703 5.85386e-05 0 1 2.83366e-09 5.58575e-10
1.53177  419.704 5.85385e-05 0 1 2.90665e-09 5.73364e-10
1.53846  419.705 5.85384e-05 0 1 2.97853e-09 5.87927e-10
1.54515  419.705 5.85382e-05 0 1 3.04929e-09 6.02265e-10
1.55184  419.706 5.85381e-05 0 1 3.11893e-09 6.16379e-10
1.55853  419.707 5.8538e-05 0 1 3.18746e-09 6.30267e-10
1.56522  419.708 5.85379e-05 0 1 3.25487e-09 6.43929e-10
1.57191  419.708 5.85378e-05 0 1 3.32117e-09 6.57367e-10
1.5786  419.709 5.85377e-05 0 1 3.38635e-09 6.7058e-10
1.58528  419.71 5.85376e-05 0 1 3.45042e-09 6.83567e-10
1.59197  419.711 5.85374e-05 0 1 3.51338e-09 6.96331e-10
1.59866  419.711 5.85375e-05 0 0.999998 3.57521e-09 7.08867e-10
1.60535  419.712 5.85373e-05 0 1 3.63595e-09 7.21182e-10
1.61204  419.713 5.85372e-05 0 1 3.69557e-09 7.33271e-10
1.61873  419.713 5.85371e-05 0 1 3.75408e-09 7.45136e-10
1.62542  419.714 5.8537e-05 0 1 3.81148e-09 7.56777e-10
1.63211  419.715 5.85369e-05 0 1 3.86777e-09 7.68194e-10
1.6388  419.715 5.85369e-05 0 1 3.92296e-09 7.79387e-10
1.64548  419.716 5.85368e-05 0 1 3.97704e-09 7.90357e-10
1.65217  419.717 5.85367e-05 0 1 4.03002e-09 8.01104e-10
1.65886  419.717 5.85366e-05 0 1 4.0819e-09 8.11629e-10
1.66555  419.718 5.85365e-05 0 1 4.13268e-09 8.21931e-10
1.67224  419.718 5.85364e-05 0 1 4.18237e-09 8.32011e-10
1.67893  419.719 5.85364e-05 0 1 4.23095e-09 8.41869e-10
1.68562  419.719 5.85363e-05 0 1 4.27845e-09 8.51506e-10
1.69231  419.72 5.85362e-05 0 1 4.32485e-09 8.60921e-10
1.699  419.72 5.85361e-05 0 1 4.37017e-09 8.70117e-10
1.70569  419.721 5.85361e-05 0 1 4.41439e-09 8.79092e-10
1.71237  419.721 5.8536e-05 0 1 4.45753e-09 8.87847e-10
1.71906  419.722 5.85359e-05 0 1 4.4996e-09 8.96384e-10
1.72575  419.722 5.85359e-05 0 1 4.54058e-09 9.04701e-10
1.73244  419.723 5.85358e-05 0 1 4.58048e-09 9.12801e-10
1.73913  419.723 5.85357e-05 0 1 4.61931e-09 9.20683e-10
1.74582  419.724 5.85357e-05 0 1 4.65707e-09 9.28347e-10
1.75251  419.724 5.85356e-05 0 1 4.69376e-09 9.35796e-10
1.7592  419.725 5.85356e-05 0 1 4.72939e-09 9.43028e-10
1.76589  419.725 5.85355e-05 0 1 4.76395e-09 9.50045e-10
1.77258  419.725 5.85355e-05 0 1 4.79745e-09 9.56847e-10
1.77926  419.726 5.85354e-05 0 1 4.8299e-09 9.63435e-10
1.78595  419.726 5.85354e-05 0 1 4.8613e-09 9.69809e-10
1.79264  419.726 5.85353e-05 0 1 4.89165e-09 9.75971e-10
1.79933  419.727 5.85353e-05 0 1 4.92095e-09 9.81921e-10
1.80602  419.727 5.85352e-05 0 1 4.94921e-09 9.87659e-10
1.81271  419.727 5.85352e-05 0 1 4.97643e-09 9.93187e-10
1.8194  419.728 5.85351e-05 0 1 5.00262e-09 9.98505e-10
1.82609  419.728 5.85351e-05 0 1 5.02777e-09 1.00361e-09
1.83278  419.728 5.85351e-05 0 1 5.05191e-09 1.00851e-09
1.83946  419.728 5.8535e-05 0 1 5.07501e-09 1.01321e-09
1.84615  419.729 5.8535e-05 0 1 5.0971e-09 1.01769e-09
1.85284  419.729 5.8535e-05 0 1 5.11818e-09 1.02197e-09
1.85953  419.729 5.85349e-05 0 1 5.13825e-09 1.02605e-09
1.86622  419.729 5.85349e-05 0 1 5.15731e-09 1.02992e-09
1.87291  419.73 5.85348e-05 0 1 5.17537e-09 1.03359e-09
1.8796  419.73 5.85348e-05 0 1 5.19244e-09 1.03706e-09
1.88629  419.73 5.85348e-05 0 1 5.20851e-09 1.04032e-09
1.89298  419.73 5.85349e-05 0 0.999999 5.22358e-09 1.04338e-09
1.89967  419.73 5.85348e-05 0 1 5.23769e-09 1.04625e-09
1.90635  419.73 5.85347e-05 0 1 5.25082e-09 1.04892e-09
1.91304  419.731 5.85347e-05 0 1 5.26297e-09 1.05138e-09
1.91973  419.731 5.85347e-05 0 1 5.27416e-09 1.05366e-09
1.92642  419.731 5.85347e-05 0 1 5.28439e-09 1.05573e-09
1.93311  419.731 5.85347e-05 0 1 5.29365e-09 1.05762e-09
1.9398  419.731 5.85347e-05 0 1 5.30197e-09 1.0593e-09
1.94649  419.731 5.85346e-05 0 1 5.30934e-09 1.0608e-09
1.95318  419.731 5.85346e-05 0 1 5.31577e-09 1.06211e-09
1.95987  419.731 5.85346e-05 0 1 5.32126e-09 1.06322e-09
1.96656  419.731 5.85346e-05 0 1 5.32582e-09 1.06415e-09
1.97324  419.731 5.85346e-05 0 1 5.32946e-09 1.06489e-09
1.97993  419.731 5.85346e-05 0 1 5.33218e-09 1.06544e-09
1.98662  419.731 5.85346e-05 0 1 5.33399e-09 1.06581e-09
1.99331  419.731 5.85346e-05 0 1 5.33489e-09 1.06599e-09
2  419.731 5.85346e-05 0 1 5.33489e-09 1.06599e-09
