TITLE="Graphics"
VARIABLES= "x", "T", "rho", "u",, "Y_H2", "Y_O2", "Y_N2"
0  400 6.1422e-05 0 1 0 0
0.00668896  419.668 5.85435e-05 0 1 1.52552e-09 2.88991e-10
0.0133779  419.668 5.85435e-05 0 1 1.52566e-09 2.8902e-10
0.0200669  419.668 5.85435e-05 0 1 1.52591e-09 2.89073e-10
0.0267559  419.668 5.85435e-05 0 1 1.52627e-09 2.89149e-10
0.0334448  419.668 5.85435e-05 0 1 1.52674e-09 2.89246e-10
0.0401338  419.668 5.85435e-05 0 1 1.52732e-09 2.89367e-10
0.0468227  419.668 5.85435e-05 0 1 1.528e-09 2.89509e-10
0.0535117  419.668 5.85435e-05 0 1 1.52878e-09 2.89673e-10
0.0602007  419.668 5.85435e-05 0 1 1.52968e-09 2.89859e-10
0.0668896  419.668 5.85435e-05 0 1 1.53067e-09 2.90068e-10
0.0735786  419.668 5.85434e-05 0 1 1.53178e-09 2.90298e-10
0.0802676  419.668 5.85434e-05 0 1 1.53299e-09 2.9055e-10
0.0869565  419.668 5.85434e-05 0 1 1.5343e-09 2.90825e-10
0.0936455  419.668 5.85434e-05 0 1 1.53572e-09 2.91121e-10
0.100334  419.668 5.85434e-05 0 1 1.53724e-09 2.91438e-10
0.107023  419.668 5.85434e-05 0 1 1.53887e-09 2.91778e-10
0.113712  419.668 5.85434e-05 0 1 1.5406e-09 2.92139e-10
0.120401  419.668 5.85434e-05 0 1 1.54243e-09 2.92523e-10
0.12709  419.668 5.85434e-05 0 1 1.54437e-09 2.92927e-10
0.133779  419.668 5.85434e-05 0 1 1.54641e-09 2.93354e-10
0.140468  419.668 5.85434e-05 0 1 1.54856e-09 2.93802e-10
0.147157  419.668 5.85434e-05 0 1 1.55081e-09 2.94271e-10
0.153846  419.668 5.85434e-05 0 1 1.55316e-09 2.94762e-10
0.160535  419.668 5.85434e-05 0 1 1.55561e-09 2.95275e-10
0.167224  419.668 5.85434e-05 0 1 1.55817e-09 2.95809e-10
0.173913  419.668 5.85434e-05 0 1 1.56083e-09 2.96364e-10
0.180602  419.668 5.85434e-05 0 1 1.56359e-09 2.9694e-10
0.187291  419.668 5.85434e-05 0 1 1.56645e-09 2.97538e-10
0.19398  419.668 5.85434e-05 0 1 1.56942e-09 2.98157e-10
0.200669  419.668 5.85434e-05 0 1 1.57248e-09 2.98797e-10
0.207358  419.668 5.85434e-05 0 1 1.57565e-09 2.99458e-10
0.214047  419.668 5.85434e-05 0 1 1.57891e-09 3.00139e-10
0.220736  419.669 5.85434e-05 0 1 1.58228e-09 3.00842e-10
0.227425  419.669 5.85434e-05 0 1 1.58575e-09 3.01566e-10
0.234114  419.669 5.85434e-05 0 1 1.58931e-09 3.0231e-10
0.240803  419.669 5.85434e-05 0 1 1.59297e-09 3.03075e-10
0.247492  419.669 5.85434e-05 0 1 1.59674e-09 3.0386e-10
0.254181  419.669 5.85434e-05 0 1 1.6006e-09 3.04666e-10
0.26087  419.669 5.85433e-05 0 1 1.60456e-09 3.05492e-10
0.267559  419.669 5.85433e-05 0 1 1.60861e-09 3.06339e-10
0.274247  419.669 5.85433e-05 0 1 1.61276e-09 3.07206e-10
0.280936  419.669 5.85433e-05 0 1 1.61701e-09 3.08093e-10
0.287625  419.669 5.85433e-05 0 1 1.62136e-09 3.09e-10
0.294314  419.669 5.85433e-05 0 1 1.6258e-09 3.09927e-10
0.301003  419.669 5.85433e-05 0 1 1.63033e-09 3.10874e-10
0.307692  419.669 5.85433e-05 0 1 1.63496e-09 3.11841e-10
0.314381  419.669 5.85433e-05 0 1 1.63969e-09 3.12827e-10
0.32107  419.669 5.85433e-05 0 1 1.64451e-09 3.13833e-10
0.327759  419.669 5.85433e-05 0 1 1.64942e-09 3.14858e-10
0.334448  419.669 5.85433e-05 0 1 1.65442e-09 3.15903e-10
0.341137  419.669 5.85433e-05 0 1 1.65952e-09 3.16966e-10
0.347826  419.669 5.85433e-05 0 1 1.6647e-09 3.18049e-10
0.354515  419.669 5.85433e-05 0 1 1.66998e-09 3.19151e-10
0.361204  419.669 5.85432e-05 0 1 1.67535e-09 3.20272e-10
0.367893  419.67 5.85432e-05 0 1 1.68081e-09 3.21412e-10
0.374582  419.67 5.85432e-05 0 1 1.68636e-09 3.2257e-10
0.381271  419.67 5.85432e-05 0 1 1.692e-09 3.23747e-10
0.38796  419.67 5.85432e-05 0 1 1.69772e-09 3.24942e-10
0.394649  419.67 5.85432e-05 0 1 1.70354e-09 3.26155e-10
0.401338  419.67 5.85432e-05 0 1 1.70944e-09 3.27387e-10
0.408027  419.67 5.85432e-05 0 1 1.71542e-09 3.28637e-10
0.414716  419.67 5.85432e-05 0 1 1.7215e-09 3.29904e-10
0.421405  419.67 5.85432e-05 0 1 1.72765e-09 3.3119e-10
0.428094  419.67 5.85432e-05 0 1 1.7339e-09 3.32493e-10
0.434783  419.67 5.85432e-05 0 1 1.74022e-09 3.33813e-10
0.441472  419.67 5.85431e-05 0 1 1.74663e-09 3.35151e-10
0.448161  419.67 5.85431e-05 0 1 1.75312e-09 3.36506e-10
0.454849  419.67 5.85431e-05 0 1 1.7597e-09 3.37878e-10
0.461538  419.67 5.85431e-05 0 1 1.76635e-09 3.39267e-10
0.468227  419.67 5.85431e-05 0 1 1.77308e-09 3.40673e-10
0.474916  419.671 5.85431e-05 0 1 1.7799e-09 3.42095e-10
0.481605  419.671 5.85431e-05 0 1 1.78679e-09 3.43534e-10
0.488294  419.671 5.85431e-05 0 1 1.79377e-09 3.4499e-10
0.494983  419.671 5.85431e-05 0 1 1.80082e-09 3.46461e-10
0.501672  419.671 5.85431e-05 0 1 1.80794e-09 3.47949e-10
0.508361  419.671 5.85431e-05 0 1 1.81514e-09 3.49452e-10
0.51505  419.671 5.8543e-05 0 1 1.82242e-09 3.50971e-10
0.521739  419.671 5.8543e-05 0 1 1.82978e-09 3.52506e-10
0.528428  419.671 5.8543e-05 0 1 1.8372e-09 3.54056e-10
0.535117  419.671 5.8543e-05 0 1 1.8447e-09 3.55621e-10
0.541806  419.671 5.8543e-05 0 1 1.85227e-09 3.57201e-10
0.548495  419.671 5.8543e-05 0 1 1.85992e-09 3.58796e-10
0.555184  419.671 5.8543e-05 0 1 1.86763e-09 3.60406e-10
0.561873  419.671 5.8543e-05 0 1 1.87541e-09 3.62031e-10
0.568562  419.672 5.8543e-05 0 1 1.88327e-09 3.6367e-10
0.575251  419.672 5.85429e-05 0 1 1.89119e-09 3.65323e-10
0.58194  419.672 5.85429e-05 0 1 1.89917e-09 3.6699e-10
0.588629  419.672 5.85429e-05 0 1 1.90723e-09 3.68671e-10
0.595318  419.672 5.85429e-05 0 1 1.91535e-09 3.70365e-10
0.602007  419.672 5.85429e-05 0 1 1.92353e-09 3.72073e-10
0.608696  419.672 5.85429e-05 0 1 1.93178e-09 3.73795e-10
0.615385  419.672 5.85429e-05 0 1 1.94009e-09 3.7553e-10
0.622074  419.672 5.85429e-05 0 1 1.94847e-09 3.77277e-10
0.628763  419.672 5.85429e-05 0 1 1.9569e-09 3.79037e-10
0.635452  419.672 5.85428e-05 0 1 1.9654e-09 3.8081e-10
0.64214  419.672 5.85428e-05 0 1 1.97395e-09 3.82596e-10
0.648829  419.672 5.85428e-05 0 1 1.98257e-09 3.84393e-10
0.655518  419.673 5.85428e-05 0 1 1.99124e-09 3.86202e-10
0.662207  419.673 5.85428e-05 0 1 1.99996e-09 3.88024e-10
0.668896  419.673 5.85428e-05 0 1 2.00875e-09 3.89857e-10
0.675585  419.673 5.85428e-05 0 1 2.01759e-09 3.91701e-10
0.682274  419.673 5.85428e-05 0 1 2.02648e-09 3.93557e-10
0.688963  419.673 5.85428e-05 0 1 2.03542e-09 3.95423e-10
0.695652  419.673 5.85427e-05 0 1 2.04442e-09 3.97301e-10
0.702341  419.673 5.85427e-05 0 1 2.05347e-09 3.99189e-10
0.70903  419.673 5.85427e-05 0 1 2.06257e-09 4.01087e-10
0.715719  419.673 5.85427e-05 0 1 2.07172e-09 4.02996e-10
0.722408  419.673 5.85427e-05 0 1 2.08091e-09 4.04915e-10
0.729097  419.674 5.85427e-05 0 1 2.09015e-09 4.06843e-10
0.735786  419.674 5.85427e-05 0 1 2.09944e-09 4.08781e-10
0.742475  419.674 5.85427e-05 0 1 2.10878e-09 4.10729e-10
0.749164  419.674 5.85426e-05 0 1 2.11815e-09 4.12686e-10
0.755853  419.674 5.85426e-05 0 1 2.12758e-09 4.14651e-10
0.762542  419.674 5.85426e-05 0 1 2.13704e-09 4.16626e-10
0.769231  419.674 5.85426e-05 0 1 2.14654e-09 4.18609e-10
0.77592  419.674 5.85426e-05 0 1 2.15609e-09 4.206e-10
0.782609  419.674 5.85426e-05 0 1 2.16567e-09 4.226e-10
0.789298  419.674 5.85426e-05 0 1 2.17529e-09 4.24607e-10
0.795987  419.674 5.85426e-05 0 1 2.18495e-09 4.26622e-10
0.802676  419.675 5.85425e-05 0 1 2.19465e-09 4.28645e-10
0.809365  419.675 5.85425e-05 0 1 2.20438e-09 4.30675e-10
0.816054  419.675 5.85425e-05 0 1 2.21414e-09 4.32711e-10
0.822742  419.675 5.85425e-05 0 1 2.22393e-09 4.34755e-10
0.829431  419.675 5.85425e-05 0 1 2.23376e-09 4.36805e-10
0.83612  419.675 5.85425e-05 0 1 2.24362e-09 4.38862e-10
0.842809  419.675 5.85425e-05 0 1 2.25351e-09 4.40924e-10
0.849498  419.675 5.85425e-05 0 1 2.26342e-09 4.42993e-10
0.856187  419.675 5.85424e-05 0 1 2.27337e-09 4.45067e-10
0.862876  419.675 5.85424e-05 0 1 2.28334e-09 4.47147e-10
0.869565  419.675 5.85424e-05 0 1 2.29333e-09 4.49232e-10
0.876254  419.676 5.85424e-05 0 1 2.30335e-09 4.51322e-10
0.882943  419.676 5.85424e-05 0 1 2.31339e-09 4.53417e-10
0.889632  419.676 5.85424e-05 0 1 2.32346e-09 4.55516e-10
0.896321  419.676 5.85424e-05 0 1 2.33354e-09 4.5762e-10
0.90301  419.676 5.85424e-05 0 1 2.34365e-09 4.59728e-10
0.909699  419.676 5.85423e-05 0 1 2.35377e-09 4.61839e-10
0.916388  419.676 5.85424e-05 0 0.999999 2.36391e-09 4.63954e-10
0.923077  419.676 5.85424e-05 0 0.999998 2.37405e-09 4.6607e-10
0.929766  419.676 5.85418e-05 0 1.00001 2.38425e-09 4.68198e-10
0.936455  419.676 5.854e-05 0 1.00004 2.39465e-09 4.70364e-10
0.943144  419.676 5.85611e-05 0 0.999678 2.40475e-09 4.72476e-10
0.949833  419.677 5.84489e-05 0 1.0016 2.41894e-09 4.75385e-10
0.956522  419.677 5.85531e-05 0 0.999814 2.42458e-09 4.76615e-10
0.963211  419.677 5.8611e-05 0 0.998827 2.4319e-09 4.78174e-10
0.9699  419.677 5.85365e-05 0 1.0001 2.44514e-09 4.80898e-10
0.976589  419.677 5.85436e-05 0 0.999976 2.45568e-09 4.83097e-10
0.983278  419.677 5.85404e-05 0 1.00003 2.46613e-09 4.85274e-10
0.989967  419.677 5.85435e-05 0 0.999977 2.47623e-09 4.87383e-10
0.996656  419.677 5.85427e-05 0 0.999991 2.48653e-09 4.89529e-10
1.00334  419.677 5.85421e-05 0 1 2.49682e-09 4.91675e-10
1.01003  419.677 5.85422e-05 0 1 2.50708e-09 4.93815e-10
1.01672  419.677 5.85421e-05 0 1 2.51735e-09 4.95956e-10
1.02341  419.678 5.85421e-05 0 1 2.52761e-09 4.98097e-10
1.0301  419.678 5.85421e-05 0 1 2.53787e-09 5.00237e-10
1.03679  419.678 5.85421e-05 0 1 2.54814e-09 5.02377e-10
1.04348  419.678 5.85421e-05 0 1 2.55839e-09 5.04516e-10
1.05017  419.678 5.85421e-05 0 1 2.56864e-09 5.06654e-10
1.05686  419.678 5.85421e-05 0 1 2.57889e-09 5.0879e-10
1.06355  419.678 5.85421e-05 0 1 2.58912e-09 5.10925e-10
1.07023  419.678 5.8542e-05 0 1 2.59935e-09 5.13058e-10
1.07692  419.678 5.8542e-05 0 1 2.60957e-09 5.15188e-10
1.08361  419.678 5.8542e-05 0 1 2.61978e-09 5.17317e-10
1.0903  419.678 5.8542e-05 0 1 2.62997e-09 5.19442e-10
1.09699  419.679 5.8542e-05 0 1 2.64015e-09 5.21565e-10
1.10368  419.679 5.8542e-05 0 1 2.65032e-09 5.23685e-10
1.11037  419.679 5.8542e-05 0 1 2.66047e-09 5.25801e-10
1.11706  419.679 5.8542e-05 0 1 2.6706e-09 5.27914e-10
1.12375  419.679 5.85419e-05 0 1 2.68071e-09 5.30023e-10
1.13043  419.679 5.85419e-05 0 1 2.69081e-09 5.32128e-10
1.13712  419.679 5.85419e-05 0 1 2.70088e-09 5.34228e-10
1.14381  419.679 5.85419e-05 0 1 2.71094e-09 5.36324e-10
1.1505  419.679 5.85419e-05 0 1 2.72097e-09 5.38415e-10
1.15719  419.679 5.85419e-05 0 1 2.73097e-09 5.40501e-10
1.16388  419.679 5.85419e-05 0 1 2.74095e-09 5.42582e-10
1.17057  419.679 5.85419e-05 0 1 2.7509e-09 5.44657e-10
1.17726  419.68 5.85418e-05 0 1 2.76083e-09 5.46727e-10
1.18395  419.68 5.85418e-05 0 1 2.77073e-09 5.4879e-10
1.19064  419.68 5.85418e-05 0 1 2.7806e-09 5.50848e-10
1.19732  419.68 5.85418e-05 0 1 2.79043e-09 5.52898e-10
1.20401  419.68 5.85418e-05 0 1 2.80024e-09 5.54942e-10
1.2107  419.68 5.85418e-05 0 1 2.81e-09 5.56979e-10
1.21739  419.68 5.85418e-05 0 1 2.81974e-09 5.59009e-10
1.22408  419.68 5.85418e-05 0 1 2.82944e-09 5.61031e-10
1.23077  419.68 5.85417e-05 0 1 2.8391e-09 5.63045e-10
1.23746  419.68 5.85417e-05 0 1 2.84873e-09 5.65051e-10
1.24415  419.68 5.85417e-05 0 1 2.85831e-09 5.6705e-10
1.25084  419.68 5.85417e-05 0 1 2.86786e-09 5.6904e-10
1.25753  419.68 5.85417e-05 0 1 2.87736e-09 5.71021e-10
1.26421  419.681 5.85417e-05 0 1 2.88682e-09 5.72993e-10
1.2709  419.681 5.85417e-05 0 1 2.89624e-09 5.74956e-10
1.27759  419.681 5.85417e-05 0 1 2.90561e-09 5.76909e-10
1.28428  419.681 5.85417e-05 0 1 2.91494e-09 5.78853e-10
1.29097  419.681 5.85417e-05 0 1 2.92421e-09 5.80787e-10
1.29766  419.681 5.85416e-05 0 1 2.93344e-09 5.82711e-10
1.30435  419.681 5.85416e-05 0 1 2.94262e-09 5.84625e-10
1.31104  419.681 5.85416e-05 0 1 2.95175e-09 5.86528e-10
1.31773  419.681 5.85416e-05 0 1 2.96083e-09 5.8842e-10
1.32441  419.681 5.85416e-05 0 1 2.96985e-09 5.90301e-10
1.3311  419.681 5.85416e-05 0 1 2.97882e-09 5.92171e-10
1.33779  419.681 5.85416e-05 0 1 2.98774e-09 5.94029e-10
1.34448  419.681 5.85416e-05 0 1 2.9966e-09 5.95875e-10
1.35117  419.682 5.85416e-05 0 1 3.0054e-09 5.9771e-10
1.35786  419.682 5.85416e-05 0 1 3.01414e-09 5.99532e-10
1.36455  419.682 5.85415e-05 0 1 3.02282e-09 6.01342e-10
1.37124  419.682 5.85415e-05 0 1 3.03144e-09 6.03139e-10
1.37793  419.682 5.85415e-05 0 1 3.04e-09 6.04923e-10
1.38462  419.682 5.85415e-05 0 1 3.0485e-09 6.06694e-10
1.3913  419.682 5.85415e-05 0 1 3.05693e-09 6.08451e-10
1.39799  419.682 5.85415e-05 0 1 3.0653e-09 6.10195e-10
1.40468  419.682 5.85415e-05 0 1 3.0736e-09 6.11925e-10
1.41137  419.682 5.85414e-05 0 1 3.08183e-09 6.13642e-10
1.41806  419.682 5.85415e-05 0 1 3.09e-09 6.15343e-10
1.42475  419.682 5.85415e-05 0 0.999999 3.09809e-09 6.1703e-10
1.43144  419.682 5.85415e-05 0 1 3.10611e-09 6.18703e-10
1.43813  419.682 5.85414e-05 0 1 3.11407e-09 6.20361e-10
1.44482  419.682 5.85414e-05 0 1 3.12195e-09 6.22003e-10
1.45151  419.683 5.85414e-05 0 1 3.12975e-09 6.2363e-10
1.45819  419.683 5.85414e-05 0 1 3.13748e-09 6.25242e-10
1.46488  419.683 5.85414e-05 0 1 3.14514e-09 6.26837e-10
1.47157  419.683 5.85414e-05 0 1 3.15272e-09 6.28417e-10
1.47826  419.683 5.85414e-05 0 1 3.16022e-09 6.29981e-10
1.48495  419.683 5.85414e-05 0 1 3.16764e-09 6.31528e-10
1.49164  419.683 5.85414e-05 0 1 3.17499e-09 6.33059e-10
1.49833  419.683 5.85414e-05 0 1 3.18225e-09 6.34572e-10
1.50502  419.683 5.85414e-05 0 0.999999 3.18943e-09 6.36069e-10
1.51171  419.683 5.85414e-05 0 0.999999 3.19653e-09 6.37549e-10
1.51839  419.683 5.85412e-05 0 1 3.20355e-09 6.39013e-10
1.52508  419.683 5.85415e-05 0 0.999997 3.21047e-09 6.40456e-10
1.53177  419.683 5.8541e-05 0 1.00001 3.21734e-09 6.41886e-10
1.53846  419.683 5.85419e-05 0 0.999991 3.22408e-09 6.43291e-10
1.54515  419.683 5.85406e-05 0 1.00001 3.23077e-09 6.44687e-10
1.55184  419.683 5.85423e-05 0 0.999983 3.23735e-09 6.46057e-10
1.55853  419.683 5.85402e-05 0 1.00002 3.24384e-09 6.47411e-10
1.56522  419.683 5.85425e-05 0 0.99998 3.25029e-09 6.48756e-10
1.57191  419.683 5.85402e-05 0 1.00002 3.25652e-09 6.50055e-10
1.5786  419.684 5.85423e-05 0 0.999983 3.2629e-09 6.51383e-10
1.58528  419.684 5.85403e-05 0 1.00002 3.26885e-09 6.52625e-10
1.59197  419.684 5.85422e-05 0 0.999984 3.27512e-09 6.5393e-10
1.59866  419.684 5.85403e-05 0 1.00002 3.28085e-09 6.55126e-10
1.60535  419.684 5.85424e-05 0 0.99998 3.28692e-09 6.5639e-10
1.61204  419.684 5.85401e-05 0 1.00002 3.29251e-09 6.57558e-10
1.61873  419.684 5.85422e-05 0 0.999983 3.29833e-09 6.58769e-10
1.62542  419.684 5.85405e-05 0 1.00001 3.30381e-09 6.59911e-10
1.63211  419.684 5.85417e-05 0 0.999992 3.30936e-09 6.61069e-10
1.6388  419.684 5.85409e-05 0 1.00001 3.31471e-09 6.62183e-10
1.64548  419.684 5.85414e-05 0 0.999997 3.32002e-09 6.63292e-10
1.65217  419.684 5.85411e-05 0 1 3.32521e-09 6.64372e-10
1.65886  419.684 5.85413e-05 0 0.999999 3.33031e-09 6.65436e-10
1.66555  419.684 5.85412e-05 0 1 3.33531e-09 6.66478e-10
1.67224  419.684 5.85412e-05 0 1 3.34021e-09 6.675e-10
1.67893  419.684 5.85412e-05 0 1 3.34501e-09 6.68502e-10
1.68562  419.684 5.85412e-05 0 1 3.34972e-09 6.69482e-10
1.69231  419.684 5.85412e-05 0 1 3.35432e-09 6.70442e-10
1.699  419.684 5.85412e-05 0 1 3.35883e-09 6.71381e-10
1.70569  419.684 5.85412e-05 0 1 3.36323e-09 6.723e-10
1.71237  419.684 5.85412e-05 0 1 3.36754e-09 6.73197e-10
1.71906  419.684 5.85412e-05 0 1 3.37174e-09 6.74073e-10
1.72575  419.684 5.85412e-05 0 1 3.37584e-09 6.74928e-10
1.73244  419.684 5.85412e-05 0 1 3.37984e-09 6.75762e-10
1.73913  419.684 5.85412e-05 0 1 3.38374e-09 6.76575e-10
1.74582  419.684 5.85412e-05 0 1 3.38754e-09 6.77367e-10
1.75251  419.684 5.85412e-05 0 1 3.39124e-09 6.78137e-10
1.7592  419.684 5.85412e-05 0 1 3.39483e-09 6.78887e-10
1.76589  419.685 5.85411e-05 0 1 3.39832e-09 6.79614e-10
1.77258  419.685 5.85411e-05 0 1 3.40171e-09 6.80321e-10
1.77926  419.685 5.85411e-05 0 1 3.405e-09 6.81006e-10
1.78595  419.685 5.85411e-05 0 1 3.40818e-09 6.8167e-10
1.79264  419.685 5.85411e-05 0 1 3.41126e-09 6.82312e-10
1.79933  419.685 5.85411e-05 0 1 3.41424e-09 6.82933e-10
1.80602  419.685 5.85411e-05 0 1 3.41712e-09 6.83533e-10
1.81271  419.685 5.85411e-05 0 1 3.41989e-09 6.84111e-10
1.8194  419.685 5.85411e-05 0 1 3.42256e-09 6.84668e-10
1.82609  419.685 5.85411e-05 0 1 3.42513e-09 6.85204e-10
1.83278  419.685 5.85411e-05 0 1 3.4276e-09 6.85718e-10
1.83946  419.685 5.85411e-05 0 1 3.42996e-09 6.86211e-10
1.84615  419.685 5.85411e-05 0 1 3.43222e-09 6.86683e-10
1.85284  419.685 5.85411e-05 0 1 3.43438e-09 6.87133e-10
1.85953  419.685 5.85411e-05 0 1 3.43644e-09 6.87562e-10
1.86622  419.685 5.85411e-05 0 1 3.4384e-09 6.8797e-10
1.87291  419.685 5.85411e-05 0 1 3.44026e-09 6.88358e-10
1.8796  419.685 5.85411e-05 0 1 3.44201e-09 6.88723e-10
1.88629  419.685 5.85411e-05 0 1 3.44366e-09 6.89068e-10
1.89298  419.685 5.85412e-05 0 0.999999 3.44521e-09 6.89391e-10
1.89967  419.685 5.85411e-05 0 1 3.44667e-09 6.89695e-10
1.90635  419.685 5.85411e-05 0 1 3.44802e-09 6.89977e-10
1.91304  419.685 5.85411e-05 0 1 3.44928e-09 6.90238e-10
1.91973  419.685 5.85411e-05 0 1 3.45043e-09 6.90479e-10
1.92642  419.685 5.85411e-05 0 1 3.45149e-09 6.90699e-10
1.93311  419.685 5.85411e-05 0 1 3.45244e-09 6.90898e-10
1.9398  419.685 5.85411e-05 0 1 3.4533e-09 6.91077e-10
1.94649  419.685 5.85411e-05 0 1 3.45406e-09 6.91236e-10
1.95318  419.685 5.85411e-05 0 1 3.45473e-09 6.91375e-10
1.95987  419.685 5.85411e-05 0 1 3.4553e-09 6.91493e-10
1.96656  419.685 5.85411e-05 0 1 3.45577e-09 6.91592e-10
1.97324  419.685 5.85411e-05 0 1 3.45614e-09 6.9167e-10
1.97993  419.685 5.85411e-05 0 1 3.45643e-09 6.91729e-10
1.98662  419.685 5.85411e-05 0 1 3.45661e-09 6.91768e-10
1.99331  419.685 5.85411e-05 0 1 3.45671e-09 6.91787e-10
2  419.685 5.85411e-05 0 1 3.45671e-09 6.91787e-10
