TITLE="Graphics"
VARIABLES= "x", "T", "rho", "u",, "Y_H2", "Y_O2", "Y_N2"
0  400 6.1422e-05 0 1 0 0
0.00668896  419.661 5.85445e-05 0 1 2.12022e-09 4.11268e-10
0.0133779  419.661 5.85445e-05 0 1 2.12031e-09 4.11288e-10
0.0200669  419.661 5.85445e-05 0 1 2.12049e-09 4.11324e-10
0.0267559  419.661 5.85445e-05 0 1 2.12073e-09 4.11376e-10
0.0334448  419.661 5.85445e-05 0 1 2.12105e-09 4.11443e-10
0.0401338  419.661 5.85445e-05 0 1 2.12144e-09 4.11525e-10
0.0468227  419.661 5.85445e-05 0 1 2.12191e-09 4.11623e-10
0.0535117  419.661 5.85445e-05 0 1 2.12244e-09 4.11736e-10
0.0602007  419.661 5.85445e-05 0 1 2.12305e-09 4.11863e-10
0.0668896  419.661 5.85444e-05 0 1 2.12373e-09 4.12006e-10
0.0735786  419.661 5.85444e-05 0 1 2.12448e-09 4.12164e-10
0.0802676  419.661 5.85444e-05 0 1 2.12531e-09 4.12337e-10
0.0869565  419.661 5.85444e-05 0 1 2.1262e-09 4.12525e-10
0.0936455  419.661 5.85444e-05 0 1 2.12717e-09 4.12728e-10
0.100334  419.661 5.85444e-05 0 1 2.12821e-09 4.12945e-10
0.107023  419.661 5.85444e-05 0 1 2.12931e-09 4.13178e-10
0.113712  419.661 5.85444e-05 0 1 2.13049e-09 4.13426e-10
0.120401  419.661 5.85444e-05 0 1 2.13174e-09 4.13688e-10
0.12709  419.661 5.85444e-05 0 1 2.13306e-09 4.13965e-10
0.133779  419.661 5.85444e-05 0 1 2.13445e-09 4.14257e-10
0.140468  419.661 5.85444e-05 0 1 2.13592e-09 4.14564e-10
0.147157  419.661 5.85444e-05 0 1 2.13745e-09 4.14886e-10
0.153846  419.661 5.85444e-05 0 1 2.13905e-09 4.15222e-10
0.160535  419.661 5.85444e-05 0 1 2.14072e-09 4.15573e-10
0.167224  419.661 5.85444e-05 0 1 2.14246e-09 4.15938e-10
0.173913  419.661 5.85444e-05 0 1 2.14427e-09 4.16318e-10
0.180602  419.661 5.85444e-05 0 1 2.14615e-09 4.16713e-10
0.187291  419.661 5.85444e-05 0 1 2.1481e-09 4.17122e-10
0.19398  419.661 5.85444e-05 0 1 2.15011e-09 4.17545e-10
0.200669  419.662 5.85444e-05 0 1 2.1522e-09 4.17983e-10
0.207358  419.662 5.85443e-05 0 1 2.15435e-09 4.18435e-10
0.214047  419.662 5.85443e-05 0 1 2.15657e-09 4.18901e-10
0.220736  419.662 5.85443e-05 0 1 2.15886e-09 4.19381e-10
0.227425  419.662 5.85443e-05 0 1 2.16121e-09 4.19876e-10
0.234114  419.662 5.85443e-05 0 1 2.16364e-09 4.20385e-10
0.240803  419.662 5.85443e-05 0 1 2.16612e-09 4.20907e-10
0.247492  419.662 5.85443e-05 0 1 2.16868e-09 4.21444e-10
0.254181  419.662 5.85443e-05 0 1 2.1713e-09 4.21994e-10
0.26087  419.662 5.85443e-05 0 1 2.17399e-09 4.22559e-10
0.267559  419.662 5.85443e-05 0 1 2.17674e-09 4.23137e-10
0.274247  419.662 5.85443e-05 0 1 2.17956e-09 4.23729e-10
0.280936  419.662 5.85443e-05 0 1 2.18244e-09 4.24334e-10
0.287625  419.662 5.85443e-05 0 1 2.18539e-09 4.24953e-10
0.294314  419.662 5.85442e-05 0 1 2.1884e-09 4.25585e-10
0.301003  419.662 5.85442e-05 0 1 2.19148e-09 4.26231e-10
0.307692  419.662 5.85442e-05 0 1 2.19462e-09 4.2689e-10
0.314381  419.663 5.85442e-05 0 1 2.19782e-09 4.27562e-10
0.32107  419.663 5.85442e-05 0 1 2.20108e-09 4.28248e-10
0.327759  419.663 5.85442e-05 0 1 2.20441e-09 4.28946e-10
0.334448  419.663 5.85442e-05 0 1 2.2078e-09 4.29658e-10
0.341137  419.663 5.85442e-05 0 1 2.21125e-09 4.30382e-10
0.347826  419.663 5.85442e-05 0 1 2.21476e-09 4.31119e-10
0.354515  419.663 5.85441e-05 0 1 2.21833e-09 4.31869e-10
0.361204  419.663 5.85441e-05 0 1 2.22196e-09 4.32632e-10
0.367893  419.663 5.85441e-05 0 1 2.22565e-09 4.33407e-10
0.374582  419.663 5.85441e-05 0 1 2.2294e-09 4.34195e-10
0.381271  419.663 5.85441e-05 0 1 2.23321e-09 4.34994e-10
0.38796  419.663 5.85441e-05 0 1 2.23708e-09 4.35807e-10
0.394649  419.664 5.85441e-05 0 1 2.241e-09 4.36631e-10
0.401338  419.664 5.85441e-05 0 1 2.24499e-09 4.37467e-10
0.408027  419.664 5.8544e-05 0 1 2.24903e-09 4.38316e-10
0.414716  419.664 5.8544e-05 0 1 2.25312e-09 4.39176e-10
0.421405  419.664 5.8544e-05 0 1 2.25728e-09 4.40048e-10
0.428094  419.664 5.8544e-05 0 1 2.26148e-09 4.40931e-10
0.434783  419.664 5.8544e-05 0 1 2.26575e-09 4.41826e-10
0.441472  419.664 5.8544e-05 0 1 2.27006e-09 4.42733e-10
0.448161  419.664 5.8544e-05 0 1 2.27443e-09 4.43651e-10
0.454849  419.664 5.8544e-05 0 1 2.27886e-09 4.4458e-10
0.461538  419.665 5.85439e-05 0 1 2.28333e-09 4.4552e-10
0.468227  419.665 5.85439e-05 0 1 2.28786e-09 4.46471e-10
0.474916  419.665 5.85439e-05 0 1 2.29244e-09 4.47433e-10
0.481605  419.665 5.85439e-05 0 1 2.29707e-09 4.48405e-10
0.488294  419.665 5.85439e-05 0 1 2.30176e-09 4.49389e-10
0.494983  419.665 5.85439e-05 0 1 2.30649e-09 4.50383e-10
0.501672  419.665 5.85439e-05 0 1 2.31127e-09 4.51387e-10
0.508361  419.665 5.85438e-05 0 1 2.3161e-09 4.52401e-10
0.51505  419.665 5.85438e-05 0 1 2.32098e-09 4.53426e-10
0.521739  419.665 5.85438e-05 0 1 2.32591e-09 4.5446e-10
0.528428  419.666 5.85438e-05 0 1 2.33088e-09 4.55505e-10
0.535117  419.666 5.85438e-05 0 1 2.3359e-09 4.56559e-10
0.541806  419.666 5.85438e-05 0 1 2.34096e-09 4.57623e-10
0.548495  419.666 5.85437e-05 0 1 2.34607e-09 4.58696e-10
0.555184  419.666 5.85437e-05 0 1 2.35123e-09 4.59779e-10
0.561873  419.666 5.85437e-05 0 1 2.35643e-09 4.60871e-10
0.568562  419.666 5.85437e-05 0 1 2.36167e-09 4.61972e-10
0.575251  419.666 5.85437e-05 0 1 2.36695e-09 4.63082e-10
0.58194  419.667 5.85437e-05 0 1 2.37228e-09 4.642e-10
0.588629  419.667 5.85436e-05 0 1 2.37765e-09 4.65328e-10
0.595318  419.667 5.85436e-05 0 1 2.38306e-09 4.66464e-10
0.602007  419.667 5.85436e-05 0 1 2.38851e-09 4.67608e-10
0.608696  419.667 5.85436e-05 0 1 2.39399e-09 4.68761e-10
0.615385  419.667 5.85436e-05 0 1 2.39952e-09 4.69922e-10
0.622074  419.667 5.85436e-05 0 1 2.40508e-09 4.7109e-10
0.628763  419.667 5.85435e-05 0 1 2.41068e-09 4.72267e-10
0.635452  419.667 5.85435e-05 0 1 2.41632e-09 4.73451e-10
0.64214  419.668 5.85435e-05 0 1 2.422e-09 4.74643e-10
0.648829  419.668 5.85435e-05 0 1 2.4277e-09 4.75842e-10
0.655518  419.668 5.85435e-05 0 1 2.43345e-09 4.77048e-10
0.662207  419.668 5.85435e-05 0 1 2.43922e-09 4.78262e-10
0.668896  419.668 5.85434e-05 0 1 2.44503e-09 4.79482e-10
0.675585  419.668 5.85434e-05 0 1 2.45087e-09 4.80709e-10
0.682274  419.668 5.85434e-05 0 1 2.45675e-09 4.81943e-10
0.688963  419.669 5.85434e-05 0 1 2.46265e-09 4.83183e-10
0.695652  419.669 5.85434e-05 0 1 2.46858e-09 4.84429e-10
0.702341  419.669 5.85433e-05 0 1 2.47455e-09 4.85682e-10
0.70903  419.669 5.85433e-05 0 1 2.48054e-09 4.86941e-10
0.715719  419.669 5.85433e-05 0 1 2.48656e-09 4.88205e-10
0.722408  419.669 5.85433e-05 0 1 2.4926e-09 4.89475e-10
0.729097  419.669 5.85433e-05 0 1 2.49867e-09 4.90751e-10
0.735786  419.669 5.85433e-05 0 1 2.50477e-09 4.92032e-10
0.742475  419.67 5.85432e-05 0 1 2.51089e-09 4.93318e-10
0.749164  419.67 5.85432e-05 0 1 2.51704e-09 4.94609e-10
0.755853  419.67 5.85432e-05 0 1 2.5232e-09 4.95905e-10
0.762542  419.67 5.85432e-05 0 1 2.52939e-09 4.97206e-10
0.769231  419.67 5.85432e-05 0 1 2.53561e-09 4.98511e-10
0.77592  419.67 5.85431e-05 0 1 2.54184e-09 4.99821e-10
0.782609  419.67 5.85431e-05 0 1 2.54809e-09 5.01134e-10
0.789298  419.671 5.85431e-05 0 1 2.55436e-09 5.02452e-10
0.795987  419.671 5.85431e-05 0 1 2.56065e-09 5.03774e-10
0.802676  419.671 5.85431e-05 0 1 2.56696e-09 5.05099e-10
0.809365  419.671 5.8543e-05 0 1 2.57328e-09 5.06428e-10
0.816054  419.671 5.8543e-05 0 1 2.57962e-09 5.0776e-10
0.822742  419.671 5.8543e-05 0 1 2.58597e-09 5.09095e-10
0.829431  419.671 5.8543e-05 0 1 2.59234e-09 5.10433e-10
0.83612  419.671 5.8543e-05 0 1 2.59872e-09 5.11774e-10
0.842809  419.672 5.85429e-05 0 1 2.60512e-09 5.13118e-10
0.849498  419.672 5.85429e-05 0 1 2.61152e-09 5.14464e-10
0.856187  419.672 5.85429e-05 0 1 2.61794e-09 5.15812e-10
0.862876  419.672 5.85429e-05 0 1 2.62436e-09 5.17163e-10
0.869565  419.672 5.85429e-05 0 1 2.6308e-09 5.18515e-10
0.876254  419.672 5.85429e-05 0 1 2.63724e-09 5.1987e-10
0.882943  419.672 5.85428e-05 0 1 2.64369e-09 5.21225e-10
0.889632  419.673 5.85428e-05 0 1 2.65014e-09 5.22582e-10
0.896321  419.673 5.85428e-05 0 1 2.65661e-09 5.23941e-10
0.90301  419.673 5.85428e-05 0 1 2.66307e-09 5.253e-10
0.909699  419.673 5.85427e-05 0 1 2.66954e-09 5.26661e-10
0.916388  419.673 5.85428e-05 0 0.999999 2.67601e-09 5.28021e-10
0.923077  419.673 5.85428e-05 0 0.999998 2.68248e-09 5.2938e-10
0.929766  419.673 5.85422e-05 0 1.00001 2.68898e-09 5.30747e-10
0.936455  419.674 5.85404e-05 0 1.00004 2.69573e-09 5.32164e-10
0.943144  419.674 5.85614e-05 0 0.99968 2.70189e-09 5.33466e-10
0.949833  419.674 5.84493e-05 0 1.0016 2.71291e-09 5.35723e-10
0.956522  419.674 5.85535e-05 0 0.999815 2.71448e-09 5.36113e-10
0.963211  419.674 5.86114e-05 0 0.998827 2.71763e-09 5.36817e-10
0.9699  419.674 5.85369e-05 0 1.0001 2.7273e-09 5.3881e-10
0.976589  419.674 5.8544e-05 0 0.999976 2.7342e-09 5.40257e-10
0.983278  419.675 5.85408e-05 0 1.00003 2.74082e-09 5.41648e-10
0.989967  419.675 5.85439e-05 0 0.999977 2.7471e-09 5.4297e-10
0.996656  419.675 5.8543e-05 0 0.999991 2.75358e-09 5.44332e-10
1.00334  419.675 5.85424e-05 0 1 2.76004e-09 5.45691e-10
1.01003  419.675 5.85425e-05 0 1 2.76646e-09 5.47041e-10
1.01672  419.675 5.85424e-05 0 1 2.77287e-09 5.4839e-10
1.02341  419.675 5.85424e-05 0 1 2.77927e-09 5.49736e-10
1.0301  419.675 5.85424e-05 0 1 2.78566e-09 5.5108e-10
1.03679  419.676 5.85424e-05 0 1 2.79203e-09 5.52421e-10
1.04348  419.676 5.85424e-05 0 1 2.7984e-09 5.5376e-10
1.05017  419.676 5.85424e-05 0 1 2.80474e-09 5.55095e-10
1.05686  419.676 5.85423e-05 0 1 2.81107e-09 5.56428e-10
1.06355  419.676 5.85423e-05 0 1 2.81739e-09 5.57756e-10
1.07023  419.676 5.85423e-05 0 1 2.82368e-09 5.59081e-10
1.07692  419.676 5.85423e-05 0 1 2.82996e-09 5.60403e-10
1.08361  419.677 5.85423e-05 0 1 2.83622e-09 5.6172e-10
1.0903  419.677 5.85422e-05 0 1 2.84246e-09 5.63033e-10
1.09699  419.677 5.85422e-05 0 1 2.84868e-09 5.64342e-10
1.10368  419.677 5.85422e-05 0 1 2.85487e-09 5.65646e-10
1.11037  419.677 5.85422e-05 0 1 2.86105e-09 5.66946e-10
1.11706  419.677 5.85422e-05 0 1 2.86719e-09 5.6824e-10
1.12375  419.677 5.85422e-05 0 1 2.87332e-09 5.6953e-10
1.13043  419.677 5.85421e-05 0 1 2.87942e-09 5.70814e-10
1.13712  419.678 5.85421e-05 0 1 2.88549e-09 5.72093e-10
1.14381  419.678 5.85421e-05 0 1 2.89153e-09 5.73366e-10
1.1505  419.678 5.85421e-05 0 1 2.89755e-09 5.74633e-10
1.15719  419.678 5.85421e-05 0 1 2.90353e-09 5.75894e-10
1.16388  419.678 5.8542e-05 0 1 2.90949e-09 5.77148e-10
1.17057  419.678 5.8542e-05 0 1 2.91542e-09 5.78397e-10
1.17726  419.678 5.8542e-05 0 1 2.92131e-09 5.79638e-10
1.18395  419.678 5.8542e-05 0 1 2.92717e-09 5.80873e-10
1.19064  419.679 5.8542e-05 0 1 2.93299e-09 5.82101e-10
1.19732  419.679 5.8542e-05 0 1 2.93879e-09 5.83322e-10
1.20401  419.679 5.85419e-05 0 1 2.94454e-09 5.84535e-10
1.2107  419.679 5.85419e-05 0 1 2.95026e-09 5.85741e-10
1.21739  419.679 5.85419e-05 0 1 2.95594e-09 5.86939e-10
1.22408  419.679 5.85419e-05 0 1 2.96159e-09 5.88129e-10
1.23077  419.679 5.85419e-05 0 1 2.96719e-09 5.89311e-10
1.23746  419.679 5.85419e-05 0 1 2.97276e-09 5.90484e-10
1.24415  419.68 5.85418e-05 0 1 2.97828e-09 5.91649e-10
1.25084  419.68 5.85418e-05 0 1 2.98376e-09 5.92806e-10
1.25753  419.68 5.85418e-05 0 1 2.9892e-09 5.93953e-10
1.26421  419.68 5.85418e-05 0 1 2.99459e-09 5.95091e-10
1.2709  419.68 5.85418e-05 0 1 2.99995e-09 5.96221e-10
1.27759  419.68 5.85418e-05 0 1 3.00525e-09 5.9734e-10
1.28428  419.68 5.85417e-05 0 1 3.01051e-09 5.98451e-10
1.29097  419.68 5.85417e-05 0 1 3.01572e-09 5.99551e-10
1.29766  419.68 5.85417e-05 0 1 3.02088e-09 6.00641e-10
1.30435  419.681 5.85417e-05 0 1 3.026e-09 6.01722e-10
1.31104  419.681 5.85417e-05 0 1 3.03106e-09 6.02792e-10
1.31773  419.681 5.85417e-05 0 1 3.03608e-09 6.03851e-10
1.32441  419.681 5.85417e-05 0 1 3.04104e-09 6.049e-10
1.3311  419.681 5.85416e-05 0 1 3.04595e-09 6.05938e-10
1.33779  419.681 5.85416e-05 0 1 3.05081e-09 6.06964e-10
1.34448  419.681 5.85416e-05 0 1 3.05561e-09 6.0798e-10
1.35117  419.681 5.85416e-05 0 1 3.06036e-09 6.08984e-10
1.35786  419.681 5.85416e-05 0 1 3.06505e-09 6.09977e-10
1.36455  419.682 5.85416e-05 0 1 3.06969e-09 6.10958e-10
1.37124  419.682 5.85416e-05 0 1 3.07427e-09 6.11927e-10
1.37793  419.682 5.85415e-05 0 1 3.07879e-09 6.12884e-10
1.38462  419.682 5.85415e-05 0 1 3.08326e-09 6.1383e-10
1.3913  419.682 5.85415e-05 0 1 3.08768e-09 6.14764e-10
1.39799  419.682 5.85415e-05 0 1 3.09204e-09 6.15687e-10
1.40468  419.682 5.85415e-05 0 1 3.09635e-09 6.16599e-10
1.41137  419.682 5.85414e-05 0 1 3.1006e-09 6.175e-10
1.41806  419.682 5.85415e-05 0 1 3.1048e-09 6.18388e-10
1.42475  419.682 5.85415e-05 0 0.999999 3.10895e-09 6.19266e-10
1.43144  419.683 5.85414e-05 0 1 3.11304e-09 6.20133e-10
1.43813  419.683 5.85414e-05 0 1 3.11708e-09 6.20988e-10
1.44482  419.683 5.85414e-05 0 1 3.12107e-09 6.21833e-10
1.45151  419.683 5.85414e-05 0 1 3.12501e-09 6.22666e-10
1.45819  419.683 5.85414e-05 0 1 3.12889e-09 6.23489e-10
1.46488  419.683 5.85414e-05 0 1 3.13273e-09 6.243e-10
1.47157  419.683 5.85414e-05 0 1 3.13651e-09 6.25101e-10
1.47826  419.683 5.85413e-05 0 1 3.14024e-09 6.25891e-10
1.48495  419.683 5.85413e-05 0 1 3.14392e-09 6.26669e-10
1.49164  419.683 5.85413e-05 0 1 3.14754e-09 6.27437e-10
1.49833  419.683 5.85413e-05 0 1 3.15112e-09 6.28194e-10
1.50502  419.683 5.85413e-05 0 0.999999 3.15464e-09 6.28941e-10
1.51171  419.684 5.85414e-05 0 0.999999 3.15811e-09 6.29676e-10
1.51839  419.684 5.85411e-05 0 1 3.16155e-09 6.30403e-10
1.52508  419.684 5.85414e-05 0 0.999997 3.16491e-09 6.31115e-10
1.53177  419.684 5.85409e-05 0 1.00001 3.16824e-09 6.31821e-10
1.53846  419.684 5.85417e-05 0 0.999992 3.17149e-09 6.3251e-10
1.54515  419.684 5.85405e-05 0 1.00001 3.17473e-09 6.33196e-10
1.55184  419.684 5.85421e-05 0 0.999985 3.17789e-09 6.33865e-10
1.55853  419.684 5.85402e-05 0 1.00002 3.181e-09 6.34524e-10
1.56522  419.684 5.85423e-05 0 0.999982 3.18412e-09 6.35183e-10
1.57191  419.684 5.85402e-05 0 1.00002 3.18705e-09 6.35805e-10
1.5786  419.684 5.85421e-05 0 0.999984 3.19015e-09 6.36462e-10
1.58528  419.684 5.85403e-05 0 1.00001 3.19289e-09 6.37044e-10
1.59197  419.684 5.8542e-05 0 0.999986 3.19597e-09 6.37694e-10
1.59866  419.685 5.85402e-05 0 1.00002 3.19857e-09 6.38248e-10
1.60535  419.685 5.85422e-05 0 0.999982 3.20154e-09 6.38874e-10
1.61204  419.685 5.85401e-05 0 1.00002 3.2041e-09 6.39417e-10
1.61873  419.685 5.8542e-05 0 0.999985 3.2069e-09 6.40009e-10
1.62542  419.685 5.85404e-05 0 1.00001 3.20942e-09 6.40545e-10
1.63211  419.685 5.85416e-05 0 0.999992 3.21206e-09 6.41103e-10
1.6388  419.685 5.85408e-05 0 1 3.21454e-09 6.41629e-10
1.64548  419.685 5.85412e-05 0 0.999998 3.21703e-09 6.42157e-10
1.65217  419.685 5.8541e-05 0 1 3.21944e-09 6.42668e-10
1.65886  419.685 5.85411e-05 0 0.999999 3.22182e-09 6.43172e-10
1.66555  419.685 5.85411e-05 0 1 3.22414e-09 6.43664e-10
1.67224  419.685 5.85411e-05 0 1 3.22642e-09 6.44146e-10
1.67893  419.685 5.85411e-05 0 1 3.22864e-09 6.44617e-10
1.68562  419.685 5.8541e-05 0 1 3.23082e-09 6.45078e-10
1.69231  419.685 5.8541e-05 0 1 3.23294e-09 6.45529e-10
1.699  419.685 5.8541e-05 0 1 3.23502e-09 6.45969e-10
1.70569  419.685 5.8541e-05 0 1 3.23705e-09 6.46399e-10
1.71237  419.685 5.8541e-05 0 1 3.23903e-09 6.46818e-10
1.71906  419.685 5.8541e-05 0 1 3.24096e-09 6.47227e-10
1.72575  419.686 5.8541e-05 0 1 3.24284e-09 6.47626e-10
1.73244  419.686 5.8541e-05 0 1 3.24467e-09 6.48015e-10
1.73913  419.686 5.8541e-05 0 1 3.24646e-09 6.48393e-10
1.74582  419.686 5.8541e-05 0 1 3.24819e-09 6.48761e-10
1.75251  419.686 5.8541e-05 0 1 3.24988e-09 6.49118e-10
1.7592  419.686 5.8541e-05 0 1 3.25152e-09 6.49466e-10
1.76589  419.686 5.8541e-05 0 1 3.25311e-09 6.49803e-10
1.77258  419.686 5.8541e-05 0 1 3.25465e-09 6.5013e-10
1.77926  419.686 5.8541e-05 0 1 3.25615e-09 6.50447e-10
1.78595  419.686 5.8541e-05 0 1 3.2576e-09 6.50753e-10
1.79264  419.686 5.8541e-05 0 1 3.25899e-09 6.5105e-10
1.79933  419.686 5.85409e-05 0 1 3.26035e-09 6.51336e-10
1.80602  419.686 5.85409e-05 0 1 3.26165e-09 6.51612e-10
1.81271  419.686 5.85409e-05 0 1 3.26291e-09 6.51879e-10
1.8194  419.686 5.85409e-05 0 1 3.26411e-09 6.52135e-10
1.82609  419.686 5.85409e-05 0 1 3.26528e-09 6.52381e-10
1.83278  419.686 5.85409e-05 0 1 3.26639e-09 6.52617e-10
1.83946  419.686 5.85409e-05 0 1 3.26746e-09 6.52844e-10
1.84615  419.686 5.85409e-05 0 1 3.26848e-09 6.5306e-10
1.85284  419.686 5.85409e-05 0 1 3.26945e-09 6.53266e-10
1.85953  419.686 5.85409e-05 0 1 3.27038e-09 6.53463e-10
1.86622  419.686 5.85409e-05 0 1 3.27126e-09 6.5365e-10
1.87291  419.686 5.85409e-05 0 1 3.2721e-09 6.53828e-10
1.8796  419.686 5.85409e-05 0 1 3.27289e-09 6.53995e-10
1.88629  419.686 5.85409e-05 0 1 3.27363e-09 6.54152e-10
1.89298  419.686 5.8541e-05 0 0.999999 3.27433e-09 6.54299e-10
1.89967  419.686 5.85409e-05 0 1 3.27498e-09 6.54439e-10
1.90635  419.686 5.85409e-05 0 1 3.27559e-09 6.54568e-10
1.91304  419.686 5.85409e-05 0 1 3.27616e-09 6.54687e-10
1.91973  419.686 5.85409e-05 0 1 3.27667e-09 6.54797e-10
1.92642  419.686 5.85409e-05 0 1 3.27715e-09 6.54897e-10
1.93311  419.686 5.85409e-05 0 1 3.27758e-09 6.54988e-10
1.9398  419.686 5.85409e-05 0 1 3.27796e-09 6.5507e-10
1.94649  419.686 5.85409e-05 0 1 3.2783e-09 6.55142e-10
1.95318  419.686 5.85409e-05 0 1 3.2786e-09 6.55205e-10
1.95987  419.686 5.85409e-05 0 1 3.27886e-09 6.55259e-10
1.96656  419.686 5.85409e-05 0 1 3.27907e-09 6.55304e-10
1.97324  419.686 5.85409e-05 0 1 3.27924e-09 6.5534e-10
1.97993  419.686 5.85409e-05 0 1 3.27936e-09 6.55367e-10
1.98662  419.686 5.85409e-05 0 1 3.27945e-09 6.55385e-10
1.99331  419.686 5.85409e-05 0 1 3.27949e-09 6.55393e-10
2  419.686 5.85409e-05 0 1 3.27949e-09 6.55393e-10
