TITLE="Graphics"
VARIABLES= "x", "T", "rho", "u",, "Y_H2", "Y_O2", "Y_N2"
0  400 6.1422e-05 0 1 0 0
0.00668896  419.165 5.86137e-05 0 1 4.74661e-09 8.63151e-10
0.0133779  419.165 5.86136e-05 0 1 4.74577e-09 8.62996e-10
0.0200669  419.166 5.86136e-05 0 1 4.74425e-09 8.62716e-10
0.0267559  419.166 5.86136e-05 0 1 4.74209e-09 8.62317e-10
0.0334448  419.166 5.86136e-05 0 1 4.73928e-09 8.618e-10
0.0401338  419.166 5.86135e-05 0 1 4.73585e-09 8.61166e-10
0.0468227  419.167 5.86135e-05 0 1 4.73177e-09 8.60415e-10
0.0535117  419.167 5.86134e-05 0 1 4.72707e-09 8.59548e-10
0.0602007  419.167 5.86134e-05 0 1 4.72174e-09 8.58564e-10
0.0668896  419.168 5.86133e-05 0 1 4.71578e-09 8.57465e-10
0.0735786  419.168 5.86132e-05 0 1 4.70919e-09 8.56251e-10
0.0802676  419.169 5.86132e-05 0 1 4.70199e-09 8.54922e-10
0.0869565  419.17 5.86131e-05 0 1 4.69416e-09 8.53478e-10
0.0936455  419.17 5.8613e-05 0 1 4.68571e-09 8.5192e-10
0.100334  419.171 5.86129e-05 0 1 4.67664e-09 8.50248e-10
0.107023  419.172 5.86128e-05 0 1 4.66696e-09 8.48462e-10
0.113712  419.172 5.86127e-05 0 1 4.65667e-09 8.46564e-10
0.120401  419.173 5.86125e-05 0 1 4.64576e-09 8.44553e-10
0.12709  419.174 5.86124e-05 0 1 4.63425e-09 8.4243e-10
0.133779  419.175 5.86123e-05 0 1 4.62213e-09 8.40196e-10
0.140468  419.176 5.86121e-05 0 1 4.60941e-09 8.37851e-10
0.147157  419.177 5.8612e-05 0 1 4.59609e-09 8.35395e-10
0.153846  419.178 5.86118e-05 0 1 4.58218e-09 8.3283e-10
0.160535  419.18 5.86117e-05 0 1 4.56767e-09 8.30155e-10
0.167224  419.181 5.86115e-05 0 1 4.55258e-09 8.27372e-10
0.173913  419.182 5.86113e-05 0 1 4.5369e-09 8.24482e-10
0.180602  419.183 5.86111e-05 0 1 4.52064e-09 8.21484e-10
0.187291  419.185 5.8611e-05 0 1 4.5038e-09 8.18379e-10
0.19398  419.186 5.86108e-05 0 1 4.48639e-09 8.15169e-10
0.200669  419.187 5.86106e-05 0 1 4.4684e-09 8.11854e-10
0.207358  419.189 5.86104e-05 0 1 4.44986e-09 8.08435e-10
0.214047  419.19 5.86102e-05 0 1 4.43075e-09 8.04913e-10
0.220736  419.192 5.86099e-05 0 1 4.41108e-09 8.01289e-10
0.227425  419.194 5.86097e-05 0 1 4.39087e-09 7.97563e-10
0.234114  419.195 5.86095e-05 0 1 4.3701e-09 7.93736e-10
0.240803  419.197 5.86092e-05 0 1 4.3488e-09 7.89809e-10
0.247492  419.199 5.8609e-05 0 1 4.32696e-09 7.85784e-10
0.254181  419.2 5.86088e-05 0 1 4.30458e-09 7.81661e-10
0.26087  419.202 5.86085e-05 0 1 4.28168e-09 7.77441e-10
0.267559  419.204 5.86082e-05 0 1 4.25826e-09 7.73126e-10
0.274247  419.206 5.8608e-05 0 1 4.23433e-09 7.68715e-10
0.280936  419.208 5.86077e-05 0 1 4.20988e-09 7.64211e-10
0.287625  419.21 5.86074e-05 0 1 4.18493e-09 7.59614e-10
0.294314  419.212 5.86071e-05 0 1 4.15949e-09 7.54926e-10
0.301003  419.214 5.86069e-05 0 1 4.13356e-09 7.50147e-10
0.307692  419.216 5.86066e-05 0 1 4.10714e-09 7.4528e-10
0.314381  419.218 5.86063e-05 0 1 4.08024e-09 7.40326e-10
0.32107  419.22 5.8606e-05 0 1 4.05287e-09 7.35285e-10
0.327759  419.223 5.86056e-05 0 1 4.02503e-09 7.30157e-10
0.334448  419.225 5.86053e-05 0 1 3.99674e-09 7.24946e-10
0.341137  419.227 5.8605e-05 0 1 3.96798e-09 7.19651e-10
0.347826  419.229 5.86047e-05 0 1 3.93878e-09 7.14274e-10
0.354515  419.232 5.86044e-05 0 1 3.90914e-09 7.08816e-10
0.361204  419.234 5.8604e-05 0 1 3.87907e-09 7.03279e-10
0.367893  419.237 5.86037e-05 0 1 3.84857e-09 6.97663e-10
0.374582  419.239 5.86033e-05 0 1 3.81764e-09 6.91971e-10
0.381271  419.242 5.8603e-05 0 1 3.78631e-09 6.86203e-10
0.38796  419.244 5.86026e-05 0 1 3.75457e-09 6.80361e-10
0.394649  419.247 5.86023e-05 0 1 3.72244e-09 6.74447e-10
0.401338  419.249 5.86019e-05 0 1 3.68991e-09 6.6846e-10
0.408027  419.252 5.86016e-05 0 1 3.657e-09 6.62404e-10
0.414716  419.255 5.86012e-05 0 1 3.62372e-09 6.5628e-10
0.421405  419.257 5.86008e-05 0 1 3.59007e-09 6.50088e-10
0.428094  419.26 5.86004e-05 0 1 3.55606e-09 6.4383e-10
0.434783  419.263 5.86001e-05 0 1 3.5217e-09 6.37509e-10
0.441472  419.265 5.85997e-05 0 1 3.48699e-09 6.31124e-10
0.448161  419.268 5.85993e-05 0 1 3.45195e-09 6.24679e-10
0.454849  419.271 5.85989e-05 0 1 3.41658e-09 6.18174e-10
0.461538  419.274 5.85985e-05 0 1 3.38089e-09 6.1161e-10
0.468227  419.277 5.85981e-05 0 1 3.34489e-09 6.0499e-10
0.474916  419.28 5.85977e-05 0 1 3.30859e-09 5.98315e-10
0.481605  419.283 5.85973e-05 0 1 3.27199e-09 5.91586e-10
0.488294  419.286 5.85969e-05 0 1 3.23511e-09 5.84805e-10
0.494983  419.289 5.85964e-05 0 1 3.19794e-09 5.77974e-10
0.501672  419.292 5.8596e-05 0 1 3.16051e-09 5.71094e-10
0.508361  419.295 5.85956e-05 0 1 3.12282e-09 5.64166e-10
0.51505  419.298 5.85952e-05 0 1 3.08488e-09 5.57193e-10
0.521739  419.301 5.85947e-05 0 1 3.04669e-09 5.50176e-10
0.528428  419.304 5.85943e-05 0 1 3.00827e-09 5.43117e-10
0.535117  419.307 5.85939e-05 0 1 2.96962e-09 5.36016e-10
0.541806  419.31 5.85934e-05 0 1 2.93075e-09 5.28877e-10
0.548495  419.313 5.8593e-05 0 1 2.89167e-09 5.217e-10
0.555184  419.316 5.85926e-05 0 1 2.8524e-09 5.14487e-10
0.561873  419.319 5.85921e-05 0 1 2.81293e-09 5.07239e-10
0.568562  419.323 5.85917e-05 0 1 2.77329e-09 4.9996e-10
0.575251  419.326 5.85912e-05 0 1 2.73348e-09 4.92651e-10
0.58194  419.329 5.85908e-05 0 1 2.69353e-09 4.85317e-10
0.588629  419.332 5.85903e-05 0 1 2.65345e-09 4.7796e-10
0.595318  419.335 5.85899e-05 0 1 2.61327e-09 4.70586e-10
0.602007  419.339 5.85894e-05 0 1 2.573e-09 4.63196e-10
0.608696  419.342 5.8589e-05 0 1 2.53267e-09 4.55795e-10
0.615385  419.345 5.85885e-05 0 1 2.49229e-09 4.48387e-10
0.622074  419.349 5.8588e-05 0 1 2.45188e-09 4.40973e-10
0.628763  419.352 5.85876e-05 0 1 2.41146e-09 4.33559e-10
0.635452  419.355 5.85871e-05 0 1 2.37104e-09 4.26146e-10
0.64214  419.359 5.85866e-05 0 1 2.33064e-09 4.18739e-10
0.648829  419.362 5.85862e-05 0 1 2.29029e-09 4.11339e-10
0.655518  419.365 5.85857e-05 0 1 2.24999e-09 4.03952e-10
0.662207  419.369 5.85852e-05 0 1 2.20976e-09 3.96578e-10
0.668896  419.372 5.85848e-05 0 1 2.16962e-09 3.89222e-10
0.675585  419.375 5.85843e-05 0 1 2.12958e-09 3.81886e-10
0.682274  419.379 5.85838e-05 0 1 2.08967e-09 3.74574e-10
0.688963  419.382 5.85834e-05 0 1 2.04988e-09 3.67287e-10
0.695652  419.386 5.85829e-05 0 1 2.01025e-09 3.60028e-10
0.702341  419.389 5.85824e-05 0 1 1.97077e-09 3.52801e-10
0.70903  419.392 5.85819e-05 0 1 1.93148e-09 3.45607e-10
0.715719  419.396 5.85814e-05 0 1 1.89237e-09 3.3845e-10
0.722408  419.399 5.8581e-05 0 1 1.85347e-09 3.31331e-10
0.729097  419.403 5.85805e-05 0 1 1.81478e-09 3.24254e-10
0.735786  419.406 5.858e-05 0 1 1.77633e-09 3.1722e-10
0.742475  419.409 5.85795e-05 0 1 1.73812e-09 3.10231e-10
0.749164  419.413 5.85791e-05 0 1 1.70016e-09 3.03291e-10
0.755853  419.416 5.85786e-05 0 1 1.66246e-09 2.96401e-10
0.762542  419.42 5.85781e-05 0 1 1.62505e-09 2.89563e-10
0.769231  419.423 5.85776e-05 0 1 1.58792e-09 2.8278e-10
0.77592  419.427 5.85771e-05 0 1 1.55109e-09 2.76053e-10
0.782609  419.43 5.85767e-05 0 1 1.51457e-09 2.69384e-10
0.789298  419.433 5.85762e-05 0 1 1.47837e-09 2.62775e-10
0.795987  419.437 5.85757e-05 0 1 1.4425e-09 2.56228e-10
0.802676  419.44 5.85752e-05 0 1 1.40697e-09 2.49745e-10
0.809365  419.444 5.85748e-05 0 1 1.37178e-09 2.43327e-10
0.816054  419.447 5.85743e-05 0 1 1.33695e-09 2.36975e-10
0.822742  419.451 5.85738e-05 0 1 1.30248e-09 2.30691e-10
0.829431  419.454 5.85733e-05 0 1 1.26839e-09 2.24477e-10
0.83612  419.457 5.85729e-05 0 1 1.23468e-09 2.18335e-10
0.842809  419.461 5.85724e-05 0 1 1.20136e-09 2.12265e-10
0.849498  419.464 5.85719e-05 0 1 1.16843e-09 2.0627e-10
0.856187  419.467 5.85714e-05 0 1 1.13591e-09 2.0035e-10
0.862876  419.471 5.8571e-05 0 1 1.10379e-09 1.94507e-10
0.869565  419.474 5.85705e-05 0 1 1.0721e-09 1.88741e-10
0.876254  419.478 5.857e-05 0 1 1.04082e-09 1.83055e-10
0.882943  419.481 5.85696e-05 0 1 1.00998e-09 1.77448e-10
0.889632  419.484 5.85691e-05 0 1 9.79564e-10 1.71922e-10
0.896321  419.488 5.85686e-05 0 1 9.49589e-10 1.66478e-10
0.90301  419.491 5.85682e-05 0 1 9.20058e-10 1.61117e-10
0.909699  419.494 5.85677e-05 0 1 8.90975e-10 1.55838e-10
0.916388  419.498 5.85673e-05 0 1 8.62343e-10 1.50645e-10
0.923077  419.501 5.85669e-05 0 0.999999 8.34167e-10 1.45536e-10
0.929766  419.504 5.85664e-05 0 0.999999 8.06451e-10 1.40512e-10
0.936455  419.507 5.85643e-05 0 1.00003 7.79211e-10 1.35578e-10
0.943144  419.511 5.85762e-05 0 0.999815 7.52449e-10 1.30732e-10
0.949833  419.514 5.84603e-05 0 1.00179 7.27509e-10 1.26207e-10
0.956522  419.517 5.85701e-05 0 0.999905 7.00223e-10 1.21282e-10
0.963211  419.52 5.86577e-05 0 0.998404 6.73481e-10 1.16457e-10
0.9699  419.524 5.85576e-05 0 1.0001 6.49971e-10 1.12197e-10
0.976589  419.527 5.85629e-05 0 1.00001 6.25529e-10 1.07784e-10
0.983278  419.53 5.8562e-05 0 1.00001 6.0161e-10 1.03467e-10
0.989967  419.533 5.85629e-05 0 0.99999 5.78149e-10 9.92344e-11
0.996656  419.536 5.8562e-05 0 0.999996 5.55169e-10 9.50913e-11
1.00334  419.539 5.85613e-05 0 1 5.32671e-10 9.10377e-11
1.01003  419.543 5.8561e-05 0 1 5.10655e-10 8.70737e-11
1.01672  419.546 5.85605e-05 0 1 4.89122e-10 8.31991e-11
1.02341  419.549 5.85601e-05 0 1 4.68072e-10 7.94141e-11
1.0301  419.552 5.85597e-05 0 1 4.47504e-10 7.57185e-11
1.03679  419.555 5.85592e-05 0 1 4.27418e-10 7.21122e-11
1.04348  419.558 5.85588e-05 0 1 4.07814e-10 6.85951e-11
1.05017  419.561 5.85584e-05 0 1 3.8869e-10 6.51669e-11
1.05686  419.564 5.8558e-05 0 1 3.70045e-10 6.18275e-11
1.06355  419.567 5.85576e-05 0 1 3.51878e-10 5.85765e-11
1.07023  419.57 5.85571e-05 0 1 3.34188e-10 5.54137e-11
1.07692  419.573 5.85567e-05 0 1 3.16972e-10 5.23386e-11
1.08361  419.576 5.85563e-05 0 1 3.00229e-10 4.93508e-11
1.0903  419.579 5.85559e-05 0 1 2.83956e-10 4.645e-11
1.09699  419.582 5.85555e-05 0 1 2.68151e-10 4.36357e-11
1.10368  419.585 5.85551e-05 0 1 2.52811e-10 4.09073e-11
1.11037  419.587 5.85547e-05 0 1 2.37933e-10 3.82642e-11
1.11706  419.59 5.85543e-05 0 1 2.23516e-10 3.5706e-11
1.12375  419.593 5.85539e-05 0 1 2.09554e-10 3.32319e-11
1.13043  419.596 5.85535e-05 0 1 1.96045e-10 3.08414e-11
1.13712  419.599 5.85531e-05 0 1 1.82986e-10 2.85337e-11
1.14381  419.602 5.85527e-05 0 1 1.70372e-10 2.63081e-11
1.1505  419.604 5.85523e-05 0 1 1.582e-10 2.41639e-11
1.15719  419.607 5.8552e-05 0 1 1.46466e-10 2.21003e-11
1.16388  419.61 5.85516e-05 0 1 1.35165e-10 2.01164e-11
1.17057  419.612 5.85512e-05 0 1 1.24293e-10 1.82115e-11
1.17726  419.615 5.85508e-05 0 1 1.13845e-10 1.63846e-11
1.18395  419.618 5.85505e-05 0 1 1.03817e-10 1.46349e-11
1.19064  419.62 5.85501e-05 0 1 9.42039e-11 1.29613e-11
1.19732  419.623 5.85497e-05 0 1 8.50005e-11 1.13631e-11
1.20401  419.626 5.85494e-05 0 1 7.62017e-11 9.83903e-12
1.2107  419.628 5.8549e-05 0 1 6.78021e-11 8.38827e-12
1.21739  419.631 5.85487e-05 0 1 5.97964e-11 7.00973e-12
1.22408  419.633 5.85483e-05 0 1 5.21789e-11 5.70234e-12
1.23077  419.636 5.8548e-05 0 1 4.4944e-11 4.46504e-12
1.23746  419.638 5.85476e-05 0 1 3.80858e-11 3.29671e-12
1.24415  419.641 5.85473e-05 0 1 3.15984e-11 2.19622e-12
1.25084  419.643 5.85469e-05 0 1 2.54757e-11 1.16243e-12
1.25753  419.645 5.85466e-05 0 1 1.97116e-11 1.94166e-13
1.26421  419.648 5.85463e-05 0 1 1.42998e-11 0
1.2709  419.65 5.85459e-05 0 1 9.23384e-12 0
1.27759  419.653 5.85456e-05 0 1 4.50732e-12 0
1.28428  419.655 5.85453e-05 0 1 1.13643e-13 0
1.29097  419.657 5.8545e-05 0 1 0 0
1.29766  419.659 5.85446e-05 0 1 0 0
1.30435  419.662 5.85443e-05 0 1 0 0
1.31104  419.664 5.8544e-05 0 1 0 0
1.31773  419.666 5.85437e-05 0 1 0 0
1.32441  419.668 5.85434e-05 0 1 0 0
1.3311  419.67 5.85431e-05 0 1 0 0
1.33779  419.673 5.85428e-05 0 1 0 0
1.34448  419.675 5.85425e-05 0 1 0 0
1.35117  419.677 5.85422e-05 0 1 0 0
1.35786  419.679 5.85419e-05 0 1 2.71261e-11 0
1.36455  419.681 5.85416e-05 0 1 8.21493e-11 9.72839e-12
1.37124  419.683 5.85414e-05 0 1 1.36619e-10 2.07444e-11
1.37793  419.685 5.85411e-05 0 1 1.90534e-10 3.16493e-11
1.38462  419.687 5.85408e-05 0 1 2.43889e-10 4.24425e-11
1.3913  419.689 5.85405e-05 0 1 2.96683e-10 5.31234e-11
1.39799  419.691 5.85403e-05 0 1 3.48913e-10 6.36914e-11
1.40468  419.693 5.854e-05 0 1 4.00576e-10 7.41459e-11
1.41137  419.695 5.85397e-05 0 1 4.51671e-10 8.44864e-11
1.41806  419.696 5.85395e-05 0 1 5.02193e-10 9.47123e-11
1.42475  419.698 5.85393e-05 0 0.999999 5.52141e-10 1.04823e-10
1.43144  419.7 5.8539e-05 0 1 6.01513e-10 1.14818e-10
1.43813  419.702 5.85387e-05 0 1 6.50306e-10 1.24697e-10
1.44482  419.704 5.85385e-05 0 1 6.98518e-10 1.3446e-10
1.45151  419.705 5.85382e-05 0 1 7.46147e-10 1.44105e-10
1.45819  419.707 5.8538e-05 0 1 7.9319e-10 1.53633e-10
1.46488  419.709 5.85378e-05 0 1 8.39647e-10 1.63043e-10
1.47157  419.71 5.85375e-05 0 1 8.85514e-10 1.72335e-10
1.47826  419.712 5.85373e-05 0 1 9.30791e-10 1.81507e-10
1.48495  419.714 5.85371e-05 0 1 9.75474e-10 1.90561e-10
1.49164  419.715 5.85369e-05 0 1 1.01956e-09 1.99495e-10
1.49833  419.717 5.85366e-05 0 1 1.06306e-09 2.08309e-10
1.50502  419.718 5.85364e-05 0 1 1.10595e-09 2.17003e-10
1.51171  419.72 5.85362e-05 0 1 1.14825e-09 2.25576e-10
1.51839  419.721 5.8536e-05 0 1 1.19037e-09 2.34027e-10
1.52508  419.723 5.85358e-05 0 1 1.23422e-09 2.42507e-10
1.53177  419.724 5.85356e-05 0 1 1.27754e-09 2.51286e-10
1.53846  419.726 5.85354e-05 0 1 1.3203e-09 2.59952e-10
1.54515  419.727 5.85352e-05 0 1 1.36251e-09 2.68503e-10
1.55184  419.729 5.8535e-05 0 1 1.40415e-09 2.76938e-10
1.55853  419.73 5.85348e-05 0 1 1.44521e-09 2.85256e-10
1.56522  419.731 5.85346e-05 0 1 1.4857e-09 2.93454e-10
1.57191  419.733 5.85344e-05 0 1 1.5256e-09 3.01533e-10
1.5786  419.734 5.85343e-05 0 1 1.56491e-09 3.09489e-10
1.58528  419.735 5.85341e-05 0 1 1.60362e-09 3.17323e-10
1.59197  419.736 5.85338e-05 0 1 1.64172e-09 3.25033e-10
1.59866  419.738 5.85338e-05 0 0.999998 1.6792e-09 3.32616e-10
1.60535  419.739 5.85336e-05 0 1 1.71606e-09 3.40074e-10
1.61204  419.74 5.85334e-05 0 1 1.7523e-09 3.47404e-10
1.61873  419.741 5.85332e-05 0 1 1.7879e-09 3.54605e-10
1.62542  419.742 5.85331e-05 0 1 1.82287e-09 3.61675e-10
1.63211  419.743 5.85329e-05 0 1 1.85719e-09 3.68615e-10
1.6388  419.745 5.85328e-05 0 1 1.89085e-09 3.75423e-10
1.64548  419.746 5.85326e-05 0 1 1.92387e-09 3.821e-10
1.65217  419.747 5.85325e-05 0 1 1.95623e-09 3.88644e-10
1.65886  419.748 5.85323e-05 0 1 1.98794e-09 3.95058e-10
1.66555  419.749 5.85322e-05 0 1 2.019e-09 4.01339e-10
1.67224  419.75 5.85321e-05 0 1 2.04941e-09 4.07489e-10
1.67893  419.751 5.85319e-05 0 1 2.07916e-09 4.13506e-10
1.68562  419.752 5.85318e-05 0 1 2.10826e-09 4.19392e-10
1.69231  419.752 5.85317e-05 0 1 2.1367e-09 4.25147e-10
1.699  419.753 5.85316e-05 0 1 2.1645e-09 4.30769e-10
1.70569  419.754 5.85314e-05 0 1 2.19164e-09 4.3626e-10
1.71237  419.755 5.85313e-05 0 1 2.21813e-09 4.41619e-10
1.71906  419.756 5.85312e-05 0 1 2.24397e-09 4.46847e-10
1.72575  419.757 5.85311e-05 0 1 2.26915e-09 4.51943e-10
1.73244  419.757 5.8531e-05 0 1 2.29369e-09 4.56908e-10
1.73913  419.758 5.85309e-05 0 1 2.31758e-09 4.61742e-10
1.74582  419.759 5.85308e-05 0 1 2.34082e-09 4.66444e-10
1.75251  419.76 5.85307e-05 0 1 2.36341e-09 4.71016e-10
1.7592  419.76 5.85306e-05 0 1 2.38536e-09 4.75457e-10
1.76589  419.761 5.85305e-05 0 1 2.40666e-09 4.79768e-10
1.77258  419.762 5.85304e-05 0 1 2.42732e-09 4.83949e-10
1.77926  419.762 5.85303e-05 0 1 2.44733e-09 4.87999e-10
1.78595  419.763 5.85302e-05 0 1 2.46671e-09 4.9192e-10
1.79264  419.764 5.85301e-05 0 1 2.48544e-09 4.95711e-10
1.79933  419.764 5.85301e-05 0 1 2.50353e-09 4.99373e-10
1.80602  419.765 5.853e-05 0 1 2.52099e-09 5.02907e-10
1.81271  419.765 5.85299e-05 0 1 2.53781e-09 5.06311e-10
1.8194  419.766 5.85298e-05 0 1 2.554e-09 5.09588e-10
1.82609  419.766 5.85298e-05 0 1 2.56955e-09 5.12737e-10
1.83278  419.767 5.85297e-05 0 1 2.58448e-09 5.15758e-10
1.83946  419.767 5.85296e-05 0 1 2.59877e-09 5.18652e-10
1.84615  419.768 5.85296e-05 0 1 2.61244e-09 5.21419e-10
1.85284  419.768 5.85295e-05 0 1 2.62549e-09 5.2406e-10
1.85953  419.768 5.85295e-05 0 1 2.63791e-09 5.26576e-10
1.86622  419.769 5.85294e-05 0 1 2.64972e-09 5.28966e-10
1.87291  419.769 5.85293e-05 0 1 2.66091e-09 5.31231e-10
1.8796  419.769 5.85293e-05 0 1 2.67148e-09 5.33371e-10
1.88629  419.77 5.85293e-05 0 1 2.68144e-09 5.35388e-10
1.89298  419.77 5.85293e-05 0 0.999999 2.69079e-09 5.3728e-10
1.89967  419.77 5.85292e-05 0 1 2.69953e-09 5.39051e-10
1.90635  419.77 5.85292e-05 0 1 2.70767e-09 5.40699e-10
1.91304  419.771 5.85291e-05 0 1 2.71521e-09 5.42225e-10
1.91973  419.771 5.85291e-05 0 1 2.72215e-09 5.4363e-10
1.92642  419.771 5.85291e-05 0 1 2.72849e-09 5.44914e-10
1.93311  419.771 5.8529e-05 0 1 2.73424e-09 5.46078e-10
1.9398  419.771 5.8529e-05 0 1 2.7394e-09 5.47123e-10
1.94649  419.772 5.8529e-05 0 1 2.74397e-09 5.48049e-10
1.95318  419.772 5.8529e-05 0 1 2.74796e-09 5.48856e-10
1.95987  419.772 5.8529e-05 0 1 2.75137e-09 5.49547e-10
1.96656  419.772 5.8529e-05 0 1 2.7542e-09 5.5012e-10
1.97324  419.772 5.85289e-05 0 1 2.75646e-09 5.50578e-10
1.97993  419.772 5.85289e-05 0 1 2.75815e-09 5.5092e-10
1.98662  419.772 5.85289e-05 0 1 2.75927e-09 5.51147e-10
1.99331  419.772 5.85289e-05 0 1 2.75983e-09 5.5126e-10
2  419.772 5.85289e-05 0 1 2.75983e-09 5.5126e-10
