TITLE="Graphics"
VARIABLES= "x", "T", "rho", "u",, "Y_H2", "Y_O2", "Y_N2"
0  400 6.1422e-05 0 1 0 0
0.00668896  419.618 5.85505e-05 0 1 6.22015e-09 1.25535e-09
0.0133779  419.618 5.85505e-05 0 1 6.21993e-09 1.25531e-09
0.0200669  419.618 5.85505e-05 0 1 6.21954e-09 1.25523e-09
0.0267559  419.618 5.85505e-05 0 1 6.21898e-09 1.25511e-09
0.0334448  419.618 5.85505e-05 0 1 6.21825e-09 1.25497e-09
0.0401338  419.618 5.85505e-05 0 1 6.21736e-09 1.25478e-09
0.0468227  419.618 5.85505e-05 0 1 6.21631e-09 1.25457e-09
0.0535117  419.618 5.85505e-05 0 1 6.21509e-09 1.25432e-09
0.0602007  419.618 5.85505e-05 0 1 6.2137e-09 1.25403e-09
0.0668896  419.618 5.85505e-05 0 1 6.21216e-09 1.25372e-09
0.0735786  419.618 5.85504e-05 0 1 6.21045e-09 1.25336e-09
0.0802676  419.618 5.85504e-05 0 1 6.20857e-09 1.25298e-09
0.0869565  419.618 5.85504e-05 0 1 6.20653e-09 1.25256e-09
0.0936455  419.618 5.85504e-05 0 1 6.20433e-09 1.25211e-09
0.100334  419.618 5.85504e-05 0 1 6.20197e-09 1.25163e-09
0.107023  419.618 5.85504e-05 0 1 6.19945e-09 1.25111e-09
0.113712  419.618 5.85504e-05 0 1 6.19676e-09 1.25056e-09
0.120401  419.618 5.85504e-05 0 1 6.19391e-09 1.24997e-09
0.12709  419.618 5.85504e-05 0 1 6.1909e-09 1.24936e-09
0.133779  419.619 5.85503e-05 0 1 6.18772e-09 1.24871e-09
0.140468  419.619 5.85503e-05 0 1 6.18438e-09 1.24802e-09
0.147157  419.619 5.85503e-05 0 1 6.18089e-09 1.2473e-09
0.153846  419.619 5.85503e-05 0 1 6.17723e-09 1.24655e-09
0.160535  419.619 5.85503e-05 0 1 6.17341e-09 1.24577e-09
0.167224  419.619 5.85503e-05 0 1 6.16942e-09 1.24495e-09
0.173913  419.619 5.85502e-05 0 1 6.16528e-09 1.24411e-09
0.180602  419.619 5.85502e-05 0 1 6.16098e-09 1.24322e-09
0.187291  419.62 5.85502e-05 0 1 6.15651e-09 1.24231e-09
0.19398  419.62 5.85502e-05 0 1 6.15189e-09 1.24136e-09
0.200669  419.62 5.85502e-05 0 1 6.14711e-09 1.24038e-09
0.207358  419.62 5.85501e-05 0 1 6.14216e-09 1.23937e-09
0.214047  419.62 5.85501e-05 0 1 6.13706e-09 1.23832e-09
0.220736  419.62 5.85501e-05 0 1 6.1318e-09 1.23724e-09
0.227425  419.621 5.85501e-05 0 1 6.12638e-09 1.23613e-09
0.234114  419.621 5.85501e-05 0 1 6.1208e-09 1.23499e-09
0.240803  419.621 5.855e-05 0 1 6.11506e-09 1.23381e-09
0.247492  419.621 5.855e-05 0 1 6.10916e-09 1.2326e-09
0.254181  419.621 5.855e-05 0 1 6.10311e-09 1.23136e-09
0.26087  419.621 5.855e-05 0 1 6.0969e-09 1.23009e-09
0.267559  419.622 5.85499e-05 0 1 6.09053e-09 1.22878e-09
0.274247  419.622 5.85499e-05 0 1 6.084e-09 1.22744e-09
0.280936  419.622 5.85499e-05 0 1 6.07732e-09 1.22607e-09
0.287625  419.622 5.85498e-05 0 1 6.07048e-09 1.22467e-09
0.294314  419.622 5.85498e-05 0 1 6.06349e-09 1.22324e-09
0.301003  419.623 5.85498e-05 0 1 6.05634e-09 1.22177e-09
0.307692  419.623 5.85497e-05 0 1 6.04904e-09 1.22028e-09
0.314381  419.623 5.85497e-05 0 1 6.04158e-09 1.21875e-09
0.32107  419.623 5.85497e-05 0 1 6.03397e-09 1.21719e-09
0.327759  419.624 5.85496e-05 0 1 6.0262e-09 1.2156e-09
0.334448  419.624 5.85496e-05 0 1 6.01828e-09 1.21397e-09
0.341137  419.624 5.85496e-05 0 1 6.01021e-09 1.21232e-09
0.347826  419.624 5.85495e-05 0 1 6.00199e-09 1.21063e-09
0.354515  419.625 5.85495e-05 0 1 5.99361e-09 1.20892e-09
0.361204  419.625 5.85495e-05 0 1 5.98508e-09 1.20717e-09
0.367893  419.625 5.85494e-05 0 1 5.9764e-09 1.20539e-09
0.374582  419.625 5.85494e-05 0 1 5.96757e-09 1.20358e-09
0.381271  419.626 5.85494e-05 0 1 5.95859e-09 1.20174e-09
0.38796  419.626 5.85493e-05 0 1 5.94945e-09 1.19987e-09
0.394649  419.626 5.85493e-05 0 1 5.94017e-09 1.19797e-09
0.401338  419.626 5.85493e-05 0 1 5.93074e-09 1.19603e-09
0.408027  419.627 5.85492e-05 0 1 5.92117e-09 1.19407e-09
0.414716  419.627 5.85492e-05 0 1 5.91144e-09 1.19208e-09
0.421405  419.627 5.85491e-05 0 1 5.90157e-09 1.19005e-09
0.428094  419.628 5.85491e-05 0 1 5.89155e-09 1.188e-09
0.434783  419.628 5.8549e-05 0 1 5.88138e-09 1.18592e-09
0.441472  419.628 5.8549e-05 0 1 5.87107e-09 1.1838e-09
0.448161  419.628 5.8549e-05 0 1 5.86061e-09 1.18166e-09
0.454849  419.629 5.85489e-05 0 1 5.85e-09 1.17949e-09
0.461538  419.629 5.85489e-05 0 1 5.83926e-09 1.17729e-09
0.468227  419.629 5.85488e-05 0 1 5.82836e-09 1.17505e-09
0.474916  419.63 5.85488e-05 0 1 5.81733e-09 1.17279e-09
0.481605  419.63 5.85487e-05 0 1 5.80615e-09 1.1705e-09
0.488294  419.63 5.85487e-05 0 1 5.79483e-09 1.16818e-09
0.494983  419.631 5.85487e-05 0 1 5.78337e-09 1.16584e-09
0.501672  419.631 5.85486e-05 0 1 5.77177e-09 1.16346e-09
0.508361  419.631 5.85486e-05 0 1 5.76003e-09 1.16105e-09
0.51505  419.632 5.85485e-05 0 1 5.74815e-09 1.15862e-09
0.521739  419.632 5.85485e-05 0 1 5.73613e-09 1.15616e-09
0.528428  419.632 5.85484e-05 0 1 5.72397e-09 1.15367e-09
0.535117  419.633 5.85484e-05 0 1 5.71167e-09 1.15115e-09
0.541806  419.633 5.85483e-05 0 1 5.69923e-09 1.1486e-09
0.548495  419.633 5.85483e-05 0 1 5.68666e-09 1.14603e-09
0.555184  419.634 5.85482e-05 0 1 5.67396e-09 1.14342e-09
0.561873  419.634 5.85482e-05 0 1 5.66111e-09 1.14079e-09
0.568562  419.635 5.85481e-05 0 1 5.64814e-09 1.13813e-09
0.575251  419.635 5.85481e-05 0 1 5.63503e-09 1.13545e-09
0.58194  419.635 5.8548e-05 0 1 5.62178e-09 1.13274e-09
0.588629  419.636 5.8548e-05 0 1 5.6084e-09 1.13e-09
0.595318  419.636 5.85479e-05 0 1 5.5949e-09 1.12723e-09
0.602007  419.636 5.85479e-05 0 1 5.58126e-09 1.12444e-09
0.608696  419.637 5.85478e-05 0 1 5.56749e-09 1.12162e-09
0.615385  419.637 5.85478e-05 0 1 5.55358e-09 1.11877e-09
0.622074  419.638 5.85477e-05 0 1 5.53955e-09 1.1159e-09
0.628763  419.638 5.85477e-05 0 1 5.5254e-09 1.113e-09
0.635452  419.638 5.85476e-05 0 1 5.51111e-09 1.11007e-09
0.64214  419.639 5.85475e-05 0 1 5.4967e-09 1.10712e-09
0.648829  419.639 5.85475e-05 0 1 5.48216e-09 1.10414e-09
0.655518  419.639 5.85474e-05 0 1 5.46749e-09 1.10114e-09
0.662207  419.64 5.85474e-05 0 1 5.4527e-09 1.09811e-09
0.668896  419.64 5.85473e-05 0 1 5.43779e-09 1.09506e-09
0.675585  419.641 5.85473e-05 0 1 5.42275e-09 1.09198e-09
0.682274  419.641 5.85472e-05 0 1 5.40759e-09 1.08888e-09
0.688963  419.641 5.85472e-05 0 1 5.39231e-09 1.08575e-09
0.695652  419.642 5.85471e-05 0 1 5.37691e-09 1.08259e-09
0.702341  419.642 5.85471e-05 0 1 5.36139e-09 1.07942e-09
0.70903  419.643 5.8547e-05 0 1 5.34575e-09 1.07622e-09
0.715719  419.643 5.85469e-05 0 1 5.32999e-09 1.07299e-09
0.722408  419.643 5.85469e-05 0 1 5.31411e-09 1.06974e-09
0.729097  419.644 5.85468e-05 0 1 5.29811e-09 1.06646e-09
0.735786  419.644 5.85468e-05 0 1 5.282e-09 1.06317e-09
0.742475  419.645 5.85467e-05 0 1 5.26578e-09 1.05985e-09
0.749164  419.645 5.85467e-05 0 1 5.24943e-09 1.0565e-09
0.755853  419.645 5.85466e-05 0 1 5.23298e-09 1.05313e-09
0.762542  419.646 5.85465e-05 0 1 5.21641e-09 1.04974e-09
0.769231  419.646 5.85465e-05 0 1 5.19973e-09 1.04633e-09
0.77592  419.647 5.85464e-05 0 1 5.18294e-09 1.04289e-09
0.782609  419.647 5.85464e-05 0 1 5.16604e-09 1.03943e-09
0.789298  419.648 5.85463e-05 0 1 5.14903e-09 1.03595e-09
0.795987  419.648 5.85463e-05 0 1 5.13191e-09 1.03245e-09
0.802676  419.648 5.85462e-05 0 1 5.11468e-09 1.02892e-09
0.809365  419.649 5.85461e-05 0 1 5.09734e-09 1.02538e-09
0.816054  419.649 5.85461e-05 0 1 5.0799e-09 1.02181e-09
0.822742  419.65 5.8546e-05 0 1 5.06235e-09 1.01822e-09
0.829431  419.65 5.8546e-05 0 1 5.0447e-09 1.01461e-09
0.83612  419.65 5.85459e-05 0 1 5.02695e-09 1.01097e-09
0.842809  419.651 5.85458e-05 0 1 5.00909e-09 1.00732e-09
0.849498  419.651 5.85458e-05 0 1 4.99113e-09 1.00365e-09
0.856187  419.652 5.85457e-05 0 1 4.97307e-09 9.99953e-10
0.862876  419.652 5.85457e-05 0 1 4.95491e-09 9.96239e-10
0.869565  419.653 5.85456e-05 0 1 4.93666e-09 9.92504e-10
0.876254  419.653 5.85455e-05 0 1 4.9183e-09 9.88749e-10
0.882943  419.653 5.85455e-05 0 1 4.89985e-09 9.84975e-10
0.889632  419.654 5.85454e-05 0 1 4.8813e-09 9.81181e-10
0.896321  419.654 5.85454e-05 0 1 4.86265e-09 9.77368e-10
0.90301  419.655 5.85453e-05 0 1 4.84391e-09 9.73535e-10
0.909699  419.655 5.85452e-05 0 1 4.82508e-09 9.69684e-10
0.916388  419.656 5.85453e-05 0 0.999999 4.80615e-09 9.65813e-10
0.923077  419.656 5.85453e-05 0 0.999998 4.78712e-09 9.61922e-10
0.929766  419.656 5.85446e-05 0 1.00001 4.76801e-09 9.58015e-10
0.936455  419.657 5.85429e-05 0 1.00004 4.74953e-09 9.5423e-10
0.943144  419.657 5.85646e-05 0 0.999664 4.72833e-09 9.49904e-10
0.949833  419.658 5.8452e-05 0 1.00159 4.71721e-09 9.47606e-10
0.956522  419.658 5.85555e-05 0 0.999818 4.69093e-09 9.42246e-10
0.963211  419.658 5.86129e-05 0 0.998837 4.66554e-09 9.37085e-10
0.9699  419.659 5.85385e-05 0 1.00011 4.65051e-09 9.34006e-10
0.976589  419.659 5.8546e-05 0 0.999977 4.63191e-09 9.30187e-10
0.983278  419.66 5.85428e-05 0 1.00003 4.61214e-09 9.26149e-10
0.989967  419.66 5.85459e-05 0 0.999977 4.592e-09 9.22033e-10
0.996656  419.661 5.8545e-05 0 0.999991 4.5721e-09 9.17966e-10
1.00334  419.661 5.85443e-05 0 1 4.55212e-09 9.13882e-10
1.01003  419.661 5.85444e-05 0 1 4.53199e-09 9.09768e-10
1.01672  419.662 5.85443e-05 0 1 4.5118e-09 9.05641e-10
1.02341  419.662 5.85443e-05 0 1 4.49152e-09 9.01497e-10
1.0301  419.663 5.85442e-05 0 1 4.47117e-09 8.97338e-10
1.03679  419.663 5.85442e-05 0 1 4.45074e-09 8.93164e-10
1.04348  419.663 5.85441e-05 0 1 4.43024e-09 8.88975e-10
1.05017  419.664 5.8544e-05 0 1 4.40966e-09 8.84771e-10
1.05686  419.664 5.8544e-05 0 1 4.38901e-09 8.80552e-10
1.06355  419.665 5.85439e-05 0 1 4.36829e-09 8.7632e-10
1.07023  419.665 5.85439e-05 0 1 4.34751e-09 8.72073e-10
1.07692  419.665 5.85438e-05 0 1 4.32665e-09 8.67812e-10
1.08361  419.666 5.85438e-05 0 1 4.30572e-09 8.63537e-10
1.0903  419.666 5.85437e-05 0 1 4.28473e-09 8.59249e-10
1.09699  419.667 5.85436e-05 0 1 4.26367e-09 8.54948e-10
1.10368  419.667 5.85436e-05 0 1 4.24254e-09 8.50633e-10
1.11037  419.667 5.85435e-05 0 1 4.22135e-09 8.46306e-10
1.11706  419.668 5.85435e-05 0 1 4.2001e-09 8.41966e-10
1.12375  419.668 5.85434e-05 0 1 4.17879e-09 8.37614e-10
1.13043  419.669 5.85434e-05 0 1 4.15741e-09 8.33249e-10
1.13712  419.669 5.85433e-05 0 1 4.13598e-09 8.28872e-10
1.14381  419.669 5.85433e-05 0 1 4.11449e-09 8.24484e-10
1.1505  419.67 5.85432e-05 0 1 4.09293e-09 8.20084e-10
1.15719  419.67 5.85432e-05 0 1 4.07133e-09 8.15673e-10
1.16388  419.671 5.85431e-05 0 1 4.04966e-09 8.1125e-10
1.17057  419.671 5.85431e-05 0 1 4.02794e-09 8.06816e-10
1.17726  419.671 5.8543e-05 0 1 4.00617e-09 8.02372e-10
1.18395  419.672 5.85429e-05 0 1 3.98434e-09 7.97917e-10
1.19064  419.672 5.85429e-05 0 1 3.96247e-09 7.93452e-10
1.19732  419.672 5.85428e-05 0 1 3.94054e-09 7.88977e-10
1.20401  419.673 5.85428e-05 0 1 3.91856e-09 7.84492e-10
1.2107  419.673 5.85427e-05 0 1 3.89654e-09 7.79998e-10
1.21739  419.673 5.85427e-05 0 1 3.87446e-09 7.75494e-10
1.22408  419.674 5.85426e-05 0 1 3.85234e-09 7.7098e-10
1.23077  419.674 5.85426e-05 0 1 3.83018e-09 7.66458e-10
1.23746  419.675 5.85425e-05 0 1 3.80797e-09 7.61927e-10
1.24415  419.675 5.85425e-05 0 1 3.78572e-09 7.57387e-10
1.25084  419.675 5.85424e-05 0 1 3.76342e-09 7.52839e-10
1.25753  419.676 5.85424e-05 0 1 3.74108e-09 7.48283e-10
1.26421  419.676 5.85423e-05 0 1 3.71871e-09 7.43719e-10
1.2709  419.676 5.85423e-05 0 1 3.69629e-09 7.39147e-10
1.27759  419.677 5.85423e-05 0 1 3.67384e-09 7.34568e-10
1.28428  419.677 5.85422e-05 0 1 3.65135e-09 7.29982e-10
1.29097  419.677 5.85422e-05 0 1 3.62882e-09 7.25388e-10
1.29766  419.678 5.85421e-05 0 1 3.60626e-09 7.20788e-10
1.30435  419.678 5.85421e-05 0 1 3.58367e-09 7.16181e-10
1.31104  419.678 5.8542e-05 0 1 3.56104e-09 7.11567e-10
1.31773  419.679 5.8542e-05 0 1 3.53838e-09 7.06948e-10
1.32441  419.679 5.85419e-05 0 1 3.51569e-09 7.02322e-10
1.3311  419.679 5.85419e-05 0 1 3.49297e-09 6.97691e-10
1.33779  419.68 5.85418e-05 0 1 3.47022e-09 6.93055e-10
1.34448  419.68 5.85418e-05 0 1 3.44745e-09 6.88412e-10
1.35117  419.68 5.85417e-05 0 1 3.42465e-09 6.83765e-10
1.35786  419.681 5.85417e-05 0 1 3.40182e-09 6.79113e-10
1.36455  419.681 5.85417e-05 0 1 3.37897e-09 6.74457e-10
1.37124  419.681 5.85416e-05 0 1 3.35611e-09 6.69798e-10
1.37793  419.681 5.85416e-05 0 1 3.33326e-09 6.65137e-10
1.38462  419.682 5.85415e-05 0 1 3.31041e-09 6.60479e-10
1.3913  419.682 5.85415e-05 0 1 3.28759e-09 6.55823e-10
1.39799  419.682 5.85415e-05 0 1 3.26479e-09 6.51173e-10
1.40468  419.683 5.85414e-05 0 1 3.24203e-09 6.4653e-10
1.41137  419.683 5.85413e-05 0 1 3.21932e-09 6.41897e-10
1.41806  419.683 5.85413e-05 0 1 3.19667e-09 6.37273e-10
1.42475  419.683 5.85413e-05 0 0.999999 3.17408e-09 6.32663e-10
1.43144  419.684 5.85413e-05 0 1 3.15157e-09 6.28068e-10
1.43813  419.684 5.85412e-05 0 1 3.12914e-09 6.23488e-10
1.44482  419.684 5.85412e-05 0 1 3.1068e-09 6.18927e-10
1.45151  419.685 5.85411e-05 0 1 3.08456e-09 6.14385e-10
1.45819  419.685 5.85411e-05 0 1 3.06243e-09 6.09865e-10
1.46488  419.685 5.85411e-05 0 1 3.04041e-09 6.05367e-10
1.47157  419.685 5.8541e-05 0 1 3.01851e-09 6.00895e-10
1.47826  419.686 5.8541e-05 0 1 2.99675e-09 5.96448e-10
1.48495  419.686 5.8541e-05 0 1 2.97512e-09 5.92029e-10
1.49164  419.686 5.85409e-05 0 1 2.95364e-09 5.87638e-10
1.49833  419.686 5.85409e-05 0 1 2.9323e-09 5.83279e-10
1.50502  419.687 5.85409e-05 0 1 2.91113e-09 5.78951e-10
1.51171  419.687 5.85409e-05 0 1 2.89012e-09 5.74656e-10
1.51839  419.687 5.85408e-05 0 1 2.86929e-09 5.70397e-10
1.52508  419.687 5.85408e-05 0 0.999999 2.84862e-09 5.66173e-10
1.53177  419.688 5.85406e-05 0 1 2.82815e-09 5.61987e-10
1.53846  419.688 5.85408e-05 0 0.999998 2.80786e-09 5.57838e-10
1.54515  419.688 5.85405e-05 0 1 2.78778e-09 5.53731e-10
1.55184  419.688 5.85409e-05 0 0.999995 2.76789e-09 5.49663e-10
1.55853  419.688 5.85403e-05 0 1.00001 2.74821e-09 5.45638e-10
1.56522  419.689 5.85409e-05 0 0.999994 2.72876e-09 5.41659e-10
1.57191  419.689 5.85402e-05 0 1.00001 2.70949e-09 5.37716e-10
1.5786  419.689 5.85408e-05 0 0.999995 2.69051e-09 5.33833e-10
1.58528  419.689 5.85402e-05 0 1 2.67166e-09 5.29977e-10
1.59197  419.689 5.85406e-05 0 0.999997 2.65316e-09 5.26192e-10
1.59866  419.69 5.85402e-05 0 1 2.63477e-09 5.22429e-10
1.60535  419.69 5.85407e-05 0 0.999995 2.61676e-09 5.18742e-10
1.61204  419.69 5.85401e-05 0 1.00001 2.59888e-09 5.15082e-10
1.61873  419.69 5.85406e-05 0 0.999995 2.58134e-09 5.11493e-10
1.62542  419.69 5.85401e-05 0 1 2.56399e-09 5.07941e-10
1.63211  419.691 5.85404e-05 0 0.999998 2.54695e-09 5.04453e-10
1.6388  419.691 5.85402e-05 0 1 2.53014e-09 5.01012e-10
1.64548  419.691 5.85403e-05 0 0.999999 2.51361e-09 4.97629e-10
1.65217  419.691 5.85402e-05 0 1 2.49735e-09 4.943e-10
1.65886  419.691 5.85402e-05 0 1 2.48137e-09 4.91029e-10
1.66555  419.691 5.85402e-05 0 1 2.46567e-09 4.87813e-10
1.67224  419.692 5.85402e-05 0 1 2.45025e-09 4.84656e-10
1.67893  419.692 5.85401e-05 0 1 2.43512e-09 4.81556e-10
1.68562  419.692 5.85401e-05 0 1 2.42027e-09 4.78516e-10
1.69231  419.692 5.85401e-05 0 1 2.40572e-09 4.75535e-10
1.699  419.692 5.85401e-05 0 1 2.39146e-09 4.72615e-10
1.70569  419.692 5.85401e-05 0 1 2.3775e-09 4.69755e-10
1.71237  419.692 5.854e-05 0 1 2.36383e-09 4.66956e-10
1.71906  419.693 5.854e-05 0 1 2.35047e-09 4.64219e-10
1.72575  419.693 5.854e-05 0 1 2.33741e-09 4.61544e-10
1.73244  419.693 5.854e-05 0 1 2.32466e-09 4.58932e-10
1.73913  419.693 5.854e-05 0 1 2.31222e-09 4.56383e-10
1.74582  419.693 5.854e-05 0 1 2.30009e-09 4.53897e-10
1.75251  419.693 5.85399e-05 0 1 2.28826e-09 4.51475e-10
1.7592  419.693 5.85399e-05 0 1 2.27676e-09 4.49118e-10
1.76589  419.693 5.85399e-05 0 1 2.26557e-09 4.46825e-10
1.77258  419.694 5.85399e-05 0 1 2.25469e-09 4.44597e-10
1.77926  419.694 5.85399e-05 0 1 2.24414e-09 4.42433e-10
1.78595  419.694 5.85399e-05 0 1 2.2339e-09 4.40336e-10
1.79264  419.694 5.85399e-05 0 1 2.22398e-09 4.38304e-10
1.79933  419.694 5.85398e-05 0 1 2.21439e-09 4.36338e-10
1.80602  419.694 5.85398e-05 0 1 2.20512e-09 4.34438e-10
1.81271  419.694 5.85398e-05 0 1 2.19617e-09 4.32604e-10
1.8194  419.694 5.85398e-05 0 1 2.18755e-09 4.30836e-10
1.82609  419.694 5.85398e-05 0 1 2.17925e-09 4.29135e-10
1.83278  419.694 5.85398e-05 0 1 2.17127e-09 4.275e-10
1.83946  419.694 5.85398e-05 0 1 2.16362e-09 4.25932e-10
1.84615  419.694 5.85398e-05 0 1 2.1563e-09 4.24431e-10
1.85284  419.695 5.85397e-05 0 1 2.1493e-09 4.22997e-10
1.85953  419.695 5.85397e-05 0 1 2.14263e-09 4.21629e-10
1.86622  419.695 5.85397e-05 0 1 2.13628e-09 4.20328e-10
1.87291  419.695 5.85397e-05 0 1 2.13026e-09 4.19094e-10
1.8796  419.695 5.85397e-05 0 1 2.12456e-09 4.17926e-10
1.88629  419.695 5.85397e-05 0 1 2.11919e-09 4.16825e-10
1.89298  419.695 5.85398e-05 0 0.999999 2.11414e-09 4.1579e-10
1.89967  419.695 5.85397e-05 0 1 2.10942e-09 4.14822e-10
1.90635  419.695 5.85397e-05 0 1 2.10502e-09 4.1392e-10
1.91304  419.695 5.85397e-05 0 1 2.10094e-09 4.13084e-10
1.91973  419.695 5.85397e-05 0 1 2.09719e-09 4.12314e-10
1.92642  419.695 5.85397e-05 0 1 2.09375e-09 4.1161e-10
1.93311  419.695 5.85397e-05 0 1 2.09063e-09 4.10971e-10
1.9398  419.695 5.85397e-05 0 1 2.08784e-09 4.10397e-10
1.94649  419.695 5.85397e-05 0 1 2.08535e-09 4.09889e-10
1.95318  419.695 5.85397e-05 0 1 2.08319e-09 4.09445e-10
1.95987  419.695 5.85397e-05 0 1 2.08134e-09 4.09065e-10
1.96656  419.695 5.85397e-05 0 1 2.0798e-09 4.0875e-10
1.97324  419.695 5.85397e-05 0 1 2.07857e-09 4.08498e-10
1.97993  419.695 5.85397e-05 0 1 2.07766e-09 4.0831e-10
1.98662  419.695 5.85397e-05 0 1 2.07705e-09 4.08185e-10
1.99331  419.695 5.85397e-05 0 1 2.07674e-09 4.08123e-10
2  419.695 5.85397e-05 0 1 2.07674e-09 4.08123e-10
