TITLE="Graphics"
VARIABLES= "x", "T", "rho", "u",, "Y_H2", "Y_O2", "Y_N2"
0  400 6.1422e-05 0 1 0 0
0.00668896  419.549 5.856e-05 0 1 6.13417e-09 1.2436e-09
0.0133779  419.549 5.856e-05 0 1 6.1339e-09 1.24354e-09
0.0200669  419.55 5.856e-05 0 1 6.13341e-09 1.24344e-09
0.0267559  419.55 5.856e-05 0 1 6.13271e-09 1.2433e-09
0.0334448  419.55 5.856e-05 0 1 6.1318e-09 1.24311e-09
0.0401338  419.55 5.856e-05 0 1 6.13069e-09 1.24288e-09
0.0468227  419.55 5.856e-05 0 1 6.12937e-09 1.24261e-09
0.0535117  419.55 5.85599e-05 0 1 6.12784e-09 1.2423e-09
0.0602007  419.55 5.85599e-05 0 1 6.12612e-09 1.24194e-09
0.0668896  419.55 5.85599e-05 0 1 6.12418e-09 1.24155e-09
0.0735786  419.55 5.85599e-05 0 1 6.12205e-09 1.24111e-09
0.0802676  419.55 5.85599e-05 0 1 6.11971e-09 1.24063e-09
0.0869565  419.55 5.85599e-05 0 1 6.11716e-09 1.2401e-09
0.0936455  419.551 5.85598e-05 0 1 6.11442e-09 1.23954e-09
0.100334  419.551 5.85598e-05 0 1 6.11147e-09 1.23893e-09
0.107023  419.551 5.85598e-05 0 1 6.10831e-09 1.23828e-09
0.113712  419.551 5.85598e-05 0 1 6.10496e-09 1.23759e-09
0.120401  419.551 5.85597e-05 0 1 6.1014e-09 1.23686e-09
0.12709  419.551 5.85597e-05 0 1 6.09764e-09 1.23609e-09
0.133779  419.552 5.85597e-05 0 1 6.09368e-09 1.23527e-09
0.140468  419.552 5.85597e-05 0 1 6.08951e-09 1.23442e-09
0.147157  419.552 5.85596e-05 0 1 6.08514e-09 1.23352e-09
0.153846  419.552 5.85596e-05 0 1 6.08058e-09 1.23258e-09
0.160535  419.553 5.85595e-05 0 1 6.07581e-09 1.2316e-09
0.167224  419.553 5.85595e-05 0 1 6.07084e-09 1.23058e-09
0.173913  419.553 5.85595e-05 0 1 6.06567e-09 1.22952e-09
0.180602  419.553 5.85594e-05 0 1 6.0603e-09 1.22841e-09
0.187291  419.554 5.85594e-05 0 1 6.05473e-09 1.22727e-09
0.19398  419.554 5.85593e-05 0 1 6.04896e-09 1.22608e-09
0.200669  419.554 5.85593e-05 0 1 6.04299e-09 1.22485e-09
0.207358  419.555 5.85593e-05 0 1 6.03682e-09 1.22359e-09
0.214047  419.555 5.85592e-05 0 1 6.03046e-09 1.22228e-09
0.220736  419.555 5.85592e-05 0 1 6.0239e-09 1.22093e-09
0.227425  419.556 5.85591e-05 0 1 6.01714e-09 1.21954e-09
0.234114  419.556 5.85591e-05 0 1 6.01018e-09 1.21811e-09
0.240803  419.557 5.8559e-05 0 1 6.00302e-09 1.21664e-09
0.247492  419.557 5.8559e-05 0 1 5.99567e-09 1.21513e-09
0.254181  419.557 5.85589e-05 0 1 5.98812e-09 1.21357e-09
0.26087  419.558 5.85588e-05 0 1 5.98038e-09 1.21198e-09
0.267559  419.558 5.85588e-05 0 1 5.97244e-09 1.21035e-09
0.274247  419.559 5.85587e-05 0 1 5.96431e-09 1.20868e-09
0.280936  419.559 5.85587e-05 0 1 5.95599e-09 1.20697e-09
0.287625  419.559 5.85586e-05 0 1 5.94747e-09 1.20522e-09
0.294314  419.56 5.85585e-05 0 1 5.93876e-09 1.20343e-09
0.301003  419.56 5.85585e-05 0 1 5.92985e-09 1.2016e-09
0.307692  419.561 5.85584e-05 0 1 5.92075e-09 1.19973e-09
0.314381  419.561 5.85583e-05 0 1 5.91147e-09 1.19782e-09
0.32107  419.562 5.85583e-05 0 1 5.90199e-09 1.19587e-09
0.327759  419.562 5.85582e-05 0 1 5.89232e-09 1.19388e-09
0.334448  419.563 5.85581e-05 0 1 5.88246e-09 1.19185e-09
0.341137  419.563 5.8558e-05 0 1 5.87241e-09 1.18979e-09
0.347826  419.564 5.8558e-05 0 1 5.86217e-09 1.18769e-09
0.354515  419.564 5.85579e-05 0 1 5.85175e-09 1.18554e-09
0.361204  419.565 5.85578e-05 0 1 5.84114e-09 1.18336e-09
0.367893  419.566 5.85577e-05 0 1 5.83034e-09 1.18114e-09
0.374582  419.566 5.85577e-05 0 1 5.81936e-09 1.17889e-09
0.381271  419.567 5.85576e-05 0 1 5.80819e-09 1.17659e-09
0.38796  419.567 5.85575e-05 0 1 5.79683e-09 1.17426e-09
0.394649  419.568 5.85574e-05 0 1 5.78529e-09 1.17189e-09
0.401338  419.568 5.85573e-05 0 1 5.77357e-09 1.16948e-09
0.408027  419.569 5.85573e-05 0 1 5.76167e-09 1.16703e-09
0.414716  419.57 5.85572e-05 0 1 5.74958e-09 1.16455e-09
0.421405  419.57 5.85571e-05 0 1 5.73731e-09 1.16203e-09
0.428094  419.571 5.8557e-05 0 1 5.72487e-09 1.15947e-09
0.434783  419.572 5.85569e-05 0 1 5.71224e-09 1.15687e-09
0.441472  419.572 5.85568e-05 0 1 5.69943e-09 1.15424e-09
0.448161  419.573 5.85567e-05 0 1 5.68645e-09 1.15157e-09
0.454849  419.574 5.85566e-05 0 1 5.67329e-09 1.14887e-09
0.461538  419.574 5.85565e-05 0 1 5.65995e-09 1.14613e-09
0.468227  419.575 5.85565e-05 0 1 5.64643e-09 1.14335e-09
0.474916  419.576 5.85564e-05 0 1 5.63274e-09 1.14054e-09
0.481605  419.576 5.85563e-05 0 1 5.61888e-09 1.13769e-09
0.488294  419.577 5.85562e-05 0 1 5.60484e-09 1.13481e-09
0.494983  419.578 5.85561e-05 0 1 5.59063e-09 1.13189e-09
0.501672  419.578 5.8556e-05 0 1 5.57625e-09 1.12893e-09
0.508361  419.579 5.85559e-05 0 1 5.5617e-09 1.12594e-09
0.51505  419.58 5.85558e-05 0 1 5.54698e-09 1.12292e-09
0.521739  419.58 5.85557e-05 0 1 5.53209e-09 1.11986e-09
0.528428  419.581 5.85556e-05 0 1 5.51703e-09 1.11677e-09
0.535117  419.582 5.85555e-05 0 1 5.5018e-09 1.11364e-09
0.541806  419.583 5.85554e-05 0 1 5.4864e-09 1.11048e-09
0.548495  419.583 5.85553e-05 0 1 5.47085e-09 1.10728e-09
0.555184  419.584 5.85552e-05 0 1 5.45512e-09 1.10405e-09
0.561873  419.585 5.85551e-05 0 1 5.43923e-09 1.10079e-09
0.568562  419.586 5.85549e-05 0 1 5.42318e-09 1.09749e-09
0.575251  419.586 5.85548e-05 0 1 5.40697e-09 1.09416e-09
0.58194  419.587 5.85547e-05 0 1 5.3906e-09 1.0908e-09
0.588629  419.588 5.85546e-05 0 1 5.37406e-09 1.0874e-09
0.595318  419.589 5.85545e-05 0 1 5.35737e-09 1.08397e-09
0.602007  419.589 5.85544e-05 0 1 5.34052e-09 1.08051e-09
0.608696  419.59 5.85543e-05 0 1 5.32352e-09 1.07702e-09
0.615385  419.591 5.85542e-05 0 1 5.30635e-09 1.0735e-09
0.622074  419.592 5.85541e-05 0 1 5.28904e-09 1.06994e-09
0.628763  419.593 5.8554e-05 0 1 5.27156e-09 1.06635e-09
0.635452  419.593 5.85539e-05 0 1 5.25394e-09 1.06273e-09
0.64214  419.594 5.85537e-05 0 1 5.23616e-09 1.05908e-09
0.648829  419.595 5.85536e-05 0 1 5.21824e-09 1.0554e-09
0.655518  419.596 5.85535e-05 0 1 5.20016e-09 1.05169e-09
0.662207  419.597 5.85534e-05 0 1 5.18193e-09 1.04795e-09
0.668896  419.598 5.85533e-05 0 1 5.16356e-09 1.04417e-09
0.675585  419.598 5.85532e-05 0 1 5.14504e-09 1.04037e-09
0.682274  419.599 5.85531e-05 0 1 5.12637e-09 1.03654e-09
0.688963  419.6 5.85529e-05 0 1 5.10756e-09 1.03268e-09
0.695652  419.601 5.85528e-05 0 1 5.08861e-09 1.02879e-09
0.702341  419.602 5.85527e-05 0 1 5.06952e-09 1.02487e-09
0.70903  419.603 5.85526e-05 0 1 5.05028e-09 1.02092e-09
0.715719  419.603 5.85525e-05 0 1 5.0309e-09 1.01694e-09
0.722408  419.604 5.85524e-05 0 1 5.01139e-09 1.01294e-09
0.729097  419.605 5.85522e-05 0 1 4.99174e-09 1.0089e-09
0.735786  419.606 5.85521e-05 0 1 4.97195e-09 1.00484e-09
0.742475  419.607 5.8552e-05 0 1 4.95202e-09 1.00075e-09
0.749164  419.608 5.85519e-05 0 1 4.93197e-09 9.96636e-10
0.755853  419.608 5.85518e-05 0 1 4.91177e-09 9.92492e-10
0.762542  419.609 5.85516e-05 0 1 4.89145e-09 9.88321e-10
0.769231  419.61 5.85515e-05 0 1 4.871e-09 9.84124e-10
0.77592  419.611 5.85514e-05 0 1 4.85041e-09 9.799e-10
0.782609  419.612 5.85513e-05 0 1 4.8297e-09 9.7565e-10
0.789298  419.613 5.85512e-05 0 1 4.80886e-09 9.71374e-10
0.795987  419.614 5.8551e-05 0 1 4.7879e-09 9.67073e-10
0.802676  419.615 5.85509e-05 0 1 4.76681e-09 9.62746e-10
0.809365  419.615 5.85508e-05 0 1 4.7456e-09 9.58394e-10
0.816054  419.616 5.85507e-05 0 1 4.72427e-09 9.54017e-10
0.822742  419.617 5.85506e-05 0 1 4.70281e-09 9.49615e-10
0.829431  419.618 5.85504e-05 0 1 4.68124e-09 9.45189e-10
0.83612  419.619 5.85503e-05 0 1 4.65954e-09 9.40739e-10
0.842809  419.62 5.85502e-05 0 1 4.63773e-09 9.36265e-10
0.849498  419.621 5.85501e-05 0 1 4.61581e-09 9.31768e-10
0.856187  419.621 5.85499e-05 0 1 4.59377e-09 9.27247e-10
0.862876  419.622 5.85498e-05 0 1 4.57161e-09 9.22703e-10
0.869565  419.623 5.85497e-05 0 1 4.54935e-09 9.18136e-10
0.876254  419.624 5.85496e-05 0 1 4.52697e-09 9.13547e-10
0.882943  419.625 5.85495e-05 0 1 4.50448e-09 9.08936e-10
0.889632  419.626 5.85493e-05 0 1 4.48189e-09 9.04302e-10
0.896321  419.627 5.85492e-05 0 1 4.45919e-09 8.99647e-10
0.90301  419.628 5.85491e-05 0 1 4.43638e-09 8.9497e-10
0.909699  419.628 5.8549e-05 0 1 4.41347e-09 8.90273e-10
0.916388  419.629 5.85489e-05 0 0.999999 4.39045e-09 8.85554e-10
0.923077  419.63 5.85489e-05 0 0.999998 4.36733e-09 8.80812e-10
0.929766  419.631 5.85483e-05 0 1.00001 4.3441e-09 8.76051e-10
0.936455  419.632 5.85463e-05 0 1.00004 4.32149e-09 8.71407e-10
0.943144  419.633 5.85684e-05 0 0.999658 4.29607e-09 8.66207e-10
0.949833  419.634 5.84553e-05 0 1.00159 4.28012e-09 8.62918e-10
0.956522  419.634 5.85587e-05 0 0.99982 4.25067e-09 8.56885e-10
0.963211  419.635 5.86161e-05 0 0.998839 4.22165e-09 8.50967e-10
0.9699  419.636 5.8542e-05 0 1.0001 4.20185e-09 8.46907e-10
0.976589  419.637 5.85488e-05 0 0.999983 4.17905e-09 8.42215e-10
0.983278  419.638 5.8546e-05 0 1.00003 4.15506e-09 8.37302e-10
0.989967  419.639 5.85489e-05 0 0.999977 4.13077e-09 8.32325e-10
0.996656  419.639 5.85479e-05 0 0.999991 4.10669e-09 8.27389e-10
1.00334  419.64 5.85472e-05 0 1 4.08252e-09 8.22436e-10
1.01003  419.641 5.85472e-05 0 1 4.0582e-09 8.17453e-10
1.01672  419.642 5.85471e-05 0 1 4.03381e-09 8.12455e-10
1.02341  419.643 5.8547e-05 0 1 4.00933e-09 8.0744e-10
1.0301  419.644 5.85468e-05 0 1 3.98477e-09 8.0241e-10
1.03679  419.644 5.85467e-05 0 1 3.96014e-09 7.97363e-10
1.04348  419.645 5.85466e-05 0 1 3.93543e-09 7.923e-10
1.05017  419.646 5.85465e-05 0 1 3.91064e-09 7.87223e-10
1.05686  419.647 5.85464e-05 0 1 3.88578e-09 7.8213e-10
1.06355  419.648 5.85463e-05 0 1 3.86084e-09 7.77023e-10
1.07023  419.649 5.85462e-05 0 1 3.83584e-09 7.71902e-10
1.07692  419.649 5.8546e-05 0 1 3.81076e-09 7.66767e-10
1.08361  419.65 5.85459e-05 0 1 3.78562e-09 7.61617e-10
1.0903  419.651 5.85458e-05 0 1 3.76041e-09 7.56455e-10
1.09699  419.652 5.85457e-05 0 1 3.73513e-09 7.51279e-10
1.10368  419.653 5.85456e-05 0 1 3.70979e-09 7.4609e-10
1.11037  419.653 5.85455e-05 0 1 3.68439e-09 7.40889e-10
1.11706  419.654 5.85454e-05 0 1 3.65892e-09 7.35675e-10
1.12375  419.655 5.85453e-05 0 1 3.63339e-09 7.3045e-10
1.13043  419.656 5.85452e-05 0 1 3.60781e-09 7.25213e-10
1.13712  419.657 5.85451e-05 0 1 3.58217e-09 7.19964e-10
1.14381  419.657 5.85449e-05 0 1 3.55647e-09 7.14705e-10
1.1505  419.658 5.85448e-05 0 1 3.53072e-09 7.09434e-10
1.15719  419.659 5.85447e-05 0 1 3.50492e-09 7.04153e-10
1.16388  419.66 5.85446e-05 0 1 3.47907e-09 6.98862e-10
1.17057  419.66 5.85445e-05 0 1 3.45316e-09 6.93561e-10
1.17726  419.661 5.85444e-05 0 1 3.42721e-09 6.88251e-10
1.18395  419.662 5.85443e-05 0 1 3.40121e-09 6.82931e-10
1.19064  419.663 5.85442e-05 0 1 3.37516e-09 6.77602e-10
1.19732  419.663 5.85441e-05 0 1 3.34908e-09 6.72265e-10
1.20401  419.664 5.8544e-05 0 1 3.32294e-09 6.66919e-10
1.2107  419.665 5.85439e-05 0 1 3.29677e-09 6.61565e-10
1.21739  419.666 5.85438e-05 0 1 3.27056e-09 6.56204e-10
1.22408  419.666 5.85437e-05 0 1 3.24431e-09 6.50834e-10
1.23077  419.667 5.85436e-05 0 1 3.21802e-09 6.45458e-10
1.23746  419.668 5.85435e-05 0 1 3.1917e-09 6.40075e-10
1.24415  419.668 5.85434e-05 0 1 3.16534e-09 6.34685e-10
1.25084  419.669 5.85433e-05 0 1 3.13895e-09 6.29289e-10
1.25753  419.67 5.85432e-05 0 1 3.11253e-09 6.23887e-10
1.26421  419.67 5.85431e-05 0 1 3.08608e-09 6.18479e-10
1.2709  419.671 5.8543e-05 0 1 3.0596e-09 6.13066e-10
1.27759  419.672 5.85429e-05 0 1 3.0331e-09 6.07648e-10
1.28428  419.673 5.85428e-05 0 1 3.00657e-09 6.02225e-10
1.29097  419.673 5.85427e-05 0 1 2.98002e-09 5.96798e-10
1.29766  419.674 5.85426e-05 0 1 2.95344e-09 5.91367e-10
1.30435  419.674 5.85425e-05 0 1 2.92685e-09 5.85931e-10
1.31104  419.675 5.85425e-05 0 1 2.90023e-09 5.80492e-10
1.31773  419.676 5.85424e-05 0 1 2.8736e-09 5.7505e-10
1.32441  419.676 5.85423e-05 0 1 2.84695e-09 5.69605e-10
1.3311  419.677 5.85422e-05 0 1 2.82028e-09 5.64157e-10
1.33779  419.678 5.85421e-05 0 1 2.79361e-09 5.58707e-10
1.34448  419.678 5.8542e-05 0 1 2.76692e-09 5.53255e-10
1.35117  419.679 5.85419e-05 0 1 2.74022e-09 5.47801e-10
1.35786  419.68 5.85418e-05 0 1 2.72835e-09 5.42346e-10
1.36455  419.68 5.85418e-05 0 1 2.73175e-09 5.42213e-10
1.37124  419.681 5.85417e-05 0 1 2.73486e-09 5.42786e-10
1.37793  419.681 5.85416e-05 0 1 2.73768e-09 5.43302e-10
1.38462  419.682 5.85415e-05 0 1 2.74022e-09 5.43761e-10
1.3913  419.683 5.85414e-05 0 1 2.7425e-09 5.44167e-10
1.39799  419.683 5.85413e-05 0 1 2.74451e-09 5.4452e-10
1.40468  419.684 5.85413e-05 0 1 2.74628e-09 5.44823e-10
1.41137  419.684 5.85411e-05 0 1 2.74781e-09 5.45078e-10
1.41806  419.685 5.85411e-05 0 1 2.74911e-09 5.45285e-10
1.42475  419.685 5.85411e-05 0 0.999999 2.75018e-09 5.45447e-10
1.43144  419.686 5.8541e-05 0 1 2.75104e-09 5.45567e-10
1.43813  419.686 5.85409e-05 0 1 2.75169e-09 5.45644e-10
1.44482  419.687 5.85408e-05 0 1 2.75214e-09 5.45681e-10
1.45151  419.687 5.85407e-05 0 1 2.75239e-09 5.45679e-10
1.45819  419.688 5.85407e-05 0 1 2.75246e-09 5.4564e-10
1.46488  419.689 5.85406e-05 0 1 2.75236e-09 5.45565e-10
1.47157  419.689 5.85405e-05 0 1 2.75208e-09 5.45456e-10
1.47826  419.69 5.85405e-05 0 1 2.75164e-09 5.45315e-10
1.48495  419.69 5.85404e-05 0 1 2.75105e-09 5.45142e-10
1.49164  419.69 5.85403e-05 0 1 2.7503e-09 5.4494e-10
1.49833  419.691 5.85403e-05 0 1 2.74942e-09 5.44709e-10
1.50502  419.691 5.85402e-05 0 1 2.7484e-09 5.44451e-10
1.51171  419.692 5.85401e-05 0 1 2.74724e-09 5.44167e-10
1.51839  419.692 5.85401e-05 0 1 2.74597e-09 5.43859e-10
1.52508  419.693 5.854e-05 0 1 2.74458e-09 5.43528e-10
1.53177  419.693 5.85399e-05 0 1 2.74308e-09 5.43175e-10
1.53846  419.694 5.85399e-05 0 1 2.74148e-09 5.42801e-10
1.54515  419.694 5.85398e-05 0 1 2.73978e-09 5.42408e-10
1.55184  419.695 5.85397e-05 0 1 2.73798e-09 5.41997e-10
1.55853  419.695 5.85397e-05 0 1 2.7361e-09 5.41568e-10
1.56522  419.695 5.85396e-05 0 1 2.73414e-09 5.41125e-10
1.57191  419.696 5.85396e-05 0 1 2.73211e-09 5.40666e-10
1.5786  419.696 5.85395e-05 0 1 2.73e-09 5.40194e-10
1.58528  419.697 5.85395e-05 0 1 2.72784e-09 5.3971e-10
1.59197  419.697 5.85393e-05 0 1 2.72562e-09 5.39215e-10
1.59866  419.697 5.85395e-05 0 0.999998 2.72333e-09 5.38707e-10
1.60535  419.698 5.85393e-05 0 1 2.72101e-09 5.38193e-10
1.61204  419.698 5.85393e-05 0 1 2.71863e-09 5.3767e-10
1.61873  419.698 5.85392e-05 0 1 2.71623e-09 5.3714e-10
1.62542  419.699 5.85392e-05 0 1 2.71378e-09 5.36603e-10
1.63211  419.699 5.85391e-05 0 1 2.71131e-09 5.36061e-10
1.6388  419.7 5.85391e-05 0 1 2.70881e-09 5.35515e-10
1.64548  419.7 5.8539e-05 0 1 2.7063e-09 5.34965e-10
1.65217  419.7 5.8539e-05 0 1 2.70376e-09 5.34413e-10
1.65886  419.701 5.85389e-05 0 1 2.70122e-09 5.33858e-10
1.66555  419.701 5.85389e-05 0 1 2.69867e-09 5.33303e-10
1.67224  419.701 5.85388e-05 0 1 2.69611e-09 5.32748e-10
1.67893  419.701 5.85388e-05 0 1 2.69355e-09 5.32193e-10
1.68562  419.702 5.85387e-05 0 1 2.691e-09 5.3164e-10
1.69231  419.702 5.85387e-05 0 1 2.68845e-09 5.31089e-10
1.699  419.702 5.85387e-05 0 1 2.68592e-09 5.30541e-10
1.70569  419.703 5.85386e-05 0 1 2.6834e-09 5.29996e-10
1.71237  419.703 5.85386e-05 0 1 2.68089e-09 5.29456e-10
1.71906  419.703 5.85386e-05 0 1 2.67841e-09 5.2892e-10
1.72575  419.703 5.85385e-05 0 1 2.67595e-09 5.2839e-10
1.73244  419.704 5.85385e-05 0 1 2.67351e-09 5.27866e-10
1.73913  419.704 5.85385e-05 0 1 2.67111e-09 5.27348e-10
1.74582  419.704 5.85384e-05 0 1 2.66874e-09 5.26838e-10
1.75251  419.704 5.85384e-05 0 1 2.6664e-09 5.26336e-10
1.7592  419.705 5.85384e-05 0 1 2.6641e-09 5.25842e-10
1.76589  419.705 5.85383e-05 0 1 2.66184e-09 5.25357e-10
1.77258  419.705 5.85383e-05 0 1 2.65962e-09 5.24881e-10
1.77926  419.705 5.85383e-05 0 1 2.65745e-09 5.24415e-10
1.78595  419.705 5.85382e-05 0 1 2.65532e-09 5.23959e-10
1.79264  419.706 5.85382e-05 0 1 2.65324e-09 5.23514e-10
1.79933  419.706 5.85382e-05 0 1 2.65121e-09 5.2308e-10
1.80602  419.706 5.85382e-05 0 1 2.64924e-09 5.22657e-10
1.81271  419.706 5.85381e-05 0 1 2.64732e-09 5.22247e-10
1.8194  419.706 5.85381e-05 0 1 2.64545e-09 5.21848e-10
1.82609  419.706 5.85381e-05 0 1 2.64365e-09 5.21462e-10
1.83278  419.707 5.85381e-05 0 1 2.6419e-09 5.21089e-10
1.83946  419.707 5.85381e-05 0 1 2.64022e-09 5.20729e-10
1.84615  419.707 5.8538e-05 0 1 2.63859e-09 5.20382e-10
1.85284  419.707 5.8538e-05 0 1 2.63703e-09 5.20049e-10
1.85953  419.707 5.8538e-05 0 1 2.63554e-09 5.1973e-10
1.86622  419.707 5.8538e-05 0 1 2.63411e-09 5.19425e-10
1.87291  419.707 5.85379e-05 0 1 2.63275e-09 5.19135e-10
1.8796  419.707 5.85379e-05 0 1 2.63146e-09 5.18859e-10
1.88629  419.708 5.85379e-05 0 1 2.63023e-09 5.18597e-10
1.89298  419.708 5.8538e-05 0 0.999999 2.62907e-09 5.1835e-10
1.89967  419.708 5.85379e-05 0 1 2.62799e-09 5.18119e-10
1.90635  419.708 5.85379e-05 0 1 2.62697e-09 5.17903e-10
1.91304  419.708 5.85379e-05 0 1 2.62603e-09 5.17702e-10
1.91973  419.708 5.85379e-05 0 1 2.62516e-09 5.17516e-10
1.92642  419.708 5.85379e-05 0 1 2.62436e-09 5.17346e-10
1.93311  419.708 5.85379e-05 0 1 2.62363e-09 5.17191e-10
1.9398  419.708 5.85379e-05 0 1 2.62298e-09 5.17052e-10
1.94649  419.708 5.85379e-05 0 1 2.6224e-09 5.16928e-10
1.95318  419.708 5.85378e-05 0 1 2.62189e-09 5.1682e-10
1.95987  419.708 5.85378e-05 0 1 2.62146e-09 5.16727e-10
1.96656  419.708 5.85378e-05 0 1 2.6211e-09 5.1665e-10
1.97324  419.708 5.85378e-05 0 1 2.62081e-09 5.16589e-10
1.97993  419.708 5.85378e-05 0 1 2.62059e-09 5.16543e-10
1.98662  419.708 5.85378e-05 0 1 2.62045e-09 5.16512e-10
1.99331  419.708 5.85378e-05 0 1 2.62038e-09 5.16497e-10
2  419.708 5.85378e-05 0 1 2.62038e-09 5.16497e-10
