TITLE="Graphics"
VARIABLES= "x", "T", "rho", "u",, "Y_H2", "Y_O2", "Y_N2"
0  400 6.1422e-05 0 1 0 0
0.00668896  419.307 5.85939e-05 0 1 1.76531e-09 3.21014e-10
0.0133779  419.307 5.85939e-05 0 1 1.765e-09 3.20957e-10
0.0200669  419.307 5.85939e-05 0 1 1.76443e-09 3.20853e-10
0.0267559  419.307 5.85939e-05 0 1 1.76363e-09 3.20704e-10
0.0334448  419.307 5.85938e-05 0 1 1.76259e-09 3.20512e-10
0.0401338  419.307 5.85938e-05 0 1 1.76131e-09 3.20276e-10
0.0468227  419.307 5.85938e-05 0 1 1.75979e-09 3.19997e-10
0.0535117  419.308 5.85938e-05 0 1 1.75804e-09 3.19674e-10
0.0602007  419.308 5.85937e-05 0 1 1.75606e-09 3.19309e-10
0.0668896  419.308 5.85937e-05 0 1 1.75384e-09 3.189e-10
0.0735786  419.309 5.85936e-05 0 1 1.7514e-09 3.18448e-10
0.0802676  419.309 5.85936e-05 0 1 1.74872e-09 3.17954e-10
0.0869565  419.31 5.85935e-05 0 1 1.7458e-09 3.17417e-10
0.0936455  419.31 5.85934e-05 0 1 1.74266e-09 3.16837e-10
0.100334  419.31 5.85934e-05 0 1 1.73929e-09 3.16216e-10
0.107023  419.311 5.85933e-05 0 1 1.73569e-09 3.15552e-10
0.113712  419.312 5.85932e-05 0 1 1.73186e-09 3.14845e-10
0.120401  419.312 5.85931e-05 0 1 1.7278e-09 3.14098e-10
0.12709  419.313 5.8593e-05 0 1 1.72352e-09 3.13308e-10
0.133779  419.313 5.85929e-05 0 1 1.71902e-09 3.12477e-10
0.140468  419.314 5.85929e-05 0 1 1.71429e-09 3.11605e-10
0.147157  419.315 5.85927e-05 0 1 1.70933e-09 3.10692e-10
0.153846  419.316 5.85926e-05 0 1 1.70416e-09 3.09738e-10
0.160535  419.316 5.85925e-05 0 1 1.69876e-09 3.08743e-10
0.167224  419.317 5.85924e-05 0 1 1.69315e-09 3.07708e-10
0.173913  419.318 5.85923e-05 0 1 1.68732e-09 3.06633e-10
0.180602  419.319 5.85922e-05 0 1 1.68127e-09 3.05518e-10
0.187291  419.32 5.8592e-05 0 1 1.67501e-09 3.04363e-10
0.19398  419.321 5.85919e-05 0 1 1.66853e-09 3.03169e-10
0.200669  419.322 5.85918e-05 0 1 1.66184e-09 3.01937e-10
0.207358  419.323 5.85916e-05 0 1 1.65494e-09 3.00665e-10
0.214047  419.324 5.85915e-05 0 1 1.64784e-09 2.99355e-10
0.220736  419.325 5.85913e-05 0 1 1.64052e-09 2.98007e-10
0.227425  419.326 5.85912e-05 0 1 1.63301e-09 2.96621e-10
0.234114  419.327 5.8591e-05 0 1 1.62528e-09 2.95198e-10
0.240803  419.329 5.85908e-05 0 1 1.61736e-09 2.93738e-10
0.247492  419.33 5.85907e-05 0 1 1.60924e-09 2.92241e-10
0.254181  419.331 5.85905e-05 0 1 1.60092e-09 2.90707e-10
0.26087  419.332 5.85903e-05 0 1 1.5924e-09 2.89138e-10
0.267559  419.334 5.85901e-05 0 1 1.58369e-09 2.87533e-10
0.274247  419.335 5.859e-05 0 1 1.57479e-09 2.85893e-10
0.280936  419.336 5.85898e-05 0 1 1.5657e-09 2.84218e-10
0.287625  419.338 5.85896e-05 0 1 1.55642e-09 2.82508e-10
0.294314  419.339 5.85894e-05 0 1 1.54695e-09 2.80764e-10
0.301003  419.34 5.85892e-05 0 1 1.53731e-09 2.78987e-10
0.307692  419.342 5.8589e-05 0 1 1.52749e-09 2.77177e-10
0.314381  419.343 5.85888e-05 0 1 1.51748e-09 2.75334e-10
0.32107  419.345 5.85886e-05 0 1 1.5073e-09 2.7346e-10
0.327759  419.346 5.85883e-05 0 1 1.49695e-09 2.71553e-10
0.334448  419.348 5.85881e-05 0 1 1.48643e-09 2.69614e-10
0.341137  419.35 5.85879e-05 0 1 1.47573e-09 2.67645e-10
0.347826  419.351 5.85877e-05 0 1 1.46487e-09 2.65645e-10
0.354515  419.353 5.85875e-05 0 1 1.45385e-09 2.63616e-10
0.361204  419.355 5.85872e-05 0 1 1.44266e-09 2.61556e-10
0.367893  419.356 5.8587e-05 0 1 1.43132e-09 2.59468e-10
0.374582  419.358 5.85867e-05 0 1 1.41982e-09 2.57351e-10
0.381271  419.36 5.85865e-05 0 1 1.40817e-09 2.55206e-10
0.38796  419.361 5.85863e-05 0 1 1.39636e-09 2.53033e-10
0.394649  419.363 5.8586e-05 0 1 1.38441e-09 2.50833e-10
0.401338  419.365 5.85857e-05 0 1 1.37231e-09 2.48607e-10
0.408027  419.367 5.85855e-05 0 1 1.36008e-09 2.46355e-10
0.414716  419.369 5.85852e-05 0 1 1.3477e-09 2.44077e-10
0.421405  419.371 5.8585e-05 0 1 1.33518e-09 2.41774e-10
0.428094  419.372 5.85847e-05 0 1 1.32253e-09 2.39447e-10
0.434783  419.374 5.85844e-05 0 1 1.30975e-09 2.37096e-10
0.441472  419.376 5.85842e-05 0 1 1.29685e-09 2.34721e-10
0.448161  419.378 5.85839e-05 0 1 1.28381e-09 2.32324e-10
0.454849  419.38 5.85836e-05 0 1 1.27066e-09 2.29905e-10
0.461538  419.382 5.85833e-05 0 1 1.25739e-09 2.27464e-10
0.468227  419.384 5.85831e-05 0 1 1.244e-09 2.25002e-10
0.474916  419.386 5.85828e-05 0 1 1.2305e-09 2.22519e-10
0.481605  419.388 5.85825e-05 0 1 1.21688e-09 2.20017e-10
0.488294  419.39 5.85822e-05 0 1 1.20317e-09 2.17495e-10
0.494983  419.393 5.85819e-05 0 1 1.18935e-09 2.14954e-10
0.501672  419.395 5.85816e-05 0 1 1.17543e-09 2.12395e-10
0.508361  419.397 5.85813e-05 0 1 1.16141e-09 2.09819e-10
0.51505  419.399 5.8581e-05 0 1 1.1473e-09 2.07226e-10
0.521739  419.401 5.85807e-05 0 1 1.13309e-09 2.04616e-10
0.528428  419.403 5.85804e-05 0 1 1.1188e-09 2.0199e-10
0.535117  419.405 5.85801e-05 0 1 1.10443e-09 1.9935e-10
0.541806  419.408 5.85798e-05 0 1 1.08997e-09 1.96694e-10
0.548495  419.41 5.85795e-05 0 1 1.07544e-09 1.94025e-10
0.555184  419.412 5.85792e-05 0 1 1.06084e-09 1.91343e-10
0.561873  419.414 5.85789e-05 0 1 1.04616e-09 1.88647e-10
0.568562  419.417 5.85785e-05 0 1 1.03141e-09 1.8594e-10
0.575251  419.419 5.85782e-05 0 1 1.01661e-09 1.83222e-10
0.58194  419.421 5.85779e-05 0 1 1.00175e-09 1.80494e-10
0.588629  419.423 5.85776e-05 0 1 9.86844e-10 1.77758e-10
0.595318  419.426 5.85773e-05 0 1 9.71901e-10 1.75016e-10
0.602007  419.428 5.85769e-05 0 1 9.56925e-10 1.72267e-10
0.608696  419.43 5.85766e-05 0 1 9.41925e-10 1.69515e-10
0.615385  419.433 5.85763e-05 0 1 9.26907e-10 1.66759e-10
0.622074  419.435 5.8576e-05 0 1 9.11878e-10 1.64002e-10
0.628763  419.437 5.85756e-05 0 1 8.96844e-10 1.61245e-10
0.635452  419.44 5.85753e-05 0 1 8.81813e-10 1.58488e-10
0.64214  419.442 5.8575e-05 0 1 8.66789e-10 1.55733e-10
0.648829  419.445 5.85746e-05 0 1 8.5178e-10 1.52981e-10
0.655518  419.447 5.85743e-05 0 1 8.36792e-10 1.50234e-10
0.662207  419.449 5.8574e-05 0 1 8.21831e-10 1.47491e-10
0.668896  419.452 5.85736e-05 0 1 8.06903e-10 1.44756e-10
0.675585  419.454 5.85733e-05 0 1 7.92013e-10 1.42027e-10
0.682274  419.457 5.8573e-05 0 1 7.77167e-10 1.39308e-10
0.688963  419.459 5.85726e-05 0 1 7.62371e-10 1.36597e-10
0.695652  419.461 5.85723e-05 0 1 7.4763e-10 1.33898e-10
0.702341  419.464 5.85719e-05 0 1 7.3295e-10 1.3121e-10
0.70903  419.466 5.85716e-05 0 1 7.18335e-10 1.28535e-10
0.715719  419.469 5.85713e-05 0 1 7.03791e-10 1.25873e-10
0.722408  419.471 5.85709e-05 0 1 6.89324e-10 1.23225e-10
0.729097  419.474 5.85706e-05 0 1 6.74936e-10 1.20593e-10
0.735786  419.476 5.85702e-05 0 1 6.60634e-10 1.17977e-10
0.742475  419.479 5.85699e-05 0 1 6.46422e-10 1.15378e-10
0.749164  419.481 5.85695e-05 0 1 6.32305e-10 1.12797e-10
0.755853  419.484 5.85692e-05 0 1 6.18286e-10 1.10235e-10
0.762542  419.486 5.85688e-05 0 1 6.0437e-10 1.07691e-10
0.769231  419.488 5.85685e-05 0 1 5.90562e-10 1.05169e-10
0.77592  419.491 5.85682e-05 0 1 5.76865e-10 1.02667e-10
0.782609  419.493 5.85678e-05 0 1 5.63283e-10 1.00187e-10
0.789298  419.496 5.85675e-05 0 1 5.4982e-10 9.77287e-11
0.795987  419.498 5.85671e-05 0 1 5.36479e-10 9.52938e-11
0.802676  419.501 5.85668e-05 0 1 5.23265e-10 9.28826e-11
0.809365  419.503 5.85664e-05 0 1 5.1018e-10 9.04956e-11
0.816054  419.506 5.85661e-05 0 1 4.97226e-10 8.81332e-11
0.822742  419.508 5.85657e-05 0 1 4.84407e-10 8.57962e-11
0.829431  419.511 5.85654e-05 0 1 4.71727e-10 8.34852e-11
0.83612  419.513 5.85651e-05 0 1 4.59189e-10 8.12009e-11
0.842809  419.516 5.85647e-05 0 1 4.46796e-10 7.89436e-11
0.849498  419.518 5.85644e-05 0 1 4.3455e-10 7.67139e-11
0.856187  419.521 5.8564e-05 0 1 4.22455e-10 7.45122e-11
0.862876  419.523 5.85637e-05 0 1 4.10512e-10 7.23391e-11
0.869565  419.525 5.85633e-05 0 1 3.98723e-10 7.01948e-11
0.876254  419.528 5.8563e-05 0 1 3.87092e-10 6.80799e-11
0.882943  419.53 5.85627e-05 0 1 3.7562e-10 6.59947e-11
0.889632  419.533 5.85623e-05 0 1 3.64309e-10 6.39395e-11
0.896321  419.535 5.8562e-05 0 1 3.53162e-10 6.19148e-11
0.90301  419.538 5.85616e-05 0 1 3.42179e-10 5.99208e-11
0.909699  419.54 5.85613e-05 0 1 3.31362e-10 5.79579e-11
0.916388  419.543 5.8561e-05 0 0.999999 3.20714e-10 5.60262e-11
0.923077  419.545 5.85608e-05 0 0.999998 3.10235e-10 5.41261e-11
0.929766  419.547 5.85604e-05 0 0.999999 2.99927e-10 5.22579e-11
0.936455  419.55 5.85574e-05 0 1.00004 2.89796e-10 5.04226e-11
0.943144  419.552 5.8576e-05 0 0.99972 2.79843e-10 4.86206e-11
0.949833  419.555 5.84615e-05 0 1.00167 2.70568e-10 4.69378e-11
0.956522  419.557 5.85675e-05 0 0.999854 2.6042e-10 4.5106e-11
0.963211  419.559 5.86365e-05 0 0.998671 2.50474e-10 4.33114e-11
0.9699  419.562 5.85536e-05 0 1.00008 2.41731e-10 4.17273e-11
0.976589  419.564 5.85578e-05 0 1 2.32641e-10 4.00859e-11
0.983278  419.566 5.85564e-05 0 1.00002 2.23745e-10 3.84803e-11
0.989967  419.569 5.85584e-05 0 0.999981 2.15019e-10 3.69062e-11
0.996656  419.571 5.85574e-05 0 0.999993 2.06473e-10 3.53654e-11
1.00334  419.573 5.85566e-05 0 1 1.98105e-10 3.38578e-11
1.01003  419.576 5.85564e-05 0 1 1.89918e-10 3.23836e-11
1.01672  419.578 5.8556e-05 0 1 1.81909e-10 3.09426e-11
1.02341  419.58 5.85557e-05 0 1 1.74081e-10 2.95349e-11
1.0301  419.582 5.85554e-05 0 1 1.66431e-10 2.81605e-11
1.03679  419.585 5.85551e-05 0 1 1.58961e-10 2.68192e-11
1.04348  419.587 5.85548e-05 0 1 1.5167e-10 2.55112e-11
1.05017  419.589 5.85544e-05 0 1 1.44558e-10 2.42362e-11
1.05686  419.591 5.85541e-05 0 1 1.37623e-10 2.29943e-11
1.06355  419.594 5.85538e-05 0 1 1.30867e-10 2.17852e-11
1.07023  419.596 5.85535e-05 0 1 1.24288e-10 2.06089e-11
1.07692  419.598 5.85532e-05 0 1 1.17885e-10 1.94652e-11
1.08361  419.6 5.85529e-05 0 1 1.11658e-10 1.83541e-11
1.0903  419.603 5.85526e-05 0 1 1.05606e-10 1.72752e-11
1.09699  419.605 5.85523e-05 0 1 9.97279e-11 1.62285e-11
1.10368  419.607 5.8552e-05 0 1 9.40228e-11 1.52138e-11
1.11037  419.609 5.85517e-05 0 1 8.84898e-11 1.42308e-11
1.11706  419.611 5.85514e-05 0 1 8.31276e-11 1.32794e-11
1.12375  419.613 5.85511e-05 0 1 7.79352e-11 1.23593e-11
1.13043  419.615 5.85508e-05 0 1 7.29111e-11 1.14702e-11
1.13712  419.617 5.85505e-05 0 1 6.80542e-11 1.0612e-11
1.14381  419.62 5.85502e-05 0 1 6.33631e-11 9.78425e-12
1.1505  419.622 5.85499e-05 0 1 5.88362e-11 8.9868e-12
1.15719  419.624 5.85496e-05 0 1 5.44721e-11 8.21932e-12
1.16388  419.626 5.85494e-05 0 1 5.02691e-11 7.4815e-12
1.17057  419.628 5.85491e-05 0 1 4.62257e-11 6.77304e-12
1.17726  419.63 5.85488e-05 0 1 4.23401e-11 6.0936e-12
1.18395  419.632 5.85485e-05 0 1 3.86106e-11 5.44285e-12
1.19064  419.634 5.85482e-05 0 1 3.50354e-11 4.82045e-12
1.19732  419.636 5.8548e-05 0 1 3.16125e-11 4.22603e-12
1.20401  419.638 5.85477e-05 0 1 2.83401e-11 3.65923e-12
1.2107  419.64 5.85474e-05 0 1 2.52163e-11 3.11968e-12
1.21739  419.641 5.85472e-05 0 1 2.22389e-11 2.60699e-12
1.22408  419.643 5.85469e-05 0 1 1.94058e-11 2.12076e-12
1.23077  419.645 5.85466e-05 0 1 1.67151e-11 1.66059e-12
1.23746  419.647 5.85464e-05 0 1 1.41645e-11 1.22608e-12
1.24415  419.649 5.85461e-05 0 1 1.17518e-11 8.16795e-13
1.25084  419.651 5.85459e-05 0 1 9.47467e-12 4.32318e-13
1.25753  419.653 5.85456e-05 0 1 7.33094e-12 7.22122e-14
1.26421  419.654 5.85453e-05 0 1 5.31823e-12 0
1.2709  419.656 5.85451e-05 0 1 3.43415e-12 0
1.27759  419.658 5.85448e-05 0 1 1.67631e-12 0
1.28428  419.66 5.85446e-05 0 1 4.22648e-14 0
1.29097  419.662 5.85444e-05 0 1 0 0
1.29766  419.663 5.85441e-05 0 1 0 0
1.30435  419.665 5.85439e-05 0 1 0 0
1.31104  419.667 5.85436e-05 0 1 0 0
1.31773  419.668 5.85434e-05 0 1 0 0
1.32441  419.67 5.85432e-05 0 1 0 0
1.3311  419.672 5.85429e-05 0 1 0 0
1.33779  419.673 5.85427e-05 0 1 0 0
1.34448  419.675 5.85425e-05 0 1 0 0
1.35117  419.677 5.85423e-05 0 1 0 0
1.35786  419.678 5.8542e-05 0 1 4.96547e-11 0
1.36455  419.68 5.85418e-05 0 1 1.50375e-10 1.78079e-11
1.37124  419.681 5.85416e-05 0 1 2.50084e-10 3.79729e-11
1.37793  419.683 5.85414e-05 0 1 3.48774e-10 5.79345e-11
1.38462  419.684 5.85412e-05 0 1 4.46442e-10 7.76916e-11
1.3913  419.686 5.8541e-05 0 1 5.43082e-10 9.72431e-11
1.39799  419.687 5.85408e-05 0 1 6.3869e-10 1.16588e-10
1.40468  419.689 5.85406e-05 0 1 7.3326e-10 1.35725e-10
1.41137  419.69 5.85403e-05 0 1 8.2679e-10 1.54654e-10
1.41806  419.692 5.85402e-05 0 1 9.19271e-10 1.73372e-10
1.42475  419.693 5.854e-05 0 0.999999 1.0107e-09 1.9188e-10
1.43144  419.694 5.85398e-05 0 1 1.10108e-09 2.10176e-10
1.43813  419.696 5.85396e-05 0 1 1.19039e-09 2.2826e-10
1.44482  419.697 5.85394e-05 0 1 1.27865e-09 2.46131e-10
1.45151  419.699 5.85392e-05 0 1 1.36583e-09 2.63787e-10
1.45819  419.7 5.8539e-05 0 1 1.45195e-09 2.81228e-10
1.46488  419.701 5.85388e-05 0 1 1.53699e-09 2.98453e-10
1.47157  419.702 5.85387e-05 0 1 1.62095e-09 3.15461e-10
1.47826  419.704 5.85385e-05 0 1 1.70382e-09 3.32252e-10
1.48495  419.705 5.85383e-05 0 1 1.78562e-09 3.48824e-10
1.49164  419.706 5.85381e-05 0 1 1.86632e-09 3.65178e-10
1.49833  419.707 5.8538e-05 0 1 1.94594e-09 3.81312e-10
1.50502  419.709 5.85378e-05 0 1 2.02446e-09 3.97226e-10
1.51171  419.71 5.85376e-05 0 1 2.10188e-09 4.12919e-10
1.51839  419.711 5.85375e-05 0 1 2.17836e-09 4.2839e-10
1.52508  419.712 5.85373e-05 0 1 2.25461e-09 4.43695e-10
1.53177  419.713 5.85371e-05 0 1 2.32978e-09 4.58934e-10
1.53846  419.714 5.8537e-05 0 1 2.40386e-09 4.73953e-10
1.54515  419.715 5.85368e-05 0 1 2.47685e-09 4.88752e-10
1.55184  419.717 5.85367e-05 0 1 2.54875e-09 5.03329e-10
1.55853  419.718 5.85365e-05 0 1 2.61955e-09 5.17684e-10
1.56522  419.719 5.85364e-05 0 1 2.68925e-09 5.31816e-10
1.57191  419.72 5.85362e-05 0 1 2.75785e-09 5.45725e-10
1.5786  419.721 5.85361e-05 0 1 2.82534e-09 5.5941e-10
1.58528  419.722 5.8536e-05 0 1 2.89173e-09 5.7287e-10
1.59197  419.723 5.85357e-05 0 1 2.957e-09 5.86106e-10
1.59866  419.724 5.85358e-05 0 0.999998 3.02115e-09 5.99113e-10
1.60535  419.725 5.85356e-05 0 1 3.08419e-09 6.11897e-10
1.61204  419.725 5.85354e-05 0 1 3.1461e-09 6.24453e-10
1.61873  419.726 5.85353e-05 0 1 3.2069e-09 6.36781e-10
1.62542  419.727 5.85352e-05 0 1 3.26657e-09 6.48882e-10
1.63211  419.728 5.85351e-05 0 1 3.32511e-09 6.60755e-10
1.6388  419.729 5.8535e-05 0 1 3.38253e-09 6.72399e-10
1.64548  419.73 5.85348e-05 0 1 3.43881e-09 6.83816e-10
1.65217  419.731 5.85347e-05 0 1 3.49397e-09 6.95004e-10
1.65886  419.731 5.85346e-05 0 1 3.548e-09 7.05964e-10
1.66555  419.732 5.85345e-05 0 1 3.60091e-09 7.16696e-10
1.67224  419.733 5.85344e-05 0 1 3.65268e-09 7.27201e-10
1.67893  419.734 5.85343e-05 0 1 3.70334e-09 7.37477e-10
1.68562  419.734 5.85342e-05 0 1 3.75286e-09 7.47526e-10
1.69231  419.735 5.85341e-05 0 1 3.80127e-09 7.57348e-10
1.699  419.736 5.8534e-05 0 1 3.84855e-09 7.66942e-10
1.70569  419.737 5.85339e-05 0 1 3.89472e-09 7.7631e-10
1.71237  419.737 5.85338e-05 0 1 3.93976e-09 7.85451e-10
1.71906  419.738 5.85337e-05 0 1 3.98369e-09 7.94366e-10
1.72575  419.738 5.85336e-05 0 1 4.0265e-09 8.03054e-10
1.73244  419.739 5.85335e-05 0 1 4.0682e-09 8.11518e-10
1.73913  419.74 5.85335e-05 0 1 4.10879e-09 8.19755e-10
1.74582  419.74 5.85334e-05 0 1 4.14826e-09 8.27768e-10
1.75251  419.741 5.85333e-05 0 1 4.18663e-09 8.35557e-10
1.7592  419.741 5.85332e-05 0 1 4.2239e-09 8.43121e-10
1.76589  419.742 5.85331e-05 0 1 4.26006e-09 8.50462e-10
1.77258  419.742 5.85331e-05 0 1 4.29512e-09 8.5758e-10
1.77926  419.743 5.8533e-05 0 1 4.32908e-09 8.64475e-10
1.78595  419.743 5.85329e-05 0 1 4.36195e-09 8.71148e-10
1.79264  419.744 5.85329e-05 0 1 4.39373e-09 8.776e-10
1.79933  419.744 5.85328e-05 0 1 4.42442e-09 8.83831e-10
1.80602  419.745 5.85327e-05 0 1 4.45403e-09 8.89842e-10
1.81271  419.745 5.85327e-05 0 1 4.48255e-09 8.95634e-10
1.8194  419.746 5.85326e-05 0 1 4.50999e-09 9.01206e-10
1.82609  419.746 5.85326e-05 0 1 4.53636e-09 9.06561e-10
1.83278  419.746 5.85325e-05 0 1 4.56165e-09 9.11698e-10
1.83946  419.747 5.85325e-05 0 1 4.58588e-09 9.16618e-10
1.84615  419.747 5.85324e-05 0 1 4.60905e-09 9.21322e-10
1.85284  419.747 5.85324e-05 0 1 4.63115e-09 9.25811e-10
1.85953  419.748 5.85323e-05 0 1 4.6522e-09 9.30085e-10
1.86622  419.748 5.85323e-05 0 1 4.6722e-09 9.34147e-10
1.87291  419.748 5.85322e-05 0 1 4.69115e-09 9.37996e-10
1.8796  419.748 5.85322e-05 0 1 4.70905e-09 9.41632e-10
1.88629  419.749 5.85322e-05 0 1 4.72592e-09 9.45057e-10
1.89298  419.749 5.85322e-05 0 0.999999 4.74174e-09 9.48272e-10
1.89967  419.749 5.85321e-05 0 1 4.75656e-09 9.5128e-10
1.90635  419.749 5.85321e-05 0 1 4.77033e-09 9.54079e-10
1.91304  419.75 5.85321e-05 0 1 4.78309e-09 9.5667e-10
1.91973  419.75 5.85321e-05 0 1 4.79484e-09 9.59056e-10
1.92642  419.75 5.8532e-05 0 1 4.80557e-09 9.61237e-10
1.93311  419.75 5.8532e-05 0 1 4.81531e-09 9.63213e-10
1.9398  419.75 5.8532e-05 0 1 4.82404e-09 9.64987e-10
1.94649  419.75 5.8532e-05 0 1 4.83178e-09 9.66559e-10
1.95318  419.75 5.8532e-05 0 1 4.83853e-09 9.67931e-10
1.95987  419.75 5.8532e-05 0 1 4.8443e-09 9.69102e-10
1.96656  419.751 5.85319e-05 0 1 4.84909e-09 9.70076e-10
1.97324  419.751 5.85319e-05 0 1 4.85291e-09 9.70852e-10
1.97993  419.751 5.85319e-05 0 1 4.85577e-09 9.71433e-10
1.98662  419.751 5.85319e-05 0 1 4.85767e-09 9.71818e-10
1.99331  419.751 5.85319e-05 0 1 4.85861e-09 9.72011e-10
2  419.751 5.85319e-05 0 1 4.85861e-09 9.72011e-10
