TITLE="Graphics"
VARIABLES= "x", "T", "rho", "u",, "Y_H2", "Y_O2", "Y_N2"
0  400 6.1422e-05 0 1 0 0
0.00668896  419.661 5.85444e-05 0 1 2.08117e-09 4.03229e-10
0.0133779  419.661 5.85444e-05 0 1 2.08127e-09 4.0325e-10
0.0200669  419.661 5.85444e-05 0 1 2.08145e-09 4.03287e-10
0.0267559  419.661 5.85444e-05 0 1 2.0817e-09 4.0334e-10
0.0334448  419.661 5.85444e-05 0 1 2.08203e-09 4.0341e-10
0.0401338  419.661 5.85444e-05 0 1 2.08243e-09 4.03494e-10
0.0468227  419.661 5.85444e-05 0 1 2.08291e-09 4.03595e-10
0.0535117  419.661 5.85444e-05 0 1 2.08347e-09 4.03711e-10
0.0602007  419.661 5.85444e-05 0 1 2.08409e-09 4.03843e-10
0.0668896  419.661 5.85444e-05 0 1 2.08479e-09 4.0399e-10
0.0735786  419.661 5.85444e-05 0 1 2.08557e-09 4.04153e-10
0.0802676  419.661 5.85444e-05 0 1 2.08642e-09 4.04331e-10
0.0869565  419.661 5.85444e-05 0 1 2.08734e-09 4.04524e-10
0.0936455  419.661 5.85444e-05 0 1 2.08834e-09 4.04733e-10
0.100334  419.661 5.85444e-05 0 1 2.08941e-09 4.04958e-10
0.107023  419.661 5.85444e-05 0 1 2.09055e-09 4.05198e-10
0.113712  419.661 5.85444e-05 0 1 2.09177e-09 4.05453e-10
0.120401  419.661 5.85444e-05 0 1 2.09306e-09 4.05723e-10
0.12709  419.661 5.85444e-05 0 1 2.09442e-09 4.06009e-10
0.133779  419.662 5.85444e-05 0 1 2.09585e-09 4.0631e-10
0.140468  419.662 5.85444e-05 0 1 2.09736e-09 4.06627e-10
0.147157  419.662 5.85443e-05 0 1 2.09894e-09 4.06958e-10
0.153846  419.662 5.85443e-05 0 1 2.10059e-09 4.07305e-10
0.160535  419.662 5.85443e-05 0 1 2.10231e-09 4.07666e-10
0.167224  419.662 5.85443e-05 0 1 2.10411e-09 4.08043e-10
0.173913  419.662 5.85443e-05 0 1 2.10597e-09 4.08435e-10
0.180602  419.662 5.85443e-05 0 1 2.10791e-09 4.08841e-10
0.187291  419.662 5.85443e-05 0 1 2.10992e-09 4.09263e-10
0.19398  419.662 5.85443e-05 0 1 2.112e-09 4.09699e-10
0.200669  419.662 5.85443e-05 0 1 2.11415e-09 4.1015e-10
0.207358  419.662 5.85443e-05 0 1 2.11637e-09 4.10616e-10
0.214047  419.662 5.85443e-05 0 1 2.11866e-09 4.11097e-10
0.220736  419.662 5.85443e-05 0 1 2.12102e-09 4.11592e-10
0.227425  419.662 5.85443e-05 0 1 2.12345e-09 4.12102e-10
0.234114  419.662 5.85443e-05 0 1 2.12595e-09 4.12626e-10
0.240803  419.662 5.85443e-05 0 1 2.12852e-09 4.13165e-10
0.247492  419.662 5.85442e-05 0 1 2.13115e-09 4.13719e-10
0.254181  419.662 5.85442e-05 0 1 2.13386e-09 4.14286e-10
0.26087  419.662 5.85442e-05 0 1 2.13663e-09 4.14868e-10
0.267559  419.662 5.85442e-05 0 1 2.13947e-09 4.15464e-10
0.274247  419.663 5.85442e-05 0 1 2.14238e-09 4.16074e-10
0.280936  419.663 5.85442e-05 0 1 2.14535e-09 4.16698e-10
0.287625  419.663 5.85442e-05 0 1 2.14839e-09 4.17336e-10
0.294314  419.663 5.85442e-05 0 1 2.1515e-09 4.17988e-10
0.301003  419.663 5.85442e-05 0 1 2.15467e-09 4.18654e-10
0.307692  419.663 5.85442e-05 0 1 2.15791e-09 4.19334e-10
0.314381  419.663 5.85442e-05 0 1 2.16121e-09 4.20027e-10
0.32107  419.663 5.85441e-05 0 1 2.16458e-09 4.20734e-10
0.327759  419.663 5.85441e-05 0 1 2.16801e-09 4.21454e-10
0.334448  419.663 5.85441e-05 0 1 2.17151e-09 4.22188e-10
0.341137  419.663 5.85441e-05 0 1 2.17507e-09 4.22935e-10
0.347826  419.663 5.85441e-05 0 1 2.17869e-09 4.23695e-10
0.354515  419.663 5.85441e-05 0 1 2.18237e-09 4.24469e-10
0.361204  419.663 5.85441e-05 0 1 2.18612e-09 4.25255e-10
0.367893  419.664 5.85441e-05 0 1 2.18993e-09 4.26055e-10
0.374582  419.664 5.85441e-05 0 1 2.1938e-09 4.26867e-10
0.381271  419.664 5.8544e-05 0 1 2.19773e-09 4.27692e-10
0.38796  419.664 5.8544e-05 0 1 2.20172e-09 4.2853e-10
0.394649  419.664 5.8544e-05 0 1 2.20577e-09 4.2938e-10
0.401338  419.664 5.8544e-05 0 1 2.20989e-09 4.30243e-10
0.408027  419.664 5.8544e-05 0 1 2.21405e-09 4.31118e-10
0.414716  419.664 5.8544e-05 0 1 2.21828e-09 4.32005e-10
0.421405  419.664 5.8544e-05 0 1 2.22257e-09 4.32905e-10
0.428094  419.664 5.8544e-05 0 1 2.22691e-09 4.33816e-10
0.434783  419.664 5.85439e-05 0 1 2.23131e-09 4.3474e-10
0.441472  419.665 5.85439e-05 0 1 2.23577e-09 4.35675e-10
0.448161  419.665 5.85439e-05 0 1 2.24028e-09 4.36622e-10
0.454849  419.665 5.85439e-05 0 1 2.24485e-09 4.3758e-10
0.461538  419.665 5.85439e-05 0 1 2.24947e-09 4.38551e-10
0.468227  419.665 5.85439e-05 0 1 2.25414e-09 4.39532e-10
0.474916  419.665 5.85439e-05 0 1 2.25887e-09 4.40525e-10
0.481605  419.665 5.85439e-05 0 1 2.26365e-09 4.41528e-10
0.488294  419.665 5.85438e-05 0 1 2.26849e-09 4.42543e-10
0.494983  419.665 5.85438e-05 0 1 2.27338e-09 4.43569e-10
0.501672  419.665 5.85438e-05 0 1 2.27831e-09 4.44605e-10
0.508361  419.666 5.85438e-05 0 1 2.2833e-09 4.45652e-10
0.51505  419.666 5.85438e-05 0 1 2.28834e-09 4.4671e-10
0.521739  419.666 5.85438e-05 0 1 2.29343e-09 4.47778e-10
0.528428  419.666 5.85437e-05 0 1 2.29856e-09 4.48856e-10
0.535117  419.666 5.85437e-05 0 1 2.30375e-09 4.49944e-10
0.541806  419.666 5.85437e-05 0 1 2.30898e-09 4.51042e-10
0.548495  419.666 5.85437e-05 0 1 2.31426e-09 4.5215e-10
0.555184  419.666 5.85437e-05 0 1 2.31958e-09 4.53268e-10
0.561873  419.666 5.85437e-05 0 1 2.32495e-09 4.54395e-10
0.568562  419.667 5.85437e-05 0 1 2.33037e-09 4.55532e-10
0.575251  419.667 5.85436e-05 0 1 2.33583e-09 4.56678e-10
0.58194  419.667 5.85436e-05 0 1 2.34133e-09 4.57833e-10
0.588629  419.667 5.85436e-05 0 1 2.34688e-09 4.58998e-10
0.595318  419.667 5.85436e-05 0 1 2.35247e-09 4.60171e-10
0.602007  419.667 5.85436e-05 0 1 2.3581e-09 4.61353e-10
0.608696  419.667 5.85436e-05 0 1 2.36377e-09 4.62543e-10
0.615385  419.667 5.85435e-05 0 1 2.36948e-09 4.63742e-10
0.622074  419.668 5.85435e-05 0 1 2.37523e-09 4.64949e-10
0.628763  419.668 5.85435e-05 0 1 2.38102e-09 4.66165e-10
0.635452  419.668 5.85435e-05 0 1 2.38685e-09 4.67388e-10
0.64214  419.668 5.85435e-05 0 1 2.39271e-09 4.68619e-10
0.648829  419.668 5.85435e-05 0 1 2.39861e-09 4.69858e-10
0.655518  419.668 5.85434e-05 0 1 2.40455e-09 4.71105e-10
0.662207  419.668 5.85434e-05 0 1 2.41052e-09 4.72358e-10
0.668896  419.668 5.85434e-05 0 1 2.41653e-09 4.73619e-10
0.675585  419.669 5.85434e-05 0 1 2.42257e-09 4.74887e-10
0.682274  419.669 5.85434e-05 0 1 2.42864e-09 4.76162e-10
0.688963  419.669 5.85433e-05 0 1 2.43475e-09 4.77444e-10
0.695652  419.669 5.85433e-05 0 1 2.44089e-09 4.78733e-10
0.702341  419.669 5.85433e-05 0 1 2.44705e-09 4.80027e-10
0.70903  419.669 5.85433e-05 0 1 2.45325e-09 4.81329e-10
0.715719  419.669 5.85433e-05 0 1 2.45948e-09 4.82636e-10
0.722408  419.669 5.85433e-05 0 1 2.46573e-09 4.83949e-10
0.729097  419.67 5.85432e-05 0 1 2.47201e-09 4.85268e-10
0.735786  419.67 5.85432e-05 0 1 2.47832e-09 4.86592e-10
0.742475  419.67 5.85432e-05 0 1 2.48465e-09 4.87922e-10
0.749164  419.67 5.85432e-05 0 1 2.49101e-09 4.89258e-10
0.755853  419.67 5.85432e-05 0 1 2.4974e-09 4.90598e-10
0.762542  419.67 5.85431e-05 0 1 2.5038e-09 4.91943e-10
0.769231  419.67 5.85431e-05 0 1 2.51023e-09 4.93294e-10
0.77592  419.67 5.85431e-05 0 1 2.51669e-09 4.94648e-10
0.782609  419.671 5.85431e-05 0 1 2.52316e-09 4.96008e-10
0.789298  419.671 5.85431e-05 0 1 2.52965e-09 4.97371e-10
0.795987  419.671 5.85431e-05 0 1 2.53616e-09 4.98739e-10
0.802676  419.671 5.8543e-05 0 1 2.54269e-09 5.0011e-10
0.809365  419.671 5.8543e-05 0 1 2.54924e-09 5.01485e-10
0.816054  419.671 5.8543e-05 0 1 2.55581e-09 5.02864e-10
0.822742  419.671 5.8543e-05 0 1 2.56239e-09 5.04246e-10
0.829431  419.672 5.8543e-05 0 1 2.56899e-09 5.05632e-10
0.83612  419.672 5.85429e-05 0 1 2.5756e-09 5.0702e-10
0.842809  419.672 5.85429e-05 0 1 2.58222e-09 5.08411e-10
0.849498  419.672 5.85429e-05 0 1 2.58886e-09 5.09805e-10
0.856187  419.672 5.85429e-05 0 1 2.59551e-09 5.11202e-10
0.862876  419.672 5.85429e-05 0 1 2.60217e-09 5.126e-10
0.869565  419.672 5.85428e-05 0 1 2.60884e-09 5.14001e-10
0.876254  419.672 5.85428e-05 0 1 2.61551e-09 5.15404e-10
0.882943  419.673 5.85428e-05 0 1 2.6222e-09 5.16809e-10
0.889632  419.673 5.85428e-05 0 1 2.6289e-09 5.18215e-10
0.896321  419.673 5.85428e-05 0 1 2.6356e-09 5.19622e-10
0.90301  419.673 5.85428e-05 0 1 2.6423e-09 5.21031e-10
0.909699  419.673 5.85427e-05 0 1 2.64901e-09 5.22441e-10
0.916388  419.673 5.85428e-05 0 0.999999 2.65573e-09 5.23851e-10
0.923077  419.673 5.85428e-05 0 0.999998 2.66243e-09 5.2526e-10
0.929766  419.674 5.85422e-05 0 1.00001 2.66918e-09 5.26677e-10
0.936455  419.674 5.85404e-05 0 1.00004 2.67617e-09 5.28144e-10
0.943144  419.674 5.85614e-05 0 0.99968 2.68259e-09 5.295e-10
0.949833  419.674 5.84493e-05 0 1.0016 2.69382e-09 5.318e-10
0.956522  419.674 5.85534e-05 0 0.999815 2.69566e-09 5.32245e-10
0.963211  419.674 5.86114e-05 0 0.998827 2.69908e-09 5.33005e-10
0.9699  419.674 5.85369e-05 0 1.0001 2.70899e-09 5.35046e-10
0.976589  419.675 5.8544e-05 0 0.999976 2.71613e-09 5.36543e-10
0.983278  419.675 5.85408e-05 0 1.00003 2.723e-09 5.37986e-10
0.989967  419.675 5.85438e-05 0 0.999977 2.72953e-09 5.3936e-10
0.996656  419.675 5.8543e-05 0 0.999991 2.73626e-09 5.40773e-10
1.00334  419.675 5.85424e-05 0 1 2.74297e-09 5.42184e-10
1.01003  419.675 5.85425e-05 0 1 2.74964e-09 5.43586e-10
1.01672  419.675 5.85424e-05 0 1 2.75631e-09 5.44987e-10
1.02341  419.675 5.85424e-05 0 1 2.76296e-09 5.46386e-10
1.0301  419.676 5.85424e-05 0 1 2.76961e-09 5.47782e-10
1.03679  419.676 5.85424e-05 0 1 2.77624e-09 5.49176e-10
1.04348  419.676 5.85424e-05 0 1 2.78285e-09 5.50567e-10
1.05017  419.676 5.85423e-05 0 1 2.78946e-09 5.51956e-10
1.05686  419.676 5.85423e-05 0 1 2.79605e-09 5.53341e-10
1.06355  419.676 5.85423e-05 0 1 2.80262e-09 5.54722e-10
1.07023  419.676 5.85423e-05 0 1 2.80917e-09 5.56101e-10
1.07692  419.677 5.85423e-05 0 1 2.81571e-09 5.57475e-10
1.08361  419.677 5.85422e-05 0 1 2.82223e-09 5.58846e-10
1.0903  419.677 5.85422e-05 0 1 2.82872e-09 5.60212e-10
1.09699  419.677 5.85422e-05 0 1 2.8352e-09 5.61574e-10
1.10368  419.677 5.85422e-05 0 1 2.84166e-09 5.62932e-10
1.11037  419.677 5.85422e-05 0 1 2.84809e-09 5.64285e-10
1.11706  419.677 5.85422e-05 0 1 2.8545e-09 5.65634e-10
1.12375  419.677 5.85421e-05 0 1 2.86089e-09 5.66977e-10
1.13043  419.678 5.85421e-05 0 1 2.86725e-09 5.68315e-10
1.13712  419.678 5.85421e-05 0 1 2.87358e-09 5.69647e-10
1.14381  419.678 5.85421e-05 0 1 2.87988e-09 5.70974e-10
1.1505  419.678 5.85421e-05 0 1 2.88616e-09 5.72295e-10
1.15719  419.678 5.85421e-05 0 1 2.89241e-09 5.7361e-10
1.16388  419.678 5.8542e-05 0 1 2.89863e-09 5.74919e-10
1.17057  419.678 5.8542e-05 0 1 2.90482e-09 5.76221e-10
1.17726  419.678 5.8542e-05 0 1 2.91098e-09 5.77517e-10
1.18395  419.679 5.8542e-05 0 1 2.9171e-09 5.78806e-10
1.19064  419.679 5.8542e-05 0 1 2.92319e-09 5.80088e-10
1.19732  419.679 5.8542e-05 0 1 2.92925e-09 5.81363e-10
1.20401  419.679 5.85419e-05 0 1 2.93527e-09 5.82631e-10
1.2107  419.679 5.85419e-05 0 1 2.94125e-09 5.83891e-10
1.21739  419.679 5.85419e-05 0 1 2.9472e-09 5.85143e-10
1.22408  419.679 5.85419e-05 0 1 2.9531e-09 5.86387e-10
1.23077  419.679 5.85419e-05 0 1 2.95897e-09 5.87623e-10
1.23746  419.679 5.85419e-05 0 1 2.9648e-09 5.88851e-10
1.24415  419.68 5.85418e-05 0 1 2.97059e-09 5.90071e-10
1.25084  419.68 5.85418e-05 0 1 2.97634e-09 5.91281e-10
1.25753  419.68 5.85418e-05 0 1 2.98204e-09 5.92483e-10
1.26421  419.68 5.85418e-05 0 1 2.9877e-09 5.93676e-10
1.2709  419.68 5.85418e-05 0 1 2.99331e-09 5.94859e-10
1.27759  419.68 5.85418e-05 0 1 2.99888e-09 5.96034e-10
1.28428  419.68 5.85417e-05 0 1 3.00441e-09 5.97198e-10
1.29097  419.68 5.85417e-05 0 1 3.00988e-09 5.98353e-10
1.29766  419.681 5.85417e-05 0 1 3.01531e-09 5.99497e-10
1.30435  419.681 5.85417e-05 0 1 3.02069e-09 6.00632e-10
1.31104  419.681 5.85417e-05 0 1 3.02602e-09 6.01756e-10
1.31773  419.681 5.85417e-05 0 1 3.03129e-09 6.02869e-10
1.32441  419.681 5.85416e-05 0 1 3.03652e-09 6.03972e-10
1.3311  419.681 5.85416e-05 0 1 3.04169e-09 6.05064e-10
1.33779  419.681 5.85416e-05 0 1 3.04681e-09 6.06145e-10
1.34448  419.681 5.85416e-05 0 1 3.05188e-09 6.07214e-10
1.35117  419.681 5.85416e-05 0 1 3.05689e-09 6.08272e-10
1.35786  419.681 5.85416e-05 0 1 3.06184e-09 6.09318e-10
1.36455  419.682 5.85416e-05 0 1 3.06674e-09 6.10353e-10
1.37124  419.682 5.85415e-05 0 1 3.07158e-09 6.11376e-10
1.37793  419.682 5.85415e-05 0 1 3.07637e-09 6.12386e-10
1.38462  419.682 5.85415e-05 0 1 3.0811e-09 6.13386e-10
1.3913  419.682 5.85415e-05 0 1 3.08577e-09 6.14373e-10
1.39799  419.682 5.85415e-05 0 1 3.09039e-09 6.15349e-10
1.40468  419.682 5.85415e-05 0 1 3.09496e-09 6.16314e-10
1.41137  419.682 5.85414e-05 0 1 3.09947e-09 6.17267e-10
1.41806  419.682 5.85415e-05 0 1 3.10393e-09 6.18208e-10
1.42475  419.682 5.85415e-05 0 0.999999 3.10833e-09 6.19138e-10
1.43144  419.683 5.85414e-05 0 1 3.11268e-09 6.20057e-10
1.43813  419.683 5.85414e-05 0 1 3.11697e-09 6.20965e-10
1.44482  419.683 5.85414e-05 0 1 3.12121e-09 6.2186e-10
1.45151  419.683 5.85414e-05 0 1 3.12539e-09 6.22745e-10
1.45819  419.683 5.85414e-05 0 1 3.12953e-09 6.23618e-10
1.46488  419.683 5.85414e-05 0 1 3.13361e-09 6.24481e-10
1.47157  419.683 5.85414e-05 0 1 3.13763e-09 6.25331e-10
1.47826  419.683 5.85413e-05 0 1 3.1416e-09 6.26171e-10
1.48495  419.683 5.85413e-05 0 1 3.14552e-09 6.26999e-10
1.49164  419.683 5.85413e-05 0 1 3.14939e-09 6.27816e-10
1.49833  419.683 5.85413e-05 0 1 3.1532e-09 6.28622e-10
1.50502  419.683 5.85413e-05 0 0.999999 3.15696e-09 6.29417e-10
1.51171  419.684 5.85414e-05 0 0.999999 3.16067e-09 6.302e-10
1.51839  419.684 5.85411e-05 0 1 3.16433e-09 6.30974e-10
1.52508  419.684 5.85414e-05 0 0.999997 3.16792e-09 6.31733e-10
1.53177  419.684 5.85409e-05 0 1.00001 3.17148e-09 6.32486e-10
1.53846  419.684 5.85417e-05 0 0.999992 3.17496e-09 6.33221e-10
1.54515  419.684 5.85405e-05 0 1.00001 3.17842e-09 6.33953e-10
1.55184  419.684 5.85421e-05 0 0.999985 3.1818e-09 6.34667e-10
1.55853  419.684 5.85402e-05 0 1.00002 3.18512e-09 6.35371e-10
1.56522  419.684 5.85423e-05 0 0.999982 3.18845e-09 6.36074e-10
1.57191  419.684 5.85402e-05 0 1.00002 3.19159e-09 6.36739e-10
1.5786  419.684 5.85421e-05 0 0.999984 3.19491e-09 6.37439e-10
1.58528  419.684 5.85403e-05 0 1.00001 3.19786e-09 6.38064e-10
1.59197  419.684 5.8542e-05 0 0.999986 3.20114e-09 6.38756e-10
1.59866  419.684 5.85402e-05 0 1.00002 3.20394e-09 6.39351e-10
1.60535  419.685 5.85422e-05 0 0.999982 3.20711e-09 6.40018e-10
1.61204  419.685 5.85401e-05 0 1.00002 3.20986e-09 6.40601e-10
1.61873  419.685 5.8542e-05 0 0.999985 3.21285e-09 6.41233e-10
1.62542  419.685 5.85405e-05 0 1.00001 3.21557e-09 6.41808e-10
1.63211  419.685 5.85416e-05 0 0.999992 3.21839e-09 6.42404e-10
1.6388  419.685 5.85408e-05 0 1 3.22105e-09 6.42968e-10
1.64548  419.685 5.85412e-05 0 0.999998 3.22373e-09 6.43534e-10
1.65217  419.685 5.8541e-05 0 1 3.22632e-09 6.44081e-10
1.65886  419.685 5.85411e-05 0 0.999999 3.22887e-09 6.44621e-10
1.66555  419.685 5.85411e-05 0 1 3.23136e-09 6.45148e-10
1.67224  419.685 5.85411e-05 0 1 3.23381e-09 6.45665e-10
1.67893  419.685 5.85411e-05 0 1 3.2362e-09 6.4617e-10
1.68562  419.685 5.85411e-05 0 1 3.23854e-09 6.46664e-10
1.69231  419.685 5.8541e-05 0 1 3.24082e-09 6.47148e-10
1.699  419.685 5.8541e-05 0 1 3.24305e-09 6.4762e-10
1.70569  419.685 5.8541e-05 0 1 3.24523e-09 6.48081e-10
1.71237  419.685 5.8541e-05 0 1 3.24736e-09 6.48531e-10
1.71906  419.685 5.8541e-05 0 1 3.24944e-09 6.4897e-10
1.72575  419.685 5.8541e-05 0 1 3.25146e-09 6.49398e-10
1.73244  419.686 5.8541e-05 0 1 3.25344e-09 6.49815e-10
1.73913  419.686 5.8541e-05 0 1 3.25536e-09 6.50221e-10
1.74582  419.686 5.8541e-05 0 1 3.25722e-09 6.50616e-10
1.75251  419.686 5.8541e-05 0 1 3.25904e-09 6.51001e-10
1.7592  419.686 5.8541e-05 0 1 3.2608e-09 6.51374e-10
1.76589  419.686 5.8541e-05 0 1 3.26252e-09 6.51736e-10
1.77258  419.686 5.8541e-05 0 1 3.26418e-09 6.52087e-10
1.77926  419.686 5.8541e-05 0 1 3.26579e-09 6.52428e-10
1.78595  419.686 5.8541e-05 0 1 3.26735e-09 6.52757e-10
1.79264  419.686 5.8541e-05 0 1 3.26885e-09 6.53076e-10
1.79933  419.686 5.8541e-05 0 1 3.27031e-09 6.53384e-10
1.80602  419.686 5.8541e-05 0 1 3.27171e-09 6.53681e-10
1.81271  419.686 5.8541e-05 0 1 3.27307e-09 6.53967e-10
1.8194  419.686 5.85409e-05 0 1 3.27437e-09 6.54242e-10
1.82609  419.686 5.85409e-05 0 1 3.27562e-09 6.54507e-10
1.83278  419.686 5.85409e-05 0 1 3.27682e-09 6.54761e-10
1.83946  419.686 5.85409e-05 0 1 3.27797e-09 6.55005e-10
1.84615  419.686 5.85409e-05 0 1 3.27907e-09 6.55237e-10
1.85284  419.686 5.85409e-05 0 1 3.28012e-09 6.55459e-10
1.85953  419.686 5.85409e-05 0 1 3.28112e-09 6.55671e-10
1.86622  419.686 5.85409e-05 0 1 3.28207e-09 6.55872e-10
1.87291  419.686 5.85409e-05 0 1 3.28298e-09 6.56063e-10
1.8796  419.686 5.85409e-05 0 1 3.28383e-09 6.56243e-10
1.88629  419.686 5.85409e-05 0 1 3.28463e-09 6.56412e-10
1.89298  419.686 5.8541e-05 0 0.999999 3.28538e-09 6.56571e-10
1.89967  419.686 5.85409e-05 0 1 3.28609e-09 6.56721e-10
1.90635  419.686 5.85409e-05 0 1 3.28674e-09 6.56859e-10
1.91304  419.686 5.85409e-05 0 1 3.28735e-09 6.56988e-10
1.91973  419.686 5.85409e-05 0 1 3.28791e-09 6.57106e-10
1.92642  419.686 5.85409e-05 0 1 3.28842e-09 6.57214e-10
1.93311  419.686 5.85409e-05 0 1 3.28888e-09 6.57312e-10
1.9398  419.686 5.85409e-05 0 1 3.2893e-09 6.574e-10
1.94649  419.686 5.85409e-05 0 1 3.28967e-09 6.57478e-10
1.95318  419.686 5.85409e-05 0 1 3.28999e-09 6.57546e-10
1.95987  419.686 5.85409e-05 0 1 3.29026e-09 6.57604e-10
1.96656  419.686 5.85409e-05 0 1 3.29049e-09 6.57652e-10
1.97324  419.686 5.85409e-05 0 1 3.29067e-09 6.57691e-10
1.97993  419.686 5.85409e-05 0 1 3.29081e-09 6.5772e-10
1.98662  419.686 5.85409e-05 0 1 3.2909e-09 6.57739e-10
1.99331  419.686 5.85409e-05 0 1 3.29094e-09 6.57748e-10
2  419.686 5.85409e-05 0 1 3.29094e-09 6.57748e-10
