TITLE="Graphics"
VARIABLES= "x", "T", "rho", "u",, "Y_H2", "Y_O2", "Y_N2"
0  400 6.1422e-05 0 1 0 0
0.00668896  419.643 5.8547e-05 0 1 3.83828e-09 7.6498e-10
0.0133779  419.643 5.8547e-05 0 1 3.83825e-09 7.64973e-10
0.0200669  419.643 5.8547e-05 0 1 3.83818e-09 7.64961e-10
0.0267559  419.643 5.8547e-05 0 1 3.83809e-09 7.64942e-10
0.0334448  419.643 5.8547e-05 0 1 3.83797e-09 7.64919e-10
0.0401338  419.643 5.8547e-05 0 1 3.83783e-09 7.6489e-10
0.0468227  419.643 5.8547e-05 0 1 3.83766e-09 7.64856e-10
0.0535117  419.643 5.8547e-05 0 1 3.83746e-09 7.64817e-10
0.0602007  419.643 5.8547e-05 0 1 3.83723e-09 7.64772e-10
0.0668896  419.643 5.8547e-05 0 1 3.83698e-09 7.64722e-10
0.0735786  419.643 5.8547e-05 0 1 3.8367e-09 7.64667e-10
0.0802676  419.643 5.8547e-05 0 1 3.83639e-09 7.64606e-10
0.0869565  419.643 5.85469e-05 0 1 3.83606e-09 7.64541e-10
0.0936455  419.643 5.85469e-05 0 1 3.8357e-09 7.64469e-10
0.100334  419.643 5.85469e-05 0 1 3.83531e-09 7.64393e-10
0.107023  419.643 5.85469e-05 0 1 3.83489e-09 7.64311e-10
0.113712  419.643 5.85469e-05 0 1 3.83445e-09 7.64224e-10
0.120401  419.643 5.85469e-05 0 1 3.83398e-09 7.64132e-10
0.12709  419.643 5.85469e-05 0 1 3.83349e-09 7.64034e-10
0.133779  419.643 5.85469e-05 0 1 3.83297e-09 7.63931e-10
0.140468  419.643 5.85469e-05 0 1 3.83242e-09 7.63822e-10
0.147157  419.643 5.85469e-05 0 1 3.83184e-09 7.63709e-10
0.153846  419.643 5.85469e-05 0 1 3.83124e-09 7.6359e-10
0.160535  419.644 5.85469e-05 0 1 3.83061e-09 7.63465e-10
0.167224  419.644 5.85469e-05 0 1 3.82995e-09 7.63335e-10
0.173913  419.644 5.85468e-05 0 1 3.82926e-09 7.632e-10
0.180602  419.644 5.85468e-05 0 1 3.82855e-09 7.6306e-10
0.187291  419.644 5.85468e-05 0 1 3.82781e-09 7.62914e-10
0.19398  419.644 5.85468e-05 0 1 3.82705e-09 7.62763e-10
0.200669  419.644 5.85468e-05 0 1 3.82625e-09 7.62606e-10
0.207358  419.644 5.85468e-05 0 1 3.82543e-09 7.62444e-10
0.214047  419.644 5.85468e-05 0 1 3.82458e-09 7.62276e-10
0.220736  419.644 5.85468e-05 0 1 3.82371e-09 7.62103e-10
0.227425  419.644 5.85467e-05 0 1 3.8228e-09 7.61925e-10
0.234114  419.645 5.85467e-05 0 1 3.82187e-09 7.61741e-10
0.240803  419.645 5.85467e-05 0 1 3.82092e-09 7.61552e-10
0.247492  419.645 5.85467e-05 0 1 3.81993e-09 7.61357e-10
0.254181  419.645 5.85467e-05 0 1 3.81892e-09 7.61157e-10
0.26087  419.645 5.85467e-05 0 1 3.81787e-09 7.60951e-10
0.267559  419.645 5.85466e-05 0 1 3.81681e-09 7.6074e-10
0.274247  419.645 5.85466e-05 0 1 3.81571e-09 7.60523e-10
0.280936  419.645 5.85466e-05 0 1 3.81458e-09 7.60301e-10
0.287625  419.645 5.85466e-05 0 1 3.81343e-09 7.60074e-10
0.294314  419.646 5.85466e-05 0 1 3.81225e-09 7.5984e-10
0.301003  419.646 5.85466e-05 0 1 3.81104e-09 7.59601e-10
0.307692  419.646 5.85465e-05 0 1 3.8098e-09 7.59357e-10
0.314381  419.646 5.85465e-05 0 1 3.80854e-09 7.59107e-10
0.32107  419.646 5.85465e-05 0 1 3.80724e-09 7.58851e-10
0.327759  419.646 5.85465e-05 0 1 3.80592e-09 7.5859e-10
0.334448  419.646 5.85465e-05 0 1 3.80457e-09 7.58323e-10
0.341137  419.647 5.85464e-05 0 1 3.80319e-09 7.58051e-10
0.347826  419.647 5.85464e-05 0 1 3.80179e-09 7.57773e-10
0.354515  419.647 5.85464e-05 0 1 3.80035e-09 7.57489e-10
0.361204  419.647 5.85464e-05 0 1 3.79889e-09 7.572e-10
0.367893  419.647 5.85464e-05 0 1 3.79739e-09 7.56904e-10
0.374582  419.647 5.85463e-05 0 1 3.79587e-09 7.56603e-10
0.381271  419.648 5.85463e-05 0 1 3.79432e-09 7.56297e-10
0.38796  419.648 5.85463e-05 0 1 3.79274e-09 7.55985e-10
0.394649  419.648 5.85463e-05 0 1 3.79113e-09 7.55666e-10
0.401338  419.648 5.85462e-05 0 1 3.7895e-09 7.55343e-10
0.408027  419.648 5.85462e-05 0 1 3.78783e-09 7.55013e-10
0.414716  419.648 5.85462e-05 0 1 3.78613e-09 7.54677e-10
0.421405  419.649 5.85462e-05 0 1 3.78441e-09 7.54336e-10
0.428094  419.649 5.85461e-05 0 1 3.78265e-09 7.53989e-10
0.434783  419.649 5.85461e-05 0 1 3.78087e-09 7.53636e-10
0.441472  419.649 5.85461e-05 0 1 3.77905e-09 7.53277e-10
0.448161  419.649 5.85461e-05 0 1 3.77721e-09 7.52912e-10
0.454849  419.649 5.8546e-05 0 1 3.77534e-09 7.52541e-10
0.461538  419.65 5.8546e-05 0 1 3.77343e-09 7.52165e-10
0.468227  419.65 5.8546e-05 0 1 3.7715e-09 7.51782e-10
0.474916  419.65 5.8546e-05 0 1 3.76954e-09 7.51394e-10
0.481605  419.65 5.85459e-05 0 1 3.76754e-09 7.50999e-10
0.488294  419.65 5.85459e-05 0 1 3.76552e-09 7.50599e-10
0.494983  419.651 5.85459e-05 0 1 3.76347e-09 7.50192e-10
0.501672  419.651 5.85458e-05 0 1 3.76138e-09 7.49779e-10
0.508361  419.651 5.85458e-05 0 1 3.75927e-09 7.49361e-10
0.51505  419.651 5.85458e-05 0 1 3.75713e-09 7.48936e-10
0.521739  419.651 5.85458e-05 0 1 3.75495e-09 7.48505e-10
0.528428  419.652 5.85457e-05 0 1 3.75274e-09 7.48068e-10
0.535117  419.652 5.85457e-05 0 1 3.75051e-09 7.47625e-10
0.541806  419.652 5.85457e-05 0 1 3.74824e-09 7.47176e-10
0.548495  419.652 5.85456e-05 0 1 3.74594e-09 7.4672e-10
0.555184  419.653 5.85456e-05 0 1 3.74361e-09 7.46258e-10
0.561873  419.653 5.85456e-05 0 1 3.74125e-09 7.4579e-10
0.568562  419.653 5.85455e-05 0 1 3.73886e-09 7.45316e-10
0.575251  419.653 5.85455e-05 0 1 3.73643e-09 7.44836e-10
0.58194  419.653 5.85455e-05 0 1 3.73398e-09 7.44349e-10
0.588629  419.654 5.85455e-05 0 1 3.73149e-09 7.43856e-10
0.595318  419.654 5.85454e-05 0 1 3.72897e-09 7.43356e-10
0.602007  419.654 5.85454e-05 0 1 3.72642e-09 7.42851e-10
0.608696  419.654 5.85454e-05 0 1 3.72384e-09 7.42338e-10
0.615385  419.655 5.85453e-05 0 1 3.72122e-09 7.4182e-10
0.622074  419.655 5.85453e-05 0 1 3.71858e-09 7.41295e-10
0.628763  419.655 5.85453e-05 0 1 3.7159e-09 7.40763e-10
0.635452  419.655 5.85452e-05 0 1 3.71319e-09 7.40225e-10
0.64214  419.655 5.85452e-05 0 1 3.71044e-09 7.39681e-10
0.648829  419.656 5.85452e-05 0 1 3.70767e-09 7.3913e-10
0.655518  419.656 5.85451e-05 0 1 3.70486e-09 7.38573e-10
0.662207  419.656 5.85451e-05 0 1 3.70202e-09 7.38009e-10
0.668896  419.656 5.85451e-05 0 1 3.69914e-09 7.37438e-10
0.675585  419.657 5.8545e-05 0 1 3.69623e-09 7.36861e-10
0.682274  419.657 5.8545e-05 0 1 3.69329e-09 7.36277e-10
0.688963  419.657 5.8545e-05 0 1 3.69032e-09 7.35686e-10
0.695652  419.657 5.85449e-05 0 1 3.68731e-09 7.35089e-10
0.702341  419.658 5.85449e-05 0 1 3.68427e-09 7.34485e-10
0.70903  419.658 5.85449e-05 0 1 3.6812e-09 7.33875e-10
0.715719  419.658 5.85448e-05 0 1 3.67809e-09 7.33257e-10
0.722408  419.658 5.85448e-05 0 1 3.67495e-09 7.32633e-10
0.729097  419.659 5.85448e-05 0 1 3.67177e-09 7.32002e-10
0.735786  419.659 5.85447e-05 0 1 3.66856e-09 7.31364e-10
0.742475  419.659 5.85447e-05 0 1 3.66532e-09 7.3072e-10
0.749164  419.659 5.85447e-05 0 1 3.66204e-09 7.30068e-10
0.755853  419.66 5.85446e-05 0 1 3.65873e-09 7.2941e-10
0.762542  419.66 5.85446e-05 0 1 3.65538e-09 7.28745e-10
0.769231  419.66 5.85446e-05 0 1 3.652e-09 7.28073e-10
0.77592  419.66 5.85445e-05 0 1 3.64859e-09 7.27393e-10
0.782609  419.661 5.85445e-05 0 1 3.64514e-09 7.26707e-10
0.789298  419.661 5.85444e-05 0 1 3.64165e-09 7.26014e-10
0.795987  419.661 5.85444e-05 0 1 3.63813e-09 7.25314e-10
0.802676  419.661 5.85444e-05 0 1 3.63457e-09 7.24606e-10
0.809365  419.662 5.85443e-05 0 1 3.63098e-09 7.23892e-10
0.816054  419.662 5.85443e-05 0 1 3.62736e-09 7.2317e-10
0.822742  419.662 5.85443e-05 0 1 3.6237e-09 7.22442e-10
0.829431  419.662 5.85442e-05 0 1 3.62e-09 7.21706e-10
0.83612  419.663 5.85442e-05 0 1 3.61627e-09 7.20963e-10
0.842809  419.663 5.85442e-05 0 1 3.6125e-09 7.20213e-10
0.849498  419.663 5.85441e-05 0 1 3.60869e-09 7.19455e-10
0.856187  419.663 5.85441e-05 0 1 3.60485e-09 7.18691e-10
0.862876  419.664 5.85441e-05 0 1 3.60097e-09 7.17918e-10
0.869565  419.664 5.8544e-05 0 1 3.59706e-09 7.17139e-10
0.876254  419.664 5.8544e-05 0 1 3.59311e-09 7.16353e-10
0.882943  419.664 5.85439e-05 0 1 3.58913e-09 7.15558e-10
0.889632  419.665 5.85439e-05 0 1 3.5851e-09 7.14757e-10
0.896321  419.665 5.85439e-05 0 1 3.58104e-09 7.13948e-10
0.90301  419.665 5.85438e-05 0 1 3.57695e-09 7.13132e-10
0.909699  419.665 5.85438e-05 0 1 3.57282e-09 7.12309e-10
0.916388  419.666 5.85438e-05 0 0.999999 3.56864e-09 7.11477e-10
0.923077  419.666 5.85439e-05 0 0.999998 3.56442e-09 7.10635e-10
0.929766  419.666 5.85432e-05 0 1.00001 3.56019e-09 7.09792e-10
0.936455  419.667 5.85415e-05 0 1.00004 3.55637e-09 7.0903e-10
0.943144  419.667 5.85628e-05 0 0.999673 3.55107e-09 7.07974e-10
0.949833  419.667 5.84505e-05 0 1.00159 3.55281e-09 7.08322e-10
0.956522  419.667 5.85543e-05 0 0.999816 3.54271e-09 7.06302e-10
0.963211  419.668 5.8612e-05 0 0.998831 3.5339e-09 7.04548e-10
0.9699  419.668 5.85376e-05 0 1.0001 3.53322e-09 7.04416e-10
0.976589  419.668 5.85448e-05 0 0.999976 3.52943e-09 7.03656e-10
0.983278  419.668 5.85416e-05 0 1.00003 3.525e-09 7.02772e-10
0.989967  419.669 5.85447e-05 0 0.999977 3.5202e-09 7.01816e-10
0.996656  419.669 5.85439e-05 0 0.999991 3.51563e-09 7.00902e-10
1.00334  419.669 5.85432e-05 0 1 3.51101e-09 6.99981e-10
1.01003  419.669 5.85433e-05 0 1 3.5063e-09 6.99041e-10
1.01672  419.67 5.85432e-05 0 1 3.50156e-09 6.98095e-10
1.02341  419.67 5.85432e-05 0 1 3.49679e-09 6.97141e-10
1.0301  419.67 5.85432e-05 0 1 3.49197e-09 6.96179e-10
1.03679  419.67 5.85431e-05 0 1 3.48711e-09 6.95209e-10
1.04348  419.671 5.85431e-05 0 1 3.48221e-09 6.94231e-10
1.05017  419.671 5.85431e-05 0 1 3.47728e-09 6.93245e-10
1.05686  419.671 5.8543e-05 0 1 3.47231e-09 6.92251e-10
1.06355  419.671 5.8543e-05 0 1 3.46729e-09 6.91249e-10
1.07023  419.672 5.8543e-05 0 1 3.46224e-09 6.9024e-10
1.07692  419.672 5.85429e-05 0 1 3.45714e-09 6.89222e-10
1.08361  419.672 5.85429e-05 0 1 3.45201e-09 6.88196e-10
1.0903  419.672 5.85429e-05 0 1 3.44684e-09 6.87162e-10
1.09699  419.673 5.85428e-05 0 1 3.44163e-09 6.8612e-10
1.10368  419.673 5.85428e-05 0 1 3.43637e-09 6.85069e-10
1.11037  419.673 5.85428e-05 0 1 3.43108e-09 6.84011e-10
1.11706  419.673 5.85427e-05 0 1 3.42575e-09 6.82945e-10
1.12375  419.674 5.85427e-05 0 1 3.42037e-09 6.8187e-10
1.13043  419.674 5.85427e-05 0 1 3.41496e-09 6.80787e-10
1.13712  419.674 5.85426e-05 0 1 3.4095e-09 6.79696e-10
1.14381  419.674 5.85426e-05 0 1 3.40401e-09 6.78596e-10
1.1505  419.674 5.85426e-05 0 1 3.39847e-09 6.77488e-10
1.15719  419.675 5.85425e-05 0 1 3.39289e-09 6.76372e-10
1.16388  419.675 5.85425e-05 0 1 3.38728e-09 6.75248e-10
1.17057  419.675 5.85425e-05 0 1 3.38162e-09 6.74115e-10
1.17726  419.675 5.85424e-05 0 1 3.37592e-09 6.72974e-10
1.18395  419.676 5.85424e-05 0 1 3.37018e-09 6.71825e-10
1.19064  419.676 5.85424e-05 0 1 3.36439e-09 6.70667e-10
1.19732  419.676 5.85423e-05 0 1 3.35857e-09 6.69501e-10
1.20401  419.676 5.85423e-05 0 1 3.3527e-09 6.68327e-10
1.2107  419.677 5.85423e-05 0 1 3.3468e-09 6.67144e-10
1.21739  419.677 5.85422e-05 0 1 3.34085e-09 6.65952e-10
1.22408  419.677 5.85422e-05 0 1 3.33486e-09 6.64752e-10
1.23077  419.677 5.85422e-05 0 1 3.32882e-09 6.63544e-10
1.23746  419.677 5.85421e-05 0 1 3.32275e-09 6.62327e-10
1.24415  419.678 5.85421e-05 0 1 3.31663e-09 6.61101e-10
1.25084  419.678 5.85421e-05 0 1 3.31048e-09 6.59867e-10
1.25753  419.678 5.85421e-05 0 1 3.30428e-09 6.58625e-10
1.26421  419.678 5.8542e-05 0 1 3.29803e-09 6.57373e-10
1.2709  419.678 5.8542e-05 0 1 3.29175e-09 6.56114e-10
1.27759  419.679 5.8542e-05 0 1 3.28542e-09 6.54845e-10
1.28428  419.679 5.85419e-05 0 1 3.27905e-09 6.53568e-10
1.29097  419.679 5.85419e-05 0 1 3.27264e-09 6.52283e-10
1.29766  419.679 5.85419e-05 0 1 3.26619e-09 6.50988e-10
1.30435  419.679 5.85419e-05 0 1 3.25969e-09 6.49685e-10
1.31104  419.68 5.85418e-05 0 1 3.25315e-09 6.48374e-10
1.31773  419.68 5.85418e-05 0 1 3.24657e-09 6.47054e-10
1.32441  419.68 5.85418e-05 0 1 3.23994e-09 6.45725e-10
1.3311  419.68 5.85417e-05 0 1 3.23327e-09 6.44387e-10
1.33779  419.68 5.85417e-05 0 1 3.22656e-09 6.4304e-10
1.34448  419.681 5.85417e-05 0 1 3.21981e-09 6.41685e-10
1.35117  419.681 5.85417e-05 0 1 3.21301e-09 6.40321e-10
1.35786  419.681 5.85416e-05 0 1 3.20617e-09 6.38948e-10
1.36455  419.681 5.85416e-05 0 1 3.19929e-09 6.37567e-10
1.37124  419.681 5.85416e-05 0 1 3.19237e-09 6.36177e-10
1.37793  419.682 5.85416e-05 0 1 3.18543e-09 6.34781e-10
1.38462  419.682 5.85415e-05 0 1 3.17845e-09 6.33378e-10
1.3913  419.682 5.85415e-05 0 1 3.17145e-09 6.3197e-10
1.39799  419.682 5.85415e-05 0 1 3.16443e-09 6.30558e-10
1.40468  419.682 5.85415e-05 0 1 3.1574e-09 6.29142e-10
1.41137  419.683 5.85414e-05 0 1 3.15035e-09 6.27723e-10
1.41806  419.683 5.85414e-05 0 1 3.1433e-09 6.26302e-10
1.42475  419.683 5.85414e-05 0 0.999999 3.13624e-09 6.2488e-10
1.43144  419.683 5.85414e-05 0 1 3.12919e-09 6.23458e-10
1.43813  419.683 5.85413e-05 0 1 3.12214e-09 6.22036e-10
1.44482  419.683 5.85413e-05 0 1 3.11509e-09 6.20615e-10
1.45151  419.684 5.85413e-05 0 1 3.10806e-09 6.19196e-10
1.45819  419.684 5.85413e-05 0 1 3.10104e-09 6.1778e-10
1.46488  419.684 5.85412e-05 0 1 3.09404e-09 6.16367e-10
1.47157  419.684 5.85412e-05 0 1 3.08706e-09 6.14957e-10
1.47826  419.684 5.85412e-05 0 1 3.08011e-09 6.13553e-10
1.48495  419.684 5.85412e-05 0 1 3.07318e-09 6.12153e-10
1.49164  419.684 5.85412e-05 0 1 3.06629e-09 6.1076e-10
1.49833  419.685 5.85411e-05 0 1 3.05942e-09 6.09373e-10
1.50502  419.685 5.85411e-05 0 1 3.0526e-09 6.07993e-10
1.51171  419.685 5.85411e-05 0 0.999999 3.04581e-09 6.0662e-10
1.51839  419.685 5.8541e-05 0 1 3.03908e-09 6.05258e-10
1.52508  419.685 5.85412e-05 0 0.999998 3.03237e-09 6.03901e-10
1.53177  419.685 5.85408e-05 0 1 3.02573e-09 6.02557e-10
1.53846  419.685 5.85413e-05 0 0.999994 3.01912e-09 6.01219e-10
1.54515  419.686 5.85405e-05 0 1.00001 3.01258e-09 5.99897e-10
1.55184  419.686 5.85416e-05 0 0.999989 3.00608e-09 5.98581e-10
1.55853  419.686 5.85402e-05 0 1.00001 2.99964e-09 5.97277e-10
1.56522  419.686 5.85417e-05 0 0.999987 2.9933e-09 5.95992e-10
1.57191  419.686 5.85402e-05 0 1.00001 2.98693e-09 5.94701e-10
1.5786  419.686 5.85416e-05 0 0.999989 2.98078e-09 5.93455e-10
1.58528  419.686 5.85403e-05 0 1.00001 2.97447e-09 5.92178e-10
1.59197  419.687 5.85414e-05 0 0.999991 2.96851e-09 5.90969e-10
1.59866  419.687 5.85402e-05 0 1.00001 2.96231e-09 5.89714e-10
1.60535  419.687 5.85416e-05 0 0.999987 2.95649e-09 5.88533e-10
1.61204  419.687 5.85401e-05 0 1.00001 2.95048e-09 5.87315e-10
1.61873  419.687 5.85414e-05 0 0.999989 2.94476e-09 5.86155e-10
1.62542  419.687 5.85403e-05 0 1.00001 2.93895e-09 5.84978e-10
1.63211  419.687 5.85411e-05 0 0.999995 2.93334e-09 5.8384e-10
1.6388  419.687 5.85406e-05 0 1 2.92774e-09 5.82704e-10
1.64548  419.687 5.85408e-05 0 0.999998 2.92227e-09 5.81593e-10
1.65217  419.688 5.85407e-05 0 1 2.91685e-09 5.80495e-10
1.65886  419.688 5.85407e-05 0 1 2.91154e-09 5.79417e-10
1.66555  419.688 5.85407e-05 0 1 2.90631e-09 5.78355e-10
1.67224  419.688 5.85407e-05 0 1 2.90117e-09 5.77312e-10
1.67893  419.688 5.85407e-05 0 1 2.89612e-09 5.76287e-10
1.68562  419.688 5.85407e-05 0 1 2.89116e-09 5.75281e-10
1.69231  419.688 5.85406e-05 0 1 2.8863e-09 5.74293e-10
1.699  419.688 5.85406e-05 0 1 2.88153e-09 5.73325e-10
1.70569  419.688 5.85406e-05 0 1 2.87685e-09 5.72377e-10
1.71237  419.688 5.85406e-05 0 1 2.87228e-09 5.71447e-10
1.71906  419.688 5.85406e-05 0 1 2.8678e-09 5.70538e-10
1.72575  419.689 5.85406e-05 0 1 2.86342e-09 5.69649e-10
1.73244  419.689 5.85406e-05 0 1 2.85914e-09 5.6878e-10
1.73913  419.689 5.85406e-05 0 1 2.85497e-09 5.67931e-10
1.74582  419.689 5.85406e-05 0 1 2.85089e-09 5.67104e-10
1.75251  419.689 5.85405e-05 0 1 2.84692e-09 5.66296e-10
1.7592  419.689 5.85405e-05 0 1 2.84305e-09 5.6551e-10
1.76589  419.689 5.85405e-05 0 1 2.83928e-09 5.64745e-10
1.77258  419.689 5.85405e-05 0 1 2.83562e-09 5.64002e-10
1.77926  419.689 5.85405e-05 0 1 2.83207e-09 5.63279e-10
1.78595  419.689 5.85405e-05 0 1 2.82862e-09 5.62578e-10
1.79264  419.689 5.85405e-05 0 1 2.82528e-09 5.61899e-10
1.79933  419.689 5.85405e-05 0 1 2.82204e-09 5.61241e-10
1.80602  419.689 5.85405e-05 0 1 2.81891e-09 5.60606e-10
1.81271  419.689 5.85405e-05 0 1 2.81589e-09 5.59992e-10
1.8194  419.689 5.85405e-05 0 1 2.81298e-09 5.594e-10
1.82609  419.69 5.85405e-05 0 1 2.81018e-09 5.5883e-10
1.83278  419.69 5.85404e-05 0 1 2.80748e-09 5.58283e-10
1.83946  419.69 5.85404e-05 0 1 2.8049e-09 5.57757e-10
1.84615  419.69 5.85404e-05 0 1 2.80242e-09 5.57254e-10
1.85284  419.69 5.85404e-05 0 1 2.80006e-09 5.56772e-10
1.85953  419.69 5.85404e-05 0 1 2.7978e-09 5.56314e-10
1.86622  419.69 5.85404e-05 0 1 2.79565e-09 5.55877e-10
1.87291  419.69 5.85404e-05 0 1 2.79362e-09 5.55463e-10
1.8796  419.69 5.85404e-05 0 1 2.79169e-09 5.55071e-10
1.88629  419.69 5.85404e-05 0 1 2.78987e-09 5.54701e-10
1.89298  419.69 5.85405e-05 0 0.999999 2.78815e-09 5.54352e-10
1.89967  419.69 5.85404e-05 0 1 2.78656e-09 5.54028e-10
1.90635  419.69 5.85404e-05 0 1 2.78507e-09 5.53725e-10
1.91304  419.69 5.85404e-05 0 1 2.78369e-09 5.53444e-10
1.91973  419.69 5.85404e-05 0 1 2.78241e-09 5.53185e-10
1.92642  419.69 5.85404e-05 0 1 2.78125e-09 5.52948e-10
1.93311  419.69 5.85404e-05 0 1 2.78019e-09 5.52733e-10
1.9398  419.69 5.85404e-05 0 1 2.77924e-09 5.5254e-10
1.94649  419.69 5.85404e-05 0 1 2.7784e-09 5.52369e-10
1.95318  419.69 5.85404e-05 0 1 2.77767e-09 5.5222e-10
1.95987  419.69 5.85404e-05 0 1 2.77704e-09 5.52092e-10
1.96656  419.69 5.85404e-05 0 1 2.77652e-09 5.51986e-10
1.97324  419.69 5.85404e-05 0 1 2.7761e-09 5.51902e-10
1.97993  419.69 5.85404e-05 0 1 2.77579e-09 5.51838e-10
1.98662  419.69 5.85404e-05 0 1 2.77558e-09 5.51796e-10
1.99331  419.69 5.85404e-05 0 1 2.77548e-09 5.51775e-10
2  419.69 5.85404e-05 0 1 2.77548e-09 5.51775e-10
