TITLE="Graphics"
VARIABLES= "x", "T", "rho", "u",, "Y_H2", "Y_O2", "Y_N2"
0  400 6.1422e-05 0 1 0 0
0.00668896  419.41 5.85794e-05 0 1 7.76656e-10 1.57454e-10
0.0133779  419.41 5.85794e-05 0 1 7.76621e-10 1.57447e-10
0.0200669  419.411 5.85794e-05 0 1 7.76559e-10 1.57434e-10
0.0267559  419.411 5.85794e-05 0 1 7.76471e-10 1.57416e-10
0.0334448  419.411 5.85794e-05 0 1 7.76356e-10 1.57392e-10
0.0401338  419.411 5.85793e-05 0 1 7.76215e-10 1.57363e-10
0.0468227  419.411 5.85793e-05 0 1 7.76048e-10 1.57329e-10
0.0535117  419.411 5.85793e-05 0 1 7.75855e-10 1.57289e-10
0.0602007  419.411 5.85793e-05 0 1 7.75636e-10 1.57244e-10
0.0668896  419.412 5.85792e-05 0 1 7.75392e-10 1.57194e-10
0.0735786  419.412 5.85792e-05 0 1 7.75121e-10 1.57138e-10
0.0802676  419.412 5.85792e-05 0 1 7.74825e-10 1.57077e-10
0.0869565  419.412 5.85791e-05 0 1 7.74503e-10 1.57011e-10
0.0936455  419.413 5.85791e-05 0 1 7.74155e-10 1.5694e-10
0.100334  419.413 5.8579e-05 0 1 7.73781e-10 1.56863e-10
0.107023  419.413 5.8579e-05 0 1 7.73382e-10 1.56781e-10
0.113712  419.414 5.85789e-05 0 1 7.72957e-10 1.56693e-10
0.120401  419.414 5.85789e-05 0 1 7.72507e-10 1.56601e-10
0.12709  419.415 5.85788e-05 0 1 7.72031e-10 1.56503e-10
0.133779  419.415 5.85787e-05 0 1 7.71529e-10 1.564e-10
0.140468  419.416 5.85787e-05 0 1 7.71001e-10 1.56291e-10
0.147157  419.416 5.85786e-05 0 1 7.70449e-10 1.56178e-10
0.153846  419.417 5.85785e-05 0 1 7.6987e-10 1.56059e-10
0.160535  419.417 5.85785e-05 0 1 7.69267e-10 1.55935e-10
0.167224  419.418 5.85784e-05 0 1 7.68637e-10 1.55805e-10
0.173913  419.418 5.85783e-05 0 1 7.67983e-10 1.55671e-10
0.180602  419.419 5.85782e-05 0 1 7.67303e-10 1.55531e-10
0.187291  419.42 5.85781e-05 0 1 7.66598e-10 1.55386e-10
0.19398  419.42 5.8578e-05 0 1 7.65867e-10 1.55236e-10
0.200669  419.421 5.85779e-05 0 1 7.65112e-10 1.5508e-10
0.207358  419.422 5.85778e-05 0 1 7.64331e-10 1.5492e-10
0.214047  419.422 5.85777e-05 0 1 7.63525e-10 1.54754e-10
0.220736  419.423 5.85776e-05 0 1 7.62694e-10 1.54583e-10
0.227425  419.424 5.85775e-05 0 1 7.61838e-10 1.54407e-10
0.234114  419.425 5.85774e-05 0 1 7.60957e-10 1.54226e-10
0.240803  419.425 5.85773e-05 0 1 7.60051e-10 1.5404e-10
0.247492  419.426 5.85772e-05 0 1 7.5912e-10 1.53849e-10
0.254181  419.427 5.85771e-05 0 1 7.58165e-10 1.53652e-10
0.26087  419.428 5.8577e-05 0 1 7.57185e-10 1.53451e-10
0.267559  419.429 5.85768e-05 0 1 7.5618e-10 1.53244e-10
0.274247  419.43 5.85767e-05 0 1 7.5515e-10 1.53033e-10
0.280936  419.431 5.85766e-05 0 1 7.54096e-10 1.52816e-10
0.287625  419.432 5.85764e-05 0 1 7.53017e-10 1.52594e-10
0.294314  419.433 5.85763e-05 0 1 7.51914e-10 1.52368e-10
0.301003  419.434 5.85762e-05 0 1 7.50787e-10 1.52136e-10
0.307692  419.435 5.8576e-05 0 1 7.49635e-10 1.51899e-10
0.314381  419.436 5.85759e-05 0 1 7.48459e-10 1.51657e-10
0.32107  419.437 5.85757e-05 0 1 7.47259e-10 1.51411e-10
0.327759  419.438 5.85756e-05 0 1 7.46035e-10 1.51159e-10
0.334448  419.439 5.85754e-05 0 1 7.44786e-10 1.50902e-10
0.341137  419.44 5.85753e-05 0 1 7.43514e-10 1.50641e-10
0.347826  419.441 5.85751e-05 0 1 7.42218e-10 1.50375e-10
0.354515  419.442 5.8575e-05 0 1 7.40898e-10 1.50103e-10
0.361204  419.443 5.85748e-05 0 1 7.39555e-10 1.49827e-10
0.367893  419.445 5.85746e-05 0 1 7.38188e-10 1.49546e-10
0.374582  419.446 5.85745e-05 0 1 7.36797e-10 1.4926e-10
0.381271  419.447 5.85743e-05 0 1 7.35383e-10 1.4897e-10
0.38796  419.448 5.85741e-05 0 1 7.33945e-10 1.48674e-10
0.394649  419.449 5.8574e-05 0 1 7.32484e-10 1.48374e-10
0.401338  419.451 5.85738e-05 0 1 7.31e-10 1.48069e-10
0.408027  419.452 5.85736e-05 0 1 7.29493e-10 1.47759e-10
0.414716  419.453 5.85734e-05 0 1 7.27963e-10 1.47445e-10
0.421405  419.455 5.85732e-05 0 1 7.26409e-10 1.47126e-10
0.428094  419.456 5.85731e-05 0 1 7.24833e-10 1.46802e-10
0.434783  419.457 5.85729e-05 0 1 7.23235e-10 1.46473e-10
0.441472  419.459 5.85727e-05 0 1 7.21613e-10 1.4614e-10
0.448161  419.46 5.85725e-05 0 1 7.19969e-10 1.45802e-10
0.454849  419.461 5.85723e-05 0 1 7.18303e-10 1.4546e-10
0.461538  419.463 5.85721e-05 0 1 7.16614e-10 1.45113e-10
0.468227  419.464 5.85719e-05 0 1 7.14903e-10 1.44761e-10
0.474916  419.465 5.85717e-05 0 1 7.1317e-10 1.44405e-10
0.481605  419.467 5.85715e-05 0 1 7.11414e-10 1.44045e-10
0.488294  419.468 5.85713e-05 0 1 7.09637e-10 1.43679e-10
0.494983  419.47 5.85711e-05 0 1 7.07838e-10 1.4331e-10
0.501672  419.471 5.85709e-05 0 1 7.06017e-10 1.42936e-10
0.508361  419.473 5.85707e-05 0 1 7.04175e-10 1.42557e-10
0.51505  419.474 5.85705e-05 0 1 7.02311e-10 1.42174e-10
0.521739  419.476 5.85703e-05 0 1 7.00425e-10 1.41787e-10
0.528428  419.477 5.85701e-05 0 1 6.98518e-10 1.41395e-10
0.535117  419.479 5.85699e-05 0 1 6.9659e-10 1.40999e-10
0.541806  419.48 5.85696e-05 0 1 6.94641e-10 1.40599e-10
0.548495  419.482 5.85694e-05 0 1 6.92671e-10 1.40194e-10
0.555184  419.483 5.85692e-05 0 1 6.90681e-10 1.39785e-10
0.561873  419.485 5.8569e-05 0 1 6.88669e-10 1.39372e-10
0.568562  419.487 5.85688e-05 0 1 6.86637e-10 1.38955e-10
0.575251  419.488 5.85685e-05 0 1 6.84584e-10 1.38533e-10
0.58194  419.49 5.85683e-05 0 1 6.82511e-10 1.38107e-10
0.588629  419.491 5.85681e-05 0 1 6.80418e-10 1.37677e-10
0.595318  419.493 5.85679e-05 0 1 6.78305e-10 1.37243e-10
0.602007  419.495 5.85676e-05 0 1 6.76171e-10 1.36805e-10
0.608696  419.496 5.85674e-05 0 1 6.74018e-10 1.36363e-10
0.615385  419.498 5.85672e-05 0 1 6.71845e-10 1.35917e-10
0.622074  419.5 5.85669e-05 0 1 6.69652e-10 1.35466e-10
0.628763  419.501 5.85667e-05 0 1 6.6744e-10 1.35012e-10
0.635452  419.503 5.85665e-05 0 1 6.65209e-10 1.34554e-10
0.64214  419.505 5.85662e-05 0 1 6.62958e-10 1.34092e-10
0.648829  419.506 5.8566e-05 0 1 6.60688e-10 1.33626e-10
0.655518  419.508 5.85658e-05 0 1 6.58399e-10 1.33156e-10
0.662207  419.51 5.85655e-05 0 1 6.56092e-10 1.32682e-10
0.668896  419.511 5.85653e-05 0 1 6.53765e-10 1.32204e-10
0.675585  419.513 5.85651e-05 0 1 6.51421e-10 1.31723e-10
0.682274  419.515 5.85648e-05 0 1 6.49057e-10 1.31238e-10
0.688963  419.517 5.85646e-05 0 1 6.46676e-10 1.30749e-10
0.695652  419.518 5.85643e-05 0 1 6.44276e-10 1.30256e-10
0.702341  419.52 5.85641e-05 0 1 6.41859e-10 1.2976e-10
0.70903  419.522 5.85638e-05 0 1 6.39423e-10 1.2926e-10
0.715719  419.524 5.85636e-05 0 1 6.3697e-10 1.28757e-10
0.722408  419.525 5.85634e-05 0 1 6.34499e-10 1.28249e-10
0.729097  419.527 5.85631e-05 0 1 6.32011e-10 1.27739e-10
0.735786  419.529 5.85629e-05 0 1 6.29505e-10 1.27224e-10
0.742475  419.531 5.85626e-05 0 1 6.26983e-10 1.26707e-10
0.749164  419.532 5.85624e-05 0 1 6.24443e-10 1.26185e-10
0.755853  419.534 5.85621e-05 0 1 6.21887e-10 1.25661e-10
0.762542  419.536 5.85619e-05 0 1 6.19314e-10 1.25133e-10
0.769231  419.538 5.85616e-05 0 1 6.16724e-10 1.24601e-10
0.77592  419.539 5.85614e-05 0 1 6.14118e-10 1.24067e-10
0.782609  419.541 5.85611e-05 0 1 6.11496e-10 1.23528e-10
0.789298  419.543 5.85609e-05 0 1 6.08857e-10 1.22987e-10
0.795987  419.545 5.85606e-05 0 1 6.06203e-10 1.22442e-10
0.802676  419.547 5.85604e-05 0 1 6.03533e-10 1.21895e-10
0.809365  419.548 5.85601e-05 0 1 6.00847e-10 1.21344e-10
0.816054  419.55 5.85599e-05 0 1 5.98146e-10 1.20789e-10
0.822742  419.552 5.85597e-05 0 1 5.95429e-10 1.20232e-10
0.829431  419.554 5.85594e-05 0 1 5.92698e-10 1.19672e-10
0.83612  419.555 5.85592e-05 0 1 5.89951e-10 1.19108e-10
0.842809  419.557 5.85589e-05 0 1 5.8719e-10 1.18542e-10
0.849498  419.559 5.85587e-05 0 1 5.84414e-10 1.17972e-10
0.856187  419.561 5.85584e-05 0 1 5.81623e-10 1.174e-10
0.862876  419.563 5.85582e-05 0 1 5.78818e-10 1.16825e-10
0.869565  419.564 5.85579e-05 0 1 5.75999e-10 1.16247e-10
0.876254  419.566 5.85577e-05 0 1 5.73166e-10 1.15665e-10
0.882943  419.568 5.85574e-05 0 1 5.70319e-10 1.15082e-10
0.889632  419.57 5.85572e-05 0 1 5.67458e-10 1.14495e-10
0.896321  419.571 5.85569e-05 0 1 5.64584e-10 1.13906e-10
0.90301  419.573 5.85567e-05 0 1 5.61696e-10 1.13313e-10
0.909699  419.575 5.85564e-05 0 1 5.58796e-10 1.12719e-10
0.916388  419.577 5.85562e-05 0 0.999999 5.55881e-10 1.12121e-10
0.923077  419.579 5.85561e-05 0 0.999997 5.52953e-10 1.11521e-10
0.929766  419.58 5.85557e-05 0 1 5.50013e-10 1.10918e-10
0.936455  419.582 5.85525e-05 0 1.00005 5.4715e-10 1.1033e-10
0.943144  419.584 5.8575e-05 0 0.999662 5.43931e-10 1.09672e-10
0.949833  419.586 5.84613e-05 0 1.0016 5.41912e-10 1.09255e-10
0.956522  419.587 5.85651e-05 0 0.999823 5.38183e-10 1.08491e-10
0.963211  419.589 5.8623e-05 0 0.998831 5.34509e-10 1.07742e-10
0.9699  419.591 5.855e-05 0 1.00007 5.32002e-10 1.07228e-10
0.976589  419.592 5.8554e-05 0 1 5.29115e-10 1.06634e-10
0.983278  419.594 5.85522e-05 0 1.00003 5.26078e-10 1.06012e-10
0.989967  419.596 5.85549e-05 0 0.999976 5.23003e-10 1.05382e-10
0.996656  419.598 5.85538e-05 0 0.999992 5.19954e-10 1.04757e-10
1.00334  419.599 5.85529e-05 0 1 5.16894e-10 1.0413e-10
1.01003  419.601 5.85528e-05 0 1 5.13814e-10 1.03499e-10
1.01672  419.603 5.85526e-05 0 1 5.10726e-10 1.02866e-10
1.02341  419.604 5.85523e-05 0 1 5.07627e-10 1.02231e-10
1.0301  419.606 5.85521e-05 0 1 5.04518e-10 1.01594e-10
1.03679  419.608 5.85519e-05 0 1 5.01399e-10 1.00955e-10
1.04348  419.609 5.85516e-05 0 1 4.9827e-10 1.00314e-10
1.05017  419.611 5.85514e-05 0 1 4.95132e-10 9.96714e-11
1.05686  419.613 5.85512e-05 0 1 4.91984e-10 9.90266e-11
1.06355  419.614 5.85509e-05 0 1 4.88827e-10 9.838e-11
1.07023  419.616 5.85507e-05 0 1 4.85661e-10 9.77316e-11
1.07692  419.618 5.85505e-05 0 1 4.82486e-10 9.70814e-11
1.08361  419.619 5.85502e-05 0 1 4.79302e-10 9.64294e-11
1.0903  419.621 5.855e-05 0 1 4.7611e-10 9.57758e-11
1.09699  419.623 5.85498e-05 0 1 4.7291e-10 9.51205e-11
1.10368  419.624 5.85496e-05 0 1 4.69702e-10 9.44635e-11
1.11037  419.626 5.85493e-05 0 1 4.66485e-10 9.3805e-11
1.11706  419.627 5.85491e-05 0 1 4.63261e-10 9.31449e-11
1.12375  419.629 5.85489e-05 0 1 4.60029e-10 9.24833e-11
1.13043  419.63 5.85487e-05 0 1 4.5679e-10 9.18202e-11
1.13712  419.632 5.85485e-05 0 1 4.53544e-10 9.11557e-11
1.14381  419.634 5.85483e-05 0 1 4.5029e-10 9.04898e-11
1.1505  419.635 5.8548e-05 0 1 4.4703e-10 8.98225e-11
1.15719  419.637 5.85478e-05 0 1 4.43763e-10 8.91539e-11
1.16388  419.638 5.85476e-05 0 1 4.40489e-10 8.84839e-11
1.17057  419.64 5.85474e-05 0 1 4.3721e-10 8.78128e-11
1.17726  419.641 5.85472e-05 0 1 4.33924e-10 8.71404e-11
1.18395  419.643 5.8547e-05 0 1 4.30632e-10 8.64669e-11
1.19064  419.644 5.85468e-05 0 1 4.27334e-10 8.57922e-11
1.19732  419.646 5.85466e-05 0 1 4.24031e-10 8.51164e-11
1.20401  419.647 5.85464e-05 0 1 4.20723e-10 8.44396e-11
1.2107  419.649 5.85462e-05 0 1 4.17409e-10 8.37617e-11
1.21739  419.65 5.8546e-05 0 1 4.1409e-10 8.30828e-11
1.22408  419.652 5.85458e-05 0 1 4.10766e-10 8.24031e-11
1.23077  419.653 5.85456e-05 0 1 4.07438e-10 8.17223e-11
1.23746  419.654 5.85454e-05 0 1 4.04105e-10 8.10408e-11
1.24415  419.656 5.85452e-05 0 1 4.00768e-10 8.03584e-11
1.25084  419.657 5.8545e-05 0 1 3.97427e-10 7.96752e-11
1.25753  419.659 5.85448e-05 0 1 3.94082e-10 7.89912e-11
1.26421  419.66 5.85446e-05 0 1 3.90733e-10 7.83065e-11
1.2709  419.661 5.85444e-05 0 1 3.87381e-10 7.76212e-11
1.27759  419.663 5.85442e-05 0 1 3.84025e-10 7.69352e-11
1.28428  419.664 5.8544e-05 0 1 3.80666e-10 7.62486e-11
1.29097  419.665 5.85438e-05 0 1 3.77304e-10 7.55614e-11
1.29766  419.667 5.85436e-05 0 1 3.73939e-10 7.48738e-11
1.30435  419.668 5.85435e-05 0 1 3.70572e-10 7.41856e-11
1.31104  419.669 5.85433e-05 0 1 3.67202e-10 7.3497e-11
1.31773  419.67 5.85431e-05 0 1 3.6383e-10 7.28079e-11
1.32441  419.672 5.85429e-05 0 1 3.60456e-10 7.21185e-11
1.3311  419.673 5.85428e-05 0 1 3.5708e-10 7.14288e-11
1.33779  419.674 5.85426e-05 0 1 3.53702e-10 7.07387e-11
1.34448  419.675 5.85424e-05 0 1 3.50323e-10 7.00484e-11
1.35117  419.677 5.85422e-05 0 1 3.46943e-10 6.93579e-11
1.35786  419.678 5.85421e-05 0 1 4.00459e-10 6.86672e-11
1.36455  419.679 5.85419e-05 0 1 5.12491e-10 8.83821e-11
1.37124  419.68 5.85417e-05 0 1 6.23363e-10 1.10798e-10
1.37793  419.681 5.85416e-05 0 1 7.33072e-10 1.32981e-10
1.38462  419.683 5.85414e-05 0 1 8.41612e-10 1.54931e-10
1.3913  419.684 5.85413e-05 0 1 9.48981e-10 1.76646e-10
1.39799  419.685 5.85411e-05 0 1 1.05517e-09 1.98125e-10
1.40468  419.686 5.85409e-05 0 1 1.16018e-09 2.19368e-10
1.41137  419.687 5.85407e-05 0 1 1.26401e-09 2.40373e-10
1.41806  419.688 5.85406e-05 0 1 1.36664e-09 2.6114e-10
1.42475  419.689 5.85405e-05 0 0.999999 1.46809e-09 2.81668e-10
1.43144  419.69 5.85403e-05 0 1 1.56833e-09 3.01956e-10
1.43813  419.691 5.85402e-05 0 1 1.66738e-09 3.22003e-10
1.44482  419.693 5.854e-05 0 1 1.76522e-09 3.41808e-10
1.45151  419.694 5.85399e-05 0 1 1.86186e-09 3.61372e-10
1.45819  419.695 5.85397e-05 0 1 1.95729e-09 3.80692e-10
1.46488  419.696 5.85396e-05 0 1 2.0515e-09 3.99768e-10
1.47157  419.697 5.85395e-05 0 1 2.14449e-09 4.186e-10
1.47826  419.698 5.85393e-05 0 1 2.23627e-09 4.37187e-10
1.48495  419.699 5.85392e-05 0 1 2.32683e-09 4.55528e-10
1.49164  419.699 5.85391e-05 0 1 2.41616e-09 4.73622e-10
1.49833  419.7 5.85389e-05 0 1 2.50426e-09 4.9147e-10
1.50502  419.701 5.85388e-05 0 1 2.59113e-09 5.0907e-10
1.51171  419.702 5.85387e-05 0 1 2.67677e-09 5.26423e-10
1.51839  419.703 5.85385e-05 0 1 2.76118e-09 5.43526e-10
1.52508  419.704 5.85384e-05 0 1 2.84435e-09 5.60381e-10
1.53177  419.705 5.85383e-05 0 1 2.92628e-09 5.76987e-10
1.53846  419.706 5.85382e-05 0 1 3.00697e-09 5.93342e-10
1.54515  419.707 5.85381e-05 0 1 3.08643e-09 6.09448e-10
1.55184  419.707 5.85379e-05 0 1 3.16465e-09 6.25304e-10
1.55853  419.708 5.85378e-05 0 1 3.24163e-09 6.4091e-10
1.56522  419.709 5.85377e-05 0 1 3.31736e-09 6.56266e-10
1.57191  419.71 5.85376e-05 0 1 3.39186e-09 6.71371e-10
1.5786  419.711 5.85375e-05 0 1 3.46512e-09 6.86226e-10
1.58528  419.711 5.85374e-05 0 1 3.53713e-09 7.0083e-10
1.59197  419.712 5.85372e-05 0 1 3.60791e-09 7.15185e-10
1.59866  419.713 5.85373e-05 0 0.999998 3.67744e-09 7.29286e-10
1.60535  419.714 5.85371e-05 0 1 3.74574e-09 7.43141e-10
1.61204  419.714 5.8537e-05 0 1 3.8128e-09 7.56743e-10
1.61873  419.715 5.85369e-05 0 1 3.87862e-09 7.70095e-10
1.62542  419.716 5.85368e-05 0 1 3.9432e-09 7.83198e-10
1.63211  419.717 5.85367e-05 0 1 4.00655e-09 7.9605e-10
1.6388  419.717 5.85366e-05 0 1 4.06866e-09 8.08652e-10
1.64548  419.718 5.85365e-05 0 1 4.12953e-09 8.21004e-10
1.65217  419.718 5.85364e-05 0 1 4.18917e-09 8.33108e-10
1.65886  419.719 5.85363e-05 0 1 4.24758e-09 8.44961e-10
1.66555  419.72 5.85362e-05 0 1 4.30477e-09 8.56566e-10
1.67224  419.72 5.85362e-05 0 1 4.36072e-09 8.67922e-10
1.67893  419.721 5.85361e-05 0 1 4.41544e-09 8.7903e-10
1.68562  419.721 5.8536e-05 0 1 4.46894e-09 8.89889e-10
1.69231  419.722 5.85359e-05 0 1 4.52122e-09 9.00501e-10
1.699  419.723 5.85358e-05 0 1 4.57228e-09 9.10866e-10
1.70569  419.723 5.85358e-05 0 1 4.62211e-09 9.20983e-10
1.71237  419.724 5.85357e-05 0 1 4.67073e-09 9.30855e-10
1.71906  419.724 5.85356e-05 0 1 4.71814e-09 9.40479e-10
1.72575  419.725 5.85356e-05 0 1 4.76433e-09 9.49859e-10
1.73244  419.725 5.85355e-05 0 1 4.80932e-09 9.58993e-10
1.73913  419.726 5.85354e-05 0 1 4.8531e-09 9.67883e-10
1.74582  419.726 5.85354e-05 0 1 4.89567e-09 9.76529e-10
1.75251  419.726 5.85353e-05 0 1 4.93704e-09 9.84931e-10
1.7592  419.727 5.85352e-05 0 1 4.97722e-09 9.9309e-10
1.76589  419.727 5.85352e-05 0 1 5.0162e-09 1.00101e-09
1.77258  419.728 5.85351e-05 0 1 5.05399e-09 1.00868e-09
1.77926  419.728 5.85351e-05 0 1 5.0906e-09 1.01612e-09
1.78595  419.728 5.8535e-05 0 1 5.12602e-09 1.02331e-09
1.79264  419.729 5.8535e-05 0 1 5.16025e-09 1.03027e-09
1.79933  419.729 5.85349e-05 0 1 5.19332e-09 1.03698e-09
1.80602  419.73 5.85349e-05 0 1 5.2252e-09 1.04346e-09
1.81271  419.73 5.85348e-05 0 1 5.25592e-09 1.0497e-09
1.8194  419.73 5.85348e-05 0 1 5.28548e-09 1.0557e-09
1.82609  419.731 5.85347e-05 0 1 5.31387e-09 1.06147e-09
1.83278  419.731 5.85347e-05 0 1 5.34111e-09 1.06701e-09
1.83946  419.731 5.85347e-05 0 1 5.36719e-09 1.0723e-09
1.84615  419.731 5.85346e-05 0 1 5.39213e-09 1.07737e-09
1.85284  419.732 5.85346e-05 0 1 5.41592e-09 1.08221e-09
1.85953  419.732 5.85346e-05 0 1 5.43857e-09 1.08681e-09
1.86622  419.732 5.85345e-05 0 1 5.46009e-09 1.09118e-09
1.87291  419.732 5.85344e-05 0 1 5.48049e-09 1.09532e-09
1.8796  419.732 5.85344e-05 0 1 5.49975e-09 1.09924e-09
1.88629  419.733 5.85344e-05 0 1 5.5179e-09 1.10293e-09
1.89298  419.733 5.85345e-05 0 0.999999 5.53493e-09 1.10639e-09
1.89967  419.733 5.85344e-05 0 1 5.55086e-09 1.10962e-09
1.90635  419.733 5.85344e-05 0 1 5.56568e-09 1.11264e-09
1.91304  419.733 5.85343e-05 0 1 5.57941e-09 1.11543e-09
1.91973  419.733 5.85343e-05 0 1 5.59204e-09 1.11799e-09
1.92642  419.734 5.85343e-05 0 1 5.60359e-09 1.12034e-09
1.93311  419.734 5.85343e-05 0 1 5.61405e-09 1.12247e-09
1.9398  419.734 5.85343e-05 0 1 5.62345e-09 1.12438e-09
1.94649  419.734 5.85343e-05 0 1 5.63177e-09 1.12607e-09
1.95318  419.734 5.85343e-05 0 1 5.63903e-09 1.12754e-09
1.95987  419.734 5.85342e-05 0 1 5.64523e-09 1.1288e-09
1.96656  419.734 5.85342e-05 0 1 5.65039e-09 1.12985e-09
1.97324  419.734 5.85342e-05 0 1 5.6545e-09 1.13069e-09
1.97993  419.734 5.85342e-05 0 1 5.65757e-09 1.13131e-09
1.98662  419.734 5.85342e-05 0 1 5.65961e-09 1.13173e-09
1.99331  419.734 5.85342e-05 0 1 5.66063e-09 1.13193e-09
2  419.734 5.85342e-05 0 1 5.66063e-09 1.13193e-09
