TITLE="Graphics"
VARIABLES= "x", "T", "rho", "u",, "Y_H2", "Y_O2", "Y_N2"
0  400 6.1422e-05 0 1 0 0
0.00668896  419.609 5.85516e-05 0 1 7.00109e-09 1.41613e-09
0.0133779  419.609 5.85516e-05 0 1 7.00081e-09 1.41608e-09
0.0200669  419.609 5.85516e-05 0 1 7.00031e-09 1.41597e-09
0.0267559  419.609 5.85516e-05 0 1 6.9996e-09 1.41583e-09
0.0334448  419.609 5.85516e-05 0 1 6.99867e-09 1.41564e-09
0.0401338  419.609 5.85516e-05 0 1 6.99754e-09 1.4154e-09
0.0468227  419.609 5.85516e-05 0 1 6.99619e-09 1.41513e-09
0.0535117  419.61 5.85516e-05 0 1 6.99464e-09 1.41481e-09
0.0602007  419.61 5.85516e-05 0 1 6.99287e-09 1.41445e-09
0.0668896  419.61 5.85516e-05 0 1 6.9909e-09 1.41404e-09
0.0735786  419.61 5.85516e-05 0 1 6.98872e-09 1.41359e-09
0.0802676  419.61 5.85516e-05 0 1 6.98634e-09 1.4131e-09
0.0869565  419.61 5.85516e-05 0 1 6.98374e-09 1.41257e-09
0.0936455  419.61 5.85516e-05 0 1 6.98094e-09 1.41199e-09
0.100334  419.61 5.85515e-05 0 1 6.97793e-09 1.41138e-09
0.107023  419.61 5.85515e-05 0 1 6.97471e-09 1.41072e-09
0.113712  419.61 5.85515e-05 0 1 6.97129e-09 1.41001e-09
0.120401  419.61 5.85515e-05 0 1 6.96765e-09 1.40927e-09
0.12709  419.61 5.85515e-05 0 1 6.96382e-09 1.40848e-09
0.133779  419.61 5.85515e-05 0 1 6.95977e-09 1.40765e-09
0.140468  419.611 5.85515e-05 0 1 6.95552e-09 1.40678e-09
0.147157  419.611 5.85514e-05 0 1 6.95107e-09 1.40586e-09
0.153846  419.611 5.85514e-05 0 1 6.9464e-09 1.4049e-09
0.160535  419.611 5.85514e-05 0 1 6.94154e-09 1.4039e-09
0.167224  419.611 5.85514e-05 0 1 6.93646e-09 1.40286e-09
0.173913  419.611 5.85514e-05 0 1 6.93119e-09 1.40178e-09
0.180602  419.611 5.85513e-05 0 1 6.92571e-09 1.40065e-09
0.187291  419.612 5.85513e-05 0 1 6.92002e-09 1.39949e-09
0.19398  419.612 5.85513e-05 0 1 6.91413e-09 1.39828e-09
0.200669  419.612 5.85513e-05 0 1 6.90804e-09 1.39703e-09
0.207358  419.612 5.85513e-05 0 1 6.90175e-09 1.39573e-09
0.214047  419.612 5.85512e-05 0 1 6.89525e-09 1.3944e-09
0.220736  419.612 5.85512e-05 0 1 6.88855e-09 1.39302e-09
0.227425  419.613 5.85512e-05 0 1 6.88164e-09 1.39161e-09
0.234114  419.613 5.85511e-05 0 1 6.87454e-09 1.39015e-09
0.240803  419.613 5.85511e-05 0 1 6.86724e-09 1.38865e-09
0.247492  419.613 5.85511e-05 0 1 6.85973e-09 1.38711e-09
0.254181  419.613 5.85511e-05 0 1 6.85202e-09 1.38552e-09
0.26087  419.614 5.8551e-05 0 1 6.84412e-09 1.3839e-09
0.267559  419.614 5.8551e-05 0 1 6.83601e-09 1.38224e-09
0.274247  419.614 5.8551e-05 0 1 6.82771e-09 1.38053e-09
0.280936  419.614 5.85509e-05 0 1 6.8192e-09 1.37879e-09
0.287625  419.615 5.85509e-05 0 1 6.8105e-09 1.377e-09
0.294314  419.615 5.85509e-05 0 1 6.8016e-09 1.37517e-09
0.301003  419.615 5.85508e-05 0 1 6.79251e-09 1.37331e-09
0.307692  419.615 5.85508e-05 0 1 6.78321e-09 1.3714e-09
0.314381  419.616 5.85508e-05 0 1 6.77373e-09 1.36945e-09
0.32107  419.616 5.85507e-05 0 1 6.76404e-09 1.36746e-09
0.327759  419.616 5.85507e-05 0 1 6.75416e-09 1.36543e-09
0.334448  419.616 5.85507e-05 0 1 6.74409e-09 1.36337e-09
0.341137  419.617 5.85506e-05 0 1 6.73382e-09 1.36126e-09
0.347826  419.617 5.85506e-05 0 1 6.72336e-09 1.35911e-09
0.354515  419.617 5.85505e-05 0 1 6.71271e-09 1.35693e-09
0.361204  419.618 5.85505e-05 0 1 6.70186e-09 1.3547e-09
0.367893  419.618 5.85505e-05 0 1 6.69083e-09 1.35243e-09
0.374582  419.618 5.85504e-05 0 1 6.6796e-09 1.35013e-09
0.381271  419.618 5.85504e-05 0 1 6.66818e-09 1.34779e-09
0.38796  419.619 5.85503e-05 0 1 6.65657e-09 1.3454e-09
0.394649  419.619 5.85503e-05 0 1 6.64478e-09 1.34298e-09
0.401338  419.619 5.85502e-05 0 1 6.63279e-09 1.34052e-09
0.408027  419.62 5.85502e-05 0 1 6.62062e-09 1.33802e-09
0.414716  419.62 5.85501e-05 0 1 6.60826e-09 1.33549e-09
0.421405  419.62 5.85501e-05 0 1 6.59572e-09 1.33291e-09
0.428094  419.621 5.85501e-05 0 1 6.58299e-09 1.3303e-09
0.434783  419.621 5.855e-05 0 1 6.57007e-09 1.32765e-09
0.441472  419.621 5.855e-05 0 1 6.55697e-09 1.32496e-09
0.448161  419.622 5.85499e-05 0 1 6.54369e-09 1.32223e-09
0.454849  419.622 5.85499e-05 0 1 6.53022e-09 1.31947e-09
0.461538  419.622 5.85498e-05 0 1 6.51657e-09 1.31667e-09
0.468227  419.623 5.85498e-05 0 1 6.50275e-09 1.31383e-09
0.474916  419.623 5.85497e-05 0 1 6.48874e-09 1.31096e-09
0.481605  419.623 5.85497e-05 0 1 6.47455e-09 1.30805e-09
0.488294  419.624 5.85496e-05 0 1 6.46018e-09 1.3051e-09
0.494983  419.624 5.85496e-05 0 1 6.44564e-09 1.30211e-09
0.501672  419.625 5.85495e-05 0 1 6.43091e-09 1.29909e-09
0.508361  419.625 5.85495e-05 0 1 6.41601e-09 1.29604e-09
0.51505  419.625 5.85494e-05 0 1 6.40094e-09 1.29294e-09
0.521739  419.626 5.85494e-05 0 1 6.38569e-09 1.28981e-09
0.528428  419.626 5.85493e-05 0 1 6.37027e-09 1.28665e-09
0.535117  419.626 5.85492e-05 0 1 6.35467e-09 1.28345e-09
0.541806  419.627 5.85492e-05 0 1 6.3389e-09 1.28022e-09
0.548495  419.627 5.85491e-05 0 1 6.32297e-09 1.27695e-09
0.555184  419.628 5.85491e-05 0 1 6.30686e-09 1.27364e-09
0.561873  419.628 5.8549e-05 0 1 6.29058e-09 1.2703e-09
0.568562  419.628 5.8549e-05 0 1 6.27413e-09 1.26693e-09
0.575251  419.629 5.85489e-05 0 1 6.25752e-09 1.26352e-09
0.58194  419.629 5.85489e-05 0 1 6.24073e-09 1.26008e-09
0.588629  419.63 5.85488e-05 0 1 6.22379e-09 1.2566e-09
0.595318  419.63 5.85487e-05 0 1 6.20668e-09 1.25309e-09
0.602007  419.631 5.85487e-05 0 1 6.1894e-09 1.24955e-09
0.608696  419.631 5.85486e-05 0 1 6.17196e-09 1.24597e-09
0.615385  419.631 5.85486e-05 0 1 6.15436e-09 1.24236e-09
0.622074  419.632 5.85485e-05 0 1 6.1366e-09 1.23872e-09
0.628763  419.632 5.85484e-05 0 1 6.11868e-09 1.23504e-09
0.635452  419.633 5.85484e-05 0 1 6.10059e-09 1.23133e-09
0.64214  419.633 5.85483e-05 0 1 6.08236e-09 1.22759e-09
0.648829  419.634 5.85483e-05 0 1 6.06396e-09 1.22382e-09
0.655518  419.634 5.85482e-05 0 1 6.04541e-09 1.22002e-09
0.662207  419.634 5.85481e-05 0 1 6.0267e-09 1.21618e-09
0.668896  419.635 5.85481e-05 0 1 6.00784e-09 1.21231e-09
0.675585  419.635 5.8548e-05 0 1 5.98883e-09 1.20841e-09
0.682274  419.636 5.85479e-05 0 1 5.96966e-09 1.20448e-09
0.688963  419.636 5.85479e-05 0 1 5.95034e-09 1.20052e-09
0.695652  419.637 5.85478e-05 0 1 5.93088e-09 1.19653e-09
0.702341  419.637 5.85478e-05 0 1 5.91126e-09 1.19251e-09
0.70903  419.638 5.85477e-05 0 1 5.8915e-09 1.18846e-09
0.715719  419.638 5.85476e-05 0 1 5.87159e-09 1.18438e-09
0.722408  419.639 5.85476e-05 0 1 5.85154e-09 1.18027e-09
0.729097  419.639 5.85475e-05 0 1 5.83134e-09 1.17612e-09
0.735786  419.639 5.85474e-05 0 1 5.811e-09 1.17195e-09
0.742475  419.64 5.85474e-05 0 1 5.79052e-09 1.16776e-09
0.749164  419.64 5.85473e-05 0 1 5.76989e-09 1.16353e-09
0.755853  419.641 5.85472e-05 0 1 5.74913e-09 1.15927e-09
0.762542  419.641 5.85472e-05 0 1 5.72822e-09 1.15499e-09
0.769231  419.642 5.85471e-05 0 1 5.70718e-09 1.15067e-09
0.77592  419.642 5.8547e-05 0 1 5.68601e-09 1.14633e-09
0.782609  419.643 5.8547e-05 0 1 5.66469e-09 1.14197e-09
0.789298  419.643 5.85469e-05 0 1 5.64325e-09 1.13757e-09
0.795987  419.644 5.85469e-05 0 1 5.62167e-09 1.13315e-09
0.802676  419.644 5.85468e-05 0 1 5.59996e-09 1.1287e-09
0.809365  419.645 5.85467e-05 0 1 5.57812e-09 1.12422e-09
0.816054  419.645 5.85467e-05 0 1 5.55614e-09 1.11972e-09
0.822742  419.646 5.85466e-05 0 1 5.53405e-09 1.11519e-09
0.829431  419.646 5.85465e-05 0 1 5.51182e-09 1.11064e-09
0.83612  419.646 5.85465e-05 0 1 5.48947e-09 1.10606e-09
0.842809  419.647 5.85464e-05 0 1 5.46699e-09 1.10146e-09
0.849498  419.647 5.85463e-05 0 1 5.44439e-09 1.09683e-09
0.856187  419.648 5.85463e-05 0 1 5.42167e-09 1.09217e-09
0.862876  419.648 5.85462e-05 0 1 5.39883e-09 1.08749e-09
0.869565  419.649 5.85461e-05 0 1 5.37587e-09 1.08279e-09
0.876254  419.649 5.85461e-05 0 1 5.35279e-09 1.07806e-09
0.882943  419.65 5.8546e-05 0 1 5.32959e-09 1.07331e-09
0.889632  419.65 5.85459e-05 0 1 5.30628e-09 1.06853e-09
0.896321  419.651 5.85459e-05 0 1 5.28285e-09 1.06373e-09
0.90301  419.651 5.85458e-05 0 1 5.25931e-09 1.05891e-09
0.909699  419.652 5.85457e-05 0 1 5.23566e-09 1.05407e-09
0.916388  419.652 5.85457e-05 0 0.999999 5.21189e-09 1.0492e-09
0.923077  419.653 5.85457e-05 0 0.999998 5.188e-09 1.04431e-09
0.929766  419.653 5.85451e-05 0 1.00001 5.16402e-09 1.0394e-09
0.936455  419.654 5.85434e-05 0 1.00003 5.14073e-09 1.03462e-09
0.943144  419.654 5.85653e-05 0 0.999661 5.11431e-09 1.02923e-09
0.949833  419.655 5.84525e-05 0 1.00159 5.09898e-09 1.02606e-09
0.956522  419.655 5.85559e-05 0 0.999819 5.0674e-09 1.0196e-09
0.963211  419.655 5.86132e-05 0 0.99884 5.03657e-09 1.01333e-09
0.9699  419.656 5.85387e-05 0 1.00011 5.01684e-09 1.00928e-09
0.976589  419.656 5.85464e-05 0 0.999977 4.99337e-09 1.00446e-09
0.983278  419.657 5.85432e-05 0 1.00003 4.96859e-09 9.99388e-10
0.989967  419.657 5.85463e-05 0 0.999977 4.94341e-09 9.94236e-10
0.996656  419.658 5.85454e-05 0 0.999991 4.91849e-09 9.89134e-10
1.00334  419.658 5.85447e-05 0 1 4.89347e-09 9.84014e-10
1.01003  419.659 5.85448e-05 0 1 4.86829e-09 9.78859e-10
1.01672  419.659 5.85447e-05 0 1 4.84302e-09 9.73689e-10
1.02341  419.66 5.85446e-05 0 1 4.81766e-09 9.68499e-10
1.0301  419.66 5.85445e-05 0 1 4.79222e-09 9.63292e-10
1.03679  419.661 5.85445e-05 0 1 4.76668e-09 9.58067e-10
1.04348  419.661 5.85444e-05 0 1 4.74106e-09 9.52825e-10
1.05017  419.662 5.85444e-05 0 1 4.71536e-09 9.47566e-10
1.05686  419.662 5.85443e-05 0 1 4.68957e-09 9.4229e-10
1.06355  419.662 5.85442e-05 0 1 4.66371e-09 9.36998e-10
1.07023  419.663 5.85442e-05 0 1 4.63776e-09 9.3169e-10
1.07692  419.663 5.85441e-05 0 1 4.61173e-09 9.26366e-10
1.08361  419.664 5.8544e-05 0 1 4.58562e-09 9.21026e-10
1.0903  419.664 5.8544e-05 0 1 4.55944e-09 9.15671e-10
1.09699  419.665 5.85439e-05 0 1 4.53319e-09 9.10301e-10
1.10368  419.665 5.85439e-05 0 1 4.50686e-09 9.04917e-10
1.11037  419.666 5.85438e-05 0 1 4.48046e-09 8.99517e-10
1.11706  419.666 5.85437e-05 0 1 4.45399e-09 8.94104e-10
1.12375  419.666 5.85437e-05 0 1 4.42745e-09 8.88677e-10
1.13043  419.667 5.85436e-05 0 1 4.40084e-09 8.83237e-10
1.13712  419.667 5.85435e-05 0 1 4.37417e-09 8.77783e-10
1.14381  419.668 5.85435e-05 0 1 4.34743e-09 8.72316e-10
1.1505  419.668 5.85434e-05 0 1 4.32063e-09 8.66837e-10
1.15719  419.669 5.85434e-05 0 1 4.29376e-09 8.61345e-10
1.16388  419.669 5.85433e-05 0 1 4.26684e-09 8.55841e-10
1.17057  419.669 5.85432e-05 0 1 4.23985e-09 8.50325e-10
1.17726  419.67 5.85432e-05 0 1 4.21281e-09 8.44798e-10
1.18395  419.67 5.85431e-05 0 1 4.18571e-09 8.39259e-10
1.19064  419.671 5.85431e-05 0 1 4.15856e-09 8.3371e-10
1.19732  419.671 5.8543e-05 0 1 4.13135e-09 8.2815e-10
1.20401  419.672 5.8543e-05 0 1 4.10409e-09 8.22579e-10
1.2107  419.672 5.85429e-05 0 1 4.07678e-09 8.16999e-10
1.21739  419.672 5.85428e-05 0 1 4.04942e-09 8.11409e-10
1.22408  419.673 5.85428e-05 0 1 4.02201e-09 8.05809e-10
1.23077  419.673 5.85427e-05 0 1 3.99456e-09 8.002e-10
1.23746  419.674 5.85427e-05 0 1 3.96706e-09 7.94583e-10
1.24415  419.674 5.85426e-05 0 1 3.93951e-09 7.88956e-10
1.25084  419.674 5.85426e-05 0 1 3.91193e-09 7.83322e-10
1.25753  419.675 5.85425e-05 0 1 3.8843e-09 7.77679e-10
1.26421  419.675 5.85425e-05 0 1 3.85663e-09 7.72029e-10
1.2709  419.676 5.85424e-05 0 1 3.82893e-09 7.66371e-10
1.27759  419.676 5.85423e-05 0 1 3.80119e-09 7.60707e-10
1.28428  419.676 5.85423e-05 0 1 3.77341e-09 7.55035e-10
1.29097  419.677 5.85422e-05 0 1 3.7456e-09 7.49357e-10
1.29766  419.677 5.85422e-05 0 1 3.71776e-09 7.43673e-10
1.30435  419.677 5.85421e-05 0 1 3.68989e-09 7.37982e-10
1.31104  419.678 5.85421e-05 0 1 3.66199e-09 7.32287e-10
1.31773  419.678 5.8542e-05 0 1 3.63406e-09 7.26585e-10
1.32441  419.679 5.8542e-05 0 1 3.6061e-09 7.20879e-10
1.3311  419.679 5.85419e-05 0 1 3.57812e-09 7.15168e-10
1.33779  419.679 5.85419e-05 0 1 3.55011e-09 7.09453e-10
1.34448  419.68 5.85418e-05 0 1 3.52208e-09 7.03733e-10
1.35117  419.68 5.85418e-05 0 1 3.49403e-09 6.98009e-10
1.35786  419.68 5.85417e-05 0 1 3.46596e-09 6.92282e-10
1.36455  419.681 5.85417e-05 0 1 3.43788e-09 6.86552e-10
1.37124  419.681 5.85416e-05 0 1 3.4098e-09 6.80821e-10
1.37793  419.681 5.85416e-05 0 1 3.38173e-09 6.7509e-10
1.38462  419.682 5.85415e-05 0 1 3.35368e-09 6.69364e-10
1.3913  419.682 5.85415e-05 0 1 3.32566e-09 6.63644e-10
1.39799  419.682 5.85414e-05 0 1 3.29769e-09 6.57932e-10
1.40468  419.683 5.85414e-05 0 1 3.26978e-09 6.52231e-10
1.41137  419.683 5.85413e-05 0 1 3.24194e-09 6.46544e-10
1.41806  419.683 5.85413e-05 0 1 3.21417e-09 6.40871e-10
1.42475  419.684 5.85413e-05 0 0.999999 3.18649e-09 6.35215e-10
1.43144  419.684 5.85412e-05 0 1 3.15891e-09 6.29579e-10
1.43813  419.684 5.85412e-05 0 1 3.13143e-09 6.23964e-10
1.44482  419.685 5.85411e-05 0 1 3.10408e-09 6.18373e-10
1.45151  419.685 5.85411e-05 0 1 3.07685e-09 6.12808e-10
1.45819  419.685 5.85411e-05 0 1 3.04977e-09 6.0727e-10
1.46488  419.685 5.8541e-05 0 1 3.02282e-09 6.01761e-10
1.47157  419.686 5.8541e-05 0 1 2.99604e-09 5.96284e-10
1.47826  419.686 5.85409e-05 0 1 2.96942e-09 5.9084e-10
1.48495  419.686 5.85409e-05 0 1 2.94297e-09 5.8543e-10
1.49164  419.687 5.85409e-05 0 1 2.9167e-09 5.80058e-10
1.49833  419.687 5.85408e-05 0 1 2.89062e-09 5.74723e-10
1.50502  419.687 5.85408e-05 0 1 2.86475e-09 5.69429e-10
1.51171  419.687 5.85408e-05 0 1 2.83907e-09 5.64176e-10
1.51839  419.688 5.85407e-05 0 1 2.81362e-09 5.58968e-10
1.52508  419.688 5.85407e-05 0 1 2.78838e-09 5.53803e-10
1.53177  419.688 5.85406e-05 0 1 2.76338e-09 5.48686e-10
1.53846  419.688 5.85407e-05 0 0.999999 2.7386e-09 5.43615e-10
1.54515  419.689 5.85404e-05 0 1 2.71408e-09 5.38595e-10
1.55184  419.689 5.85407e-05 0 0.999997 2.6898e-09 5.33625e-10
1.55853  419.689 5.85403e-05 0 1 2.66578e-09 5.28707e-10
1.56522  419.689 5.85406e-05 0 0.999997 2.64203e-09 5.23845e-10
1.57191  419.69 5.85403e-05 0 1 2.61852e-09 5.19032e-10
1.5786  419.69 5.85406e-05 0 0.999997 2.59533e-09 5.14284e-10
1.58528  419.69 5.85402e-05 0 1 2.57237e-09 5.09583e-10
1.59197  419.69 5.85404e-05 0 0.999999 2.54977e-09 5.04954e-10
1.59866  419.691 5.85402e-05 0 1 2.52738e-09 5.00368e-10
1.60535  419.691 5.85404e-05 0 0.999997 2.50537e-09 4.95859e-10
1.61204  419.691 5.85401e-05 0 1 2.4836e-09 4.914e-10
1.61873  419.691 5.85404e-05 0 0.999997 2.46218e-09 4.87013e-10
1.62542  419.691 5.85401e-05 0 1 2.44105e-09 4.82683e-10
1.63211  419.692 5.85402e-05 0 0.999999 2.42026e-09 4.78424e-10
1.6388  419.692 5.85401e-05 0 1 2.39977e-09 4.74228e-10
1.64548  419.692 5.85401e-05 0 1 2.37963e-09 4.701e-10
1.65217  419.692 5.85401e-05 0 1 2.35981e-09 4.6604e-10
1.65886  419.692 5.85401e-05 0 1 2.34034e-09 4.62049e-10
1.66555  419.693 5.854e-05 0 1 2.3212e-09 4.58127e-10
1.67224  419.693 5.854e-05 0 1 2.30241e-09 4.54277e-10
1.67893  419.693 5.854e-05 0 1 2.28397e-09 4.50497e-10
1.68562  419.693 5.854e-05 0 1 2.26588e-09 4.4679e-10
1.69231  419.693 5.85399e-05 0 1 2.24815e-09 4.43156e-10
1.699  419.693 5.85399e-05 0 1 2.23078e-09 4.39595e-10
1.70569  419.694 5.85399e-05 0 1 2.21377e-09 4.36108e-10
1.71237  419.694 5.85399e-05 0 1 2.19713e-09 4.32697e-10
1.71906  419.694 5.85398e-05 0 1 2.18085e-09 4.2936e-10
1.72575  419.694 5.85398e-05 0 1 2.16495e-09 4.261e-10
1.73244  419.694 5.85398e-05 0 1 2.14942e-09 4.22916e-10
1.73913  419.694 5.85398e-05 0 1 2.13427e-09 4.19809e-10
1.74582  419.694 5.85398e-05 0 1 2.11949e-09 4.1678e-10
1.75251  419.695 5.85397e-05 0 1 2.1051e-09 4.13829e-10
1.7592  419.695 5.85397e-05 0 1 2.09109e-09 4.10956e-10
1.76589  419.695 5.85397e-05 0 1 2.07746e-09 4.08162e-10
1.77258  419.695 5.85397e-05 0 1 2.06422e-09 4.05447e-10
1.77926  419.695 5.85397e-05 0 1 2.05137e-09 4.02812e-10
1.78595  419.695 5.85397e-05 0 1 2.03891e-09 4.00256e-10
1.79264  419.695 5.85396e-05 0 1 2.02684e-09 3.97781e-10
1.79933  419.695 5.85396e-05 0 1 2.01516e-09 3.95386e-10
1.80602  419.696 5.85396e-05 0 1 2.00387e-09 3.93071e-10
1.81271  419.696 5.85396e-05 0 1 1.99298e-09 3.90837e-10
1.8194  419.696 5.85396e-05 0 1 1.98248e-09 3.88684e-10
1.82609  419.696 5.85396e-05 0 1 1.97238e-09 3.86612e-10
1.83278  419.696 5.85396e-05 0 1 1.96268e-09 3.84621e-10
1.83946  419.696 5.85395e-05 0 1 1.95337e-09 3.82711e-10
1.84615  419.696 5.85395e-05 0 1 1.94445e-09 3.80883e-10
1.85284  419.696 5.85395e-05 0 1 1.93594e-09 3.79136e-10
1.85953  419.696 5.85395e-05 0 1 1.92782e-09 3.7747e-10
1.86622  419.696 5.85395e-05 0 1 1.92009e-09 3.75886e-10
1.87291  419.696 5.85395e-05 0 1 1.91277e-09 3.74383e-10
1.8796  419.696 5.85394e-05 0 1 1.90583e-09 3.72961e-10
1.88629  419.696 5.85395e-05 0 1 1.8993e-09 3.7162e-10
1.89298  419.697 5.85396e-05 0 0.999999 1.89315e-09 3.70359e-10
1.89967  419.697 5.85395e-05 0 1 1.88741e-09 3.69181e-10
1.90635  419.697 5.85395e-05 0 1 1.88205e-09 3.68082e-10
1.91304  419.697 5.85395e-05 0 1 1.87709e-09 3.67065e-10
1.91973  419.697 5.85394e-05 0 1 1.87252e-09 3.66127e-10
1.92642  419.697 5.85394e-05 0 1 1.86834e-09 3.65269e-10
1.93311  419.697 5.85394e-05 0 1 1.86455e-09 3.64491e-10
1.9398  419.697 5.85394e-05 0 1 1.86114e-09 3.63793e-10
1.94649  419.697 5.85394e-05 0 1 1.85813e-09 3.63174e-10
1.95318  419.697 5.85394e-05 0 1 1.85549e-09 3.62633e-10
1.95987  419.697 5.85394e-05 0 1 1.85324e-09 3.62171e-10
1.96656  419.697 5.85394e-05 0 1 1.85137e-09 3.61787e-10
1.97324  419.697 5.85394e-05 0 1 1.84988e-09 3.61481e-10
1.97993  419.697 5.85394e-05 0 1 1.84876e-09 3.61252e-10
1.98662  419.697 5.85394e-05 0 1 1.84802e-09 3.611e-10
1.99331  419.697 5.85394e-05 0 1 1.84765e-09 3.61024e-10
2  419.697 5.85394e-05 0 1 1.84765e-09 3.61024e-10
