TITLE="Graphics"
VARIABLES= "x", "T", "Y_AR", "Y_HE", "Y_H", "Y_H2", "Y_O", "Y_O2", "Y_OH", "Y_H2O", "Y_N2", "Y_HO2", "Y_H2O2", "Y_CO", "Y_CO2", "Y_CH2O", "Y_HCO", "Y_CH3OH", "Y_CH2OH", "Y_CH3O", "Y_CH3O2", "Y_CH4", "Y_CH3", "Y_CH2", "Y_CH2(S)", "Y_C2H6", "Y_C2H5O2", "Y_C2H5", "Y_C2H4", "Y_C2H3", "Y_C2H2", "Y_CH2CHO", "Y_CH2CO", "Y_HCCO", "Y_NC3H7", "Y_C3H6", "Y_C3H5-A", "Y_C3H5O", "Y_C3H4-A", "Y_NC3H7O2", "Y_C2H3CHO", "Y_NC7H16", "Y_C7H15", "Y_C7H15O2", "Y_C7H14OOH", "Y_C7H14", "Y_C7H14OOHO2", "Y_NC7KET", "Y_C7H14O", "Y_NC3H7CHO", "Y_NC3H7CO"
0  300 0 0 0 1.98842e-09 0 0.218434 0 0 0.719382 0 0 0 0 0 0 0 0 0 0 0 0 0 0 0 0 0 0 0 0 0 0 0 0 0 0 0 0 0 0 0.0621849 0 0 0 0 0 0 0 0 0
0.0125  300 1.87925e-14 2.60209e-17 1.73472e-18 8.98749e-07 1.41618e-15 0.218432 -9.47571e-15 -5.15529e-12 0.719376 1.42548e-10 -4.34106e-13 6.72208e-14 4.88003e-11 2.24887e-10 1.30104e-18 1.4748e-11 0 -8.33903e-15 8.27228e-09 5.76362e-16 -1.83534e-15 0 0 9.0911e-12 -1.54199e-07 -1.0842e-18 9.40433e-13 2.1684e-19 4.71301e-13 1.93017e-12 2.2737e-12 0 0 -1.93642e-12 4.62904e-12 1.34343e-09 -4.08141e-11 -2.11325e-09 1.56012e-09 0.0621764 -1.455e-16 1.53791e-05 8.52964e-15 1.01494e-12 1.02375e-09 8.09595e-15 4.64271e-14 5.49704e-13 0
0.025  300 1.87927e-14 7.7412e-17 1.34441e-17 2.57101e-06 1.54275e-14 0.218434 -5.3104e-14 3.45609e-11 0.719382 -2.39426e-10 2.91548e-12 -7.00841e-13 -1.75461e-10 -8.61903e-10 -1.95156e-18 -4.83e-11 0 -1.26418e-14 -2.19585e-08 -1.23426e-15 -1.03157e-14 0 0 -2.69541e-11 2.47025e-07 -1.81712e-16 -6.13713e-12 -2.1684e-19 -2.50124e-12 -4.57798e-12 -5.47031e-12 0 0 7.57819e-12 -1.07975e-11 -2.34625e-09 9.77023e-11 2.47377e-09 -1.3663e-09 0.0621915 -8.15537e-16 -1.0347e-05 -5.73912e-15 -7.95174e-13 -3.19915e-10 -3.09605e-15 -3.3061e-14 -6.57683e-13 0
0.0375  300 1.87925e-14 1.78243e-16 1.19306e-15 5.68892e-06 1.58657e-13 0.21843 -2.35996e-12 -7.51468e-10 0.719366 1.95693e-09 -2.04026e-11 8.92655e-12 8.5392e-10 4.10387e-09 -9.32414e-18 2.20996e-10 0 -1.15539e-12 8.81335e-08 2.40927e-14 -4.7432e-13 0 0 1.15866e-10 -7.9637e-07 -1.03227e-14 4.74952e-11 -8.67362e-19 1.61899e-11 1.73516e-11 2.08914e-11 0 0 -3.61576e-11 4.28072e-11 7.23085e-09 -3.72376e-10 -7.47871e-09 4.11304e-09 0.062166 -3.61725e-14 3.26814e-05 1.81268e-14 2.43266e-12 1.57477e-09 1.45324e-14 1.03015e-13 1.99385e-12 2.1684e-19
0.05  300 1.87927e-14 3.75134e-16 -3.7058e-16 1.15024e-05 1.58172e-12 0.218435 2.00049e-12 -8.88064e-10 0.71938 1.66854e-09 -1.38515e-10 -1.15354e-10 -3.86548e-09 -2.51842e-08 -8.0231e-18 -9.28202e-10 0 1.89968e-12 -3.22016e-07 4.55452e-15 3.92937e-13 0 0 -4.48893e-10 1.92549e-06 -5.01335e-15 -3.58855e-10 -2.60209e-18 -1.011e-10 -5.65211e-11 -6.87978e-11 0 0 1.566e-10 -1.11291e-10 -1.79869e-08 1.22277e-09 1.41489e-08 -4.94404e-09 0.0622118 3.08284e-14 -3.92905e-05 -2.17946e-14 -3.3224e-12 -8.55553e-10 -1.11291e-14 -1.29901e-13 -3.82819e-12 -6.50521e-18
0.062  300 1.87923e-14 7.41811e-16 -1.08062e-14 2.18099e-05 1.53294e-11 0.218425 3.65722e-11 1.11505e-08 0.719344 -1.89675e-08 9.79092e-10 1.36743e-09 1.63751e-08 1.03253e-07 1.17744e-16 3.65913e-09 2.1684e-19 -6.54187e-12 1.07935e-06 3.41185e-13 7.29265e-12 0 0 1.64168e-09 -4.68425e-06 -5.25992e-14 2.52348e-09 -1.0842e-17 5.876e-10 1.76084e-10 2.16399e-10 2.1684e-19 0 -6.16266e-10 3.35536e-10 4.32759e-08 -3.83883e-09 -2.95158e-08 6.43189e-09 0.0621399 5.62257e-13 7.25582e-05 4.02527e-14 6.21917e-12 2.06373e-09 2.61833e-14 2.40649e-13 8.08484e-12 6.33174e-17
0.074  300 1.87925e-14 1.44025e-15 2.1119e-14 4.0529e-05 1.3561e-10 0.218434 -3.16715e-11 1.03267e-09 0.719362 -6.78843e-09 -1.55932e-08 -2.3744e-08 -8.52318e-08 -4.28002e-07 7.9819e-16 -1.76321e-08 2.1684e-19 1.96175e-10 -4.24426e-06 -1.59875e-11 -6.5601e-12 0 0 -7.29997e-09 1.31663e-05 -1.51931e-14 -2.30723e-08 -4.01155e-17 -4.32401e-09 -6.59466e-10 -8.18663e-10 -1.51788e-18 -2.1684e-19 2.9036e-09 -1.36697e-09 -1.20384e-07 1.45003e-08 6.89322e-08 -8.80052e-10 0.0622732 -4.82305e-13 -0.000118461 -6.57317e-14 -1.12274e-11 -1.49303e-09 -3.20534e-14 -4.08535e-13 -1.90355e-11 -5.70507e-16
0.086  300.008 1.87929e-14 2.77035e-15 7.01216e-14 7.45166e-05 1.19383e-09 0.218412 1.8587e-11 2.82993e-08 0.719278 6.53524e-09 2.0299e-07 3.96296e-07 4.23929e-07 2.16166e-06 1.22068e-14 8.10558e-08 -9.1073e-18 1.42211e-09 1.64078e-05 1.04385e-09 8.28849e-13 4.77049e-18 0 3.08934e-08 -3.52972e-05 -7.34488e-13 2.03149e-07 -1.30104e-16 3.05791e-08 2.34039e-09 2.93506e-09 1.09938e-16 2.81893e-18 -1.28346e-08 -2.27799e-09 3.22799e-07 -5.1942e-08 -1.52321e-07 -3.54162e-08 0.0620423 3.22156e-13 0.000207912 1.15558e-13 2.0668e-11 2.45309e-09 6.21502e-14 7.28627e-13 4.26921e-11 7.20366e-15
0.098  299.837 1.87704e-14 2.37961e-15 8.47166e-13 0.000136303 1.05862e-08 0.218449 1.28974e-08 -3.74966e-06 0.719288 2.51603e-07 -2.46598e-06 -6.48693e-06 -2.12066e-06 -1.08608e-05 -6.06879e-12 -3.75391e-07 -2.21177e-15 -9.77177e-08 -6.41337e-05 -6.20946e-08 3.07976e-09 -2.49583e-16 -1.0842e-18 -1.31927e-07 9.65351e-05 3.11807e-11 -1.78215e-06 1.39927e-14 -2.16151e-07 -8.41257e-09 -1.06612e-08 -8.16816e-15 -7.15573e-18 5.65268e-08 5.31754e-08 -8.98792e-07 1.88649e-07 3.47446e-07 1.78527e-07 0.0624723 1.97831e-10 -0.000349758 -1.89331e-13 -3.76241e-11 -9.36102e-10 -9.01325e-14 -1.26275e-12 -9.77488e-11 -8.54601e-14
0.0985  299.924 1.87775e-14 2.35554e-15 7.47563e-11 0.000139974 1.26387e-08 0.21844 -7.97447e-08 3.72897e-06 0.71928 -2.56991e-06 -2.06731e-06 -4.24793e-06 -1.8963e-06 -8.74956e-06 5.36788e-12 -3.38984e-07 3.09397e-14 -1.17696e-07 -5.74396e-05 1.90093e-09 -2.06353e-08 -2.56956e-16 2.75387e-17 -1.20151e-07 9.00569e-05 -2.85243e-10 -1.44636e-06 -3.82702e-15 -1.83426e-07 -7.80509e-09 -9.86229e-09 -1.01828e-15 7.15573e-18 5.13462e-08 1.39445e-07 -9.45828e-07 1.74686e-07 3.30269e-07 1.64507e-07 0.0624637 -1.22885e-09 -0.00033852 -1.84886e-13 -3.6478e-11 -9.86129e-10 -8.77094e-14 -1.22689e-12 -9.36099e-11 -7.81486e-14
0.099  300.022 1.87858e-14 2.33082e-15 1.31676e-10 0.000143735 1.47968e-08 0.21843 -1.60537e-07 1.19825e-05 0.719272 -5.93203e-06 -1.62577e-06 -1.78784e-06 -1.64205e-06 -6.04934e-06 8.36596e-12 -2.97553e-07 5.45312e-14 -1.37636e-07 -4.91431e-05 7.16851e-08 -4.35532e-08 -2.47198e-16 1.1666e-16 -1.06685e-07 8.13275e-05 -5.94583e-10 -1.07347e-06 -1.24737e-14 -1.46865e-07 -7.09987e-09 -8.93553e-09 4.57056e-15 2.38524e-18 4.54306e-08 2.30414e-07 -9.86838e-07 1.58517e-07 3.0442e-07 1.48309e-07 0.0624498 -2.47609e-09 -0.000320141 -1.76589e-13 -3.49513e-11 -1.02617e-09 -8.43047e-14 -1.17809e-12 -8.84667e-11 -8.49002e-14
0.0995  300.132 1.87942e-14 2.30566e-15 1.43081e-10 0.000147586 1.70109e-08 0.218417 -2.01022e-07 2.11761e-05 0.719261 -1.01631e-05 -1.14117e-06 9.14915e-07 -1.35395e-06 -2.34083e-06 -1.98127e-12 -2.50461e-07 6.08669e-14 -1.60748e-07 -3.8345e-05 1.47718e-07 -6.17889e-08 -2.14455e-16 2.06649e-16 -9.12997e-08 6.88293e-05 -8.34734e-10 -6.594e-07 -2.96421e-16 -1.06021e-07 -6.28153e-09 -7.85967e-09 6.99614e-15 -3.64292e-17 3.86769e-08 3.30467e-07 -1.02739e-06 1.39811e-07 2.62861e-07 1.29504e-07 0.0624269 -3.10453e-09 -0.000289016 -1.61193e-13 -3.29177e-11 -1.05296e-09 -7.95273e-14 -1.11169e-12 -8.20677e-11 -1.2131e-13
0.1  300.256 1.8804e-14 2.27986e-15 6.13966e-11 0.00015153 1.91995e-08 0.218403 -1.51049e-07 3.14404e-05 0.719247 -1.55675e-05 -6.17125e-07 3.88452e-06 -1.02751e-06 2.80492e-06 -2.2973e-11 -1.96986e-07 4.26204e-14 -1.96651e-07 -2.41418e-05 2.30447e-07 -6.41621e-08 -1.53089e-16 1.47018e-16 -7.37421e-08 5.09013e-05 -8.34684e-10 -1.99647e-07 4.53869e-14 -6.03975e-08 -5.33243e-09 -6.61098e-09 5.88982e-15 -1.15576e-16 3.09738e-08 4.53244e-07 -1.09004e-06 1.18146e-07 1.97415e-07 1.07567e-07 0.0623909 -2.33762e-09 -0.000238902 -1.34857e-13 -3.02094e-11 -1.06298e-09 -7.28285e-14 -1.02136e-12 -7.41095e-11 -1.99955e-13
0.102083  300.938 1.8853e-14 2.1645e-15 -2.0837e-09 0.000168978 2.6737e-08 0.218312 1.88781e-06 8.60932e-05 0.719142 -5.25505e-05 1.87283e-06 1.94152e-05 7.99231e-07 4.31621e-05 7.08821e-10 1.04282e-07 1.05728e-13 -6.70091e-07 7.80132e-05 6.52398e-07 4.54716e-07 6.26018e-16 1.15765e-14 2.60882e-08 -9.77863e-05 6.62165e-09 2.26067e-06 6.29295e-13 1.87038e-07 2.43624e-10 7.30533e-10 2.10366e-14 -1.60245e-16 -1.25379e-08 1.48079e-06 -2.06905e-06 -1.05024e-08 -4.14867e-07 -2.40669e-08 0.0620636 2.92326e-08 0.000231119 1.42141e-13 -9.28104e-12 -8.90228e-10 -1.60518e-14 -2.95682e-13 -2.02997e-11 -1.02107e-12
0.104167  301.246 1.89293e-14 2.02464e-15 1.7996e-09 0.000188285 1.09143e-08 0.218318 -2.4512e-06 0.000123141 0.719152 1.00779e-05 -1.37895e-07 4.1924e-05 3.89458e-06 -2.98081e-05 -1.3888e-10 4.57712e-07 -1.06441e-12 -4.87507e-06 -2.79739e-05 1.40996e-06 -6.11006e-07 8.59772e-16 8.78659e-15 1.66403e-07 0.000107801 -1.19052e-08 6.08664e-06 -1.25637e-12 5.82192e-07 1.06197e-08 1.45464e-08 -2.47326e-13 -2.50364e-15 -7.94474e-08 1.01235e-05 -1.81539e-05 -3.32758e-07 1.01964e-06 -2.82729e-07 0.0625037 -3.8193e-08 -0.000383504 -2.44694e-13 7.18893e-11 -1.19313e-09 2.95357e-13 2.92396e-12 1.1751e-10 -2.28628e-12
0.10625  302.654 1.90382e-14 1.87545e-15 -4.00257e-09 0.000209555 -7.97039e-09 0.218149 2.99597e-06 0.000231882 0.718982 -5.50894e-05 3.00586e-06 7.54069e-05 9.18114e-06 4.4942e-05 1.44588e-09 9.32718e-07 3.32385e-12 -6.12997e-07 0.000143056 2.35109e-06 7.71243e-07 8.46979e-16 3.68308e-14 3.801e-07 -0.000153615 1.16712e-08 1.2027e-05 4.24085e-13 1.21178e-06 3.01173e-08 3.90875e-08 9.08541e-13 1.61629e-14 -2.39635e-07 2.02402e-06 -6.41073e-06 -3.23533e-07 -7.36582e-07 -3.94852e-07 0.0619844 4.73279e-08 0.000362212 2.84649e-13 3.84232e-10 -8.68595e-10 1.98349e-12 1.70533e-11 4.59709e-10 6.45838e-12
0.108333  303.642 1.92045e-14 1.70263e-15 3.27415e-09 0.000233064 -2.86629e-08 0.218115 -3.26682e-06 0.000323014 0.718966 3.46803e-05 2.13345e-06 0.000123889 1.80515e-05 -5.89568e-05 -3.17084e-12 1.24688e-06 -5.30282e-12 5.04876e-08 -2.93038e-05 3.96679e-06 -8.52735e-07 -5.32799e-15 2.49206e-14 6.40976e-07 0.000152256 -4.92087e-09 2.12311e-05 3.76148e-13 2.21343e-06 6.671e-08 8.92899e-08 -2.70278e-12 2.60816e-14 -4.91376e-07 2.96392e-07 -7.11275e-06 -4.3876e-07 2.7876e-07 -4.78713e-07 0.0626281 -5.31959e-08 -0.000525865 -4.54373e-13 1.58337e-09 -1.46707e-09 1.10237e-11 7.92796e-11 1.40431e-09 -3.01585e-11
0.110417  306.344 1.94426e-14 1.50747e-15 -6.54959e-09 0.000258898 -4.02627e-08 0.217857 2.39573e-06 0.000526526 0.71876 -5.80429e-05 1.55137e-05 0.00019536 3.316e-05 2.06123e-05 1.50727e-09 1.45987e-06 5.89861e-12 2.00373e-06 0.000178081 6.11088e-06 7.07754e-07 -1.90742e-14 -2.7452e-15 1.02951e-06 -0.00012591 -6.9918e-09 3.54291e-05 -8.97398e-13 3.79915e-06 1.35541e-07 1.71593e-07 3.07766e-12 -6.95806e-14 -9.35298e-07 -6.23575e-06 -1.98746e-06 -5.92181e-07 4.24564e-07 -4.66309e-07 0.0621846 4.04911e-08 0.000110811 1.92393e-13 6.09076e-09 -1.36752e-09 5.85058e-11 3.43994e-10 3.61445e-09 4.50102e-11
0.1125  309.467 1.97949e-14 1.31254e-15 -4.33716e-09 0.000287301 -6.96885e-09 0.21764 -1.7939e-06 0.000765977 0.71862 -3.80852e-05 2.97716e-05 0.000299305 5.82701e-05 -2.63903e-05 -2.76796e-09 1.84331e-06 -8.07205e-12 6.32859e-06 0.000105524 9.45128e-06 -4.24382e-07 -6.32046e-15 -2.69533e-15 1.7067e-06 2.22225e-05 3.21051e-08 5.72142e-05 -3.01431e-12 6.29566e-06 2.64426e-07 3.37977e-07 -5.35663e-12 -3.41005e-13 -1.66464e-06 -1.46481e-05 2.49383e-06 -1.02423e-06 -2.92087e-06 -3.89021e-07 0.0625469 -3.17334e-08 -0.000373611 -6.83558e-13 2.28572e-08 -2.45859e-09 3.01341e-10 1.46762e-09 9.54397e-09 -7.51712e-11
0.114583  314.573 2.0301e-14 1.08052e-15 -6.02763e-09 0.000318351 4.91981e-08 0.217196 1.77293e-06 0.00113952 0.718335 -8.93749e-05 5.25839e-05 0.000452953 0.000100123 2.93841e-05 -3.29455e-09 2.47407e-06 2.10173e-11 4.70759e-06 0.000179081 1.39947e-05 6.14011e-07 6.89498e-14 6.14808e-15 2.87305e-06 -0.00010189 -9.32099e-08 9.03591e-05 2.62626e-12 1.01927e-05 5.00293e-07 6.21016e-07 1.08788e-11 -9.6428e-13 -2.61172e-06 -1.35765e-05 -2.22011e-05 -1.37179e-06 7.36615e-06 -3.17882e-07 0.0623385 3.16588e-08 -4.50943e-05 -7.15144e-13 8.3337e-08 -4.14073e-09 1.49919e-09 6.03593e-09 2.3605e-08 1.55762e-10
0.116667  321.25 2.10322e-14 7.9472e-16 1.47191e-08 0.000352265 5.85887e-08 0.216704 -4.26181e-06 0.0016276 0.718183 -3.65255e-05 7.49623e-05 0.000677718 0.000168489 -1.70084e-05 2.43979e-09 3.3665e-06 -7.92689e-11 -4.48457e-05 4.3183e-05 2.06066e-05 -1.47595e-06 1.80659e-13 1.49786e-13 4.80802e-06 0.000260443 9.90043e-08 0.000140336 -1.72175e-11 1.62127e-05 9.19261e-07 1.1645e-06 -4.13208e-11 -1.8103e-12 -3.30618e-06 6.95591e-05 -0.000245744 -5.92303e-07 -2.6403e-05 6.46577e-07 0.0630302 -8.39599e-08 -0.001 -4.98238e-12 2.9537e-07 -1.06991e-08 7.14185e-09 2.41139e-08 5.96718e-08 -1.05739e-09
0.117708  326.481 1.89354e-14 6.36427e-16 9.77376e-09 0.000370209 3.99058e-08 0.216219 -3.81781e-06 0.00197253 0.717865 -9.06761e-05 9.25121e-05 0.000825608 0.000218797 5.84226e-05 -8.90028e-10 3.61406e-06 -1.35853e-10 0.000144035 -0.000179962 2.45192e-05 -2.00964e-06 -7.948e-14 -6.80937e-13 6.13975e-06 0.000121079 2.88623e-07 0.000174456 -4.40638e-11 2.04052e-05 1.24675e-06 1.54018e-06 -2.49248e-11 -7.18172e-13 -4.97064e-06 -0.000241739 0.000308853 2.34503e-06 -3.5026e-05 5.51109e-06 0.0627221 -7.65594e-08 -0.000600075 -4.67402e-12 5.89788e-07 -1.38693e-08 1.73805e-08 5.17825e-08 9.24804e-08 8.23325e-10
0.11875  332.381 1.64315e-14 4.91577e-16 -2.14893e-08 0.0003888 4.79434e-08 0.215616 1.50083e-05 0.00238425 0.717499 -0.00023734 0.000113597 0.00100137 0.000282209 0.000246298 4.24535e-08 4.62054e-06 3.76904e-10 6.34639e-05 0.000288508 2.98329e-05 5.70283e-06 1.03371e-12 1.95367e-12 8.05582e-06 -0.000488117 1.26559e-07 0.000215696 2.36314e-10 2.55333e-05 1.67491e-06 2.00117e-06 2.76213e-10 8.94841e-12 -4.30275e-06 -0.000134426 0.000136752 -1.11085e-06 -3.90829e-06 9.74328e-06 0.0617528 3.32957e-07 0.000775974 7.81018e-12 1.09514e-06 -1.69006e-08 3.68051e-08 1.01119e-07 1.38767e-07 6.9016e-09
0.119792  338.414 1.34554e-14 3.03577e-16 -2.43374e-08 0.000408084 2.81526e-08 0.215082 7.12298e-06 0.00280651 0.717157 -0.00021644 0.000124975 0.00120401 0.000360767 0.00022835 -2.8691e-08 3.53723e-06 3.60503e-10 1.05937e-05 0.000358378 3.66277e-05 3.1606e-06 -1.28791e-12 -2.78633e-12 9.9344e-06 -0.000504922 -6.13356e-07 0.000265389 1.89282e-10 3.1783e-05 2.22725e-06 2.75107e-06 1.9331e-10 1.04091e-11 -3.58116e-06 -5.21225e-05 -2.51091e-06 -2.40277e-06 6.40884e-05 1.44379e-05 0.0617069 1.60089e-07 0.000891374 1.47911e-12 1.96091e-06 -2.69086e-08 7.31886e-08 1.90064e-07 2.20189e-07 6.61594e-09
0.120833  345.078 1.19412e-14 1.33791e-16 2.24359e-09 0.000428096 1.58968e-08 0.214536 -9.03329e-06 0.00326381 0.716864 -7.92125e-05 0.000131018 0.00144719 0.000458141 9.96119e-05 -5.77615e-08 4.24658e-06 -3.87121e-10 1.18684e-05 5.50971e-05 4.45441e-05 -4.52679e-06 -6.87534e-13 -1.4403e-12 1.29168e-05 -1.90103e-06 3.75527e-08 0.000325106 -2.65224e-10 3.93708e-05 2.93925e-06 3.82702e-06 -3.02969e-10 -1.64098e-11 -3.08307e-06 -4.9414e-05 -6.19457e-06 -1.54599e-06 4.34452e-05 2.11823e-05 0.0624107 -2.31351e-07 -5.31245e-05 -4.12831e-11 3.42401e-06 -4.82689e-08 1.40471e-07 3.47288e-07 3.52638e-07 -2.96299e-09
0.121875  353.408 5.38371e-15 -1.0365e-16 4.32831e-09 0.000448761 1.23812e-08 0.213798 -4.28702e-06 0.00382004 0.716513 -2.99393e-05 0.000141046 0.00173984 0.000579413 0.000101681 -5.34694e-09 6.18646e-06 -2.94833e-10 3.23654e-05 -8.09764e-05 5.31394e-05 -1.57977e-06 3.1447e-13 3.94006e-13 1.69081e-05 0.000109889 6.39275e-08 0.000396363 -2.13722e-10 4.85237e-05 3.85808e-06 5.0803e-06 -2.34264e-10 -3.01599e-11 -2.25469e-06 -8.22429e-05 5.70435e-05 -6.5207e-07 3.02214e-05 3.07877e-05 0.0626957 -1.17784e-07 -0.000432893 -7.65013e-11 5.84648e-06 -7.27731e-08 2.62953e-07 6.15936e-07 5.30692e-07 -5.52696e-09
0.122917  363.357 2.00946e-15 -3.322e-16 5.33284e-09 0.00047 7.3895e-09 0.212879 -6.56086e-07 0.00447192 0.716075 -8.81028e-06 0.000153281 0.00208192 0.000728817 0.000141628 5.87858e-09 8.25974e-06 -6.31045e-11 4.65612e-05 -0.000132495 6.31047e-05 3.0912e-08 -2.35958e-13 -4.82082e-13 2.18323e-05 0.000108102 8.20084e-09 0.000480785 -6.50185e-11 5.94811e-05 5.03193e-06 6.59485e-06 -4.38541e-11 -2.03123e-11 -7.26375e-07 -0.000102886 0.000105856 -3.29156e-07 2.7336e-05 4.3403e-05 0.0627312 -1.86996e-08 -0.000475156 -1.09945e-10 9.80305e-06 -8.99138e-08 4.81935e-07 1.06965e-06 7.74143e-07 -3.44715e-09
0.123958  374.809 4.50378e-16 -5.58364e-16 8.41986e-09 0.000491779 4.49907e-09 0.211802 5.87819e-08 0.00521197 0.715579 1.44417e-05 0.000168057 0.00247817 0.000911033 0.000182371 3.80697e-09 1.09634e-05 1.10595e-11 2.7707e-05 -0.000124692 7.45145e-05 7.42035e-08 -2.69262e-13 -4.50212e-13 2.80329e-05 0.000116611 3.81358e-09 0.000580131 1.70387e-11 7.25057e-05 6.51577e-06 8.49291e-06 2.77862e-11 -6.39442e-12 1.71183e-06 -6.76368e-05 5.91226e-05 -3.3954e-07 2.42944e-05 5.90739e-05 0.0627102 3.1964e-09 -0.000446895 -1.64092e-10 1.61698e-05 -8.29404e-08 8.65972e-07 1.82562e-06 1.11567e-06 -1.73379e-09
0.125  387.885 1.46671e-15 -7.56773e-16 1.11343e-08 0.000514053 3.03501e-09 0.21056 1.12869e-08 0.00604264 0.715033 4.01615e-05 0.000186281 0.00293476 0.0011314 0.000225343 8.15514e-10 1.43644e-05 9.24933e-12 -1.46791e-05 -7.48297e-05 8.74591e-05 -1.73242e-07 -2.01241e-13 -3.20152e-13 3.57192e-05 0.000132844 5.63761e-09 0.000696229 2.1941e-11 8.78748e-05 8.37283e-06 1.08697e-05 3.13411e-11 7.98449e-13 5.16076e-06 9.09581e-06 -6.38501e-05 -4.84526e-07 2.04816e-05 7.92416e-05 0.0626677 1.62111e-09 -0.000401777 -2.59758e-10 2.62436e-05 -1.74218e-08 1.52586e-06 3.0631e-06 1.59254e-06 -1.07624e-09
0.125521  395.118 3.27299e-15 -8.51099e-16 1.12492e-08 0.00052536 2.61194e-09 0.209868 2.65606e-08 0.00649436 0.714736 5.3709e-05 0.000196894 0.00318832 0.00125827 0.000250207 -2.84488e-10 1.6362e-05 1.22168e-11 -3.45537e-05 -4.8441e-05 9.45475e-05 -2.3816e-07 -1.68888e-13 -2.70848e-13 4.02145e-05 0.000137542 5.78083e-09 0.000761347 -3.34053e-11 9.65578e-05 9.47024e-06 1.22737e-05 3.53063e-11 4.01121e-12 7.188e-06 4.65813e-05 -0.000126636 -5.35642e-07 1.85761e-05 9.26037e-05 0.0626319 2.23148e-09 -0.000367943 -3.25545e-10 3.34017e-05 6.32984e-08 2.02698e-06 3.96667e-06 1.89923e-06 -8.2546e-10
0.126042  402.832 2.62681e-15 -9.54532e-16 1.0225e-08 0.000536767 2.3778e-09 0.209126 8.6573e-08 0.00697039 0.714423 6.80975e-05 0.000208514 0.00345925 0.00139687 0.000277831 -1.21334e-09 1.85704e-05 2.3135e-11 -5.0679e-05 -2.57469e-05 0.000102051 -2.46849e-07 -1.32626e-13 -2.24633e-13 4.51713e-05 0.00013896 5.54939e-09 0.000831347 -1.76086e-10 0.000105933 1.06886e-05 1.38318e-05 4.62234e-11 7.87058e-12 9.38711e-06 7.86793e-05 -0.000182211 -5.50408e-07 1.67284e-05 0.000108932 0.0625847 4.79174e-09 -0.000325436 -4.00396e-10 4.22623e-05 1.88406e-07 2.67071e-06 5.10241e-06 2.2575e-06 -5.6314e-10
0.126562  411.046 2.37267e-15 -9.96815e-16 7.93111e-09 0.000548265 2.36123e-09 0.208332 1.76208e-07 0.00747103 0.714092 8.39884e-05 0.000221126 0.00374828 0.00154795 0.000308525 -2.14391e-09 2.10058e-05 4.17213e-11 -6.07348e-05 -1.10172e-05 0.000109982 -2.01709e-07 -8.58842e-14 -1.76646e-13 5.06224e-05 0.000136906 5.16766e-09 0.000906458 -4.7483e-10 0.000116036 1.20382e-05 1.55564e-05 6.54373e-11 1.29055e-11 1.17489e-05 0.000101431 -0.000223997 -5.14425e-07 1.49693e-05 0.000129273 0.0625243 8.98695e-09 -0.000273822 -4.75449e-10 5.318e-05 3.74167e-07 3.49321e-06 6.52301e-06 2.67472e-06 -2.83719e-10
0.127083  419.778 1.16725e-15 -1.04279e-15 4.55476e-09 0.000559846 2.66162e-09 0.207483 2.68869e-07 0.00799651 0.713742 0.000102187 0.000234684 0.0040561 0.00171226 0.000342423 -3.30384e-09 2.3684e-05 6.42093e-11 -6.30893e-05 -7.78501e-06 0.000118352 -1.14771e-07 -2.20815e-14 -1.2756e-13 5.6601e-05 0.000131824 4.74743e-09 0.000986907 -1.02161e-09 0.000126899 1.35301e-05 1.74609e-05 9.11349e-11 1.89352e-11 1.42902e-05 0.000111975 -0.000247448 -4.23459e-07 1.33186e-05 0.000154948 0.0624494 1.3847e-08 -0.00021325 -5.31631e-10 6.65703e-05 6.4087e-07 4.5384e-06 8.29117e-06 3.15909e-06 -1.96358e-11
0.127604  429.043 1.17224e-15 -1.06664e-15 7.51338e-10 0.000571502 3.49641e-09 0.206577 3.41069e-07 0.00854699 0.713372 0.000123505 0.000249111 0.0043834 0.00189058 0.00037954 -4.89902e-09 2.66192e-05 8.56456e-11 -5.68714e-05 -1.85328e-05 0.000127178 -1.28466e-09 7.06473e-14 -8.13869e-14 6.31419e-05 0.000124543 4.33894e-09 0.00107293 -1.91236e-09 0.000138556 1.51765e-05 1.9559e-05 1.2022e-10 2.57377e-11 1.70536e-05 0.000108699 -0.00025041 -2.81748e-07 1.17935e-05 0.000187579 0.0623585 1.82802e-08 -0.000143912 -5.31613e-10 8.29176e-05 1.01305e-06 5.85931e-06 1.04811e-05 3.71976e-06 1.90028e-10
0.128125  438.854 4.21538e-16 -1.10545e-15 -2.18347e-09 0.000583223 5.26605e-09 0.205612 3.80457e-07 0.0091225 0.712982 0.000148622 0.000264299 0.00473081 0.00208364 0.00041981 -6.98549e-09 2.98224e-05 1.0245e-10 -4.19161e-05 -4.45902e-05 0.000136471 1.2482e-07 2.19704e-13 -4.24814e-14 7.02798e-05 0.000116055 4.00111e-09 0.00116475 -3.18842e-09 0.000151038 1.69905e-05 2.18645e-05 1.51022e-10 3.52252e-11 2.00959e-05 9.1202e-05 -0.000233113 -9.76642e-08 1.04119e-05 0.000229097 0.0622495 2.15089e-08 -6.55338e-05 -4.05215e-10 0.000102781 1.51929e-06 7.51938e-06 1.31799e-05 4.36667e-06 3.23735e-10
0.128646  449.218 -8.07731e-16 -1.13733e-15 -2.14355e-09 0.000595001 8.62701e-09 0.204587 3.89774e-07 0.00972308 0.712572 0.000177985 0.000280115 0.00509898 0.0022922 0.000463119 -9.2542e-09 3.33007e-05 1.15352e-10 -1.86674e-05 -8.61468e-05 0.000146246 2.54476e-07 4.83062e-13 -1.35241e-14 7.805e-05 0.000107356 3.85731e-09 0.0012626 -4.70639e-09 0.000164375 1.89868e-05 2.43912e-05 1.87057e-10 5.5847e-11 2.34666e-05 6.01828e-05 -0.000197946 1.20836e-07 9.19157e-06 0.000281685 0.0621195 2.34811e-08 2.29617e-05 -2.36937e-11 0.000126803 2.19141e-06 9.59405e-06 1.64889e-05 5.11061e-06 3.87144e-10
0.129167  460.141 -1.52764e-15 -1.17289e-15 3.85266e-09 0.000606828 1.4548e-08 0.2035 3.88436e-07 0.0103487 0.712141 0.000211712 0.000296394 0.00548851 0.00251702 0.000509309 -1.07146e-08 3.70561e-05 1.32581e-10 1.18332e-05 -0.000142175 0.000156512 3.86202e-07 9.69975e-13 6.38096e-15 8.64885e-05 9.93408e-05 4.13715e-09 0.00136673 -5.90808e-09 0.000178599 2.11811e-05 2.7153e-05 2.41806e-10 1.0977e-10 2.71947e-05 1.74496e-05 -0.000149327 3.69019e-07 8.14931e-06 0.00034761 0.0619646 2.53136e-08 0.000123461 8.43502e-10 0.00015572 3.06255e-06 1.21723e-05 2.05262e-05 5.96321e-06 4.09748e-10
0.129688  471.623 -2.55308e-15 -1.22667e-15 1.94035e-08 0.000618696 2.42961e-08 0.20235 4.11059e-07 0.0109993 0.711691 0.000249529 0.000312945 0.00589997 0.00275883 0.000558175 -9.36564e-09 4.10837e-05 1.72215e-10 4.78678e-05 -0.000210244 0.000167275 5.27245e-07 1.86541e-12 2.45125e-14 9.56311e-05 9.27551e-05 5.19922e-09 0.00147733 -5.52015e-09 0.000193738 2.35886e-05 3.01637e-05 3.43442e-10 2.4226e-10 3.13313e-05 -3.39777e-05 -9.35972e-05 6.46181e-07 7.29973e-06 0.000428839 0.0617806 2.96832e-08 0.000238294 2.59659e-09 0.000190367 4.16359e-06 1.53582e-05 2.54272e-05 6.93689e-06 4.33421e-10
0.130208  483.662 -3.67761e-15 -1.27806e-15 4.79029e-08 0.000630598 3.92732e-08 0.201138 5.0033e-07 0.0116748 0.711221 0.000290742 0.000329556 0.00633387 0.0030184 0.000609448 -2.12938e-09 4.53721e-05 2.61199e-10 8.70188e-05 -0.000286446 0.000178538 6.91613e-07 3.44876e-12 5.79528e-14 0.000105515 8.8168e-05 7.51471e-09 0.00159462 -1.35161e-09 0.000209827 2.62215e-05 3.3438e-05 5.36749e-10 5.29907e-10 3.60969e-05 -8.994e-05 -3.84955e-05 9.55629e-07 6.65382e-06 0.000526409 0.061563 4.08587e-08 0.000369535 5.90354e-09 0.000231695 5.51758e-06 1.92721e-05 3.13482e-05 8.04518e-06 4.97143e-10
0.130729  496.251 -3.69409e-15 -1.28218e-15 9.1114e-08 0.000642529 6.06184e-08 0.199865 6.92844e-07 0.012375 0.710733 0.000334269 0.000345997 0.00679061 0.00329646 0.000662762 1.45211e-08 4.99029e-05 4.28448e-10 0.000126334 -0.000365646 0.000190301 8.94037e-07 6.08656e-12 1.35916e-13 0.000116177 8.59669e-05 1.15841e-08 0.00171873 9.47138e-09 0.000226901 2.90835e-05 3.6991e-05 8.78534e-10 1.08072e-09 4.21313e-05 -0.000145599 8.13656e-06 1.30497e-06 6.21767e-06 0.000639566 0.061308 6.39767e-08 0.000518036 1.18266e-08 0.000280771 7.13114e-06 2.40519e-05 3.84674e-05 9.30283e-06 6.22099e-10
0.13125  509.384 -3.75459e-15 -1.2954e-15 1.47564e-07 0.000654479 8.85845e-08 0.198532 1.00146e-06 0.0130996 0.710231 0.000378748 0.000362031 0.00727046 0.00359374 0.000717626 4.29534e-08 5.46525e-05 6.92076e-10 0.000162728 -0.000442136 0.00020256 1.14159e-06 1.01734e-11 2.97671e-13 0.000127655 8.63598e-05 1.77783e-08 0.00184973 2.94841e-08 0.000245003 3.21641e-05 4.08396e-05 1.42431e-09 2.01814e-09 5.07479e-05 -0.000196288 4.03164e-05 1.70702e-06 5.99081e-06 0.000764956 0.0610129 1.03435e-07 0.00068255 2.1966e-08 0.000338797 8.98347e-06 2.98515e-05 4.69878e-05 1.07262e-05 8.0253e-10
0.131771  523.054 -4.29192e-15 -1.31969e-15 2.1167e-07 0.000666444 1.21884e-07 0.197141 1.40311e-06 0.0138482 0.709717 0.00042271 0.000377432 0.00777355 0.00391097 0.000773412 8.2206e-08 5.95936e-05 1.04584e-09 0.000193491 -0.000510505 0.000215309 1.42743e-06 1.60065e-11 5.82234e-13 0.000139988 8.9391e-05 2.61446e-08 0.0019876 5.91524e-08 0.000264182 3.5433e-05 4.50024e-05 2.20866e-09 3.44632e-09 6.40177e-05 -0.000238421 5.57389e-05 2.18031e-06 5.96465e-06 0.000896333 0.0606766 1.60924e-07 0.000859268 3.8598e-08 0.000407118 1.10138e-05 3.6839e-05 5.71398e-05 1.23336e-05 1.00732e-09
0.132292  537.256 -4.70522e-15 -1.3327e-15 2.74515e-07 0.000678415 1.57396e-07 0.195697 1.84139e-06 0.0146205 0.709193 0.000464791 0.000391995 0.00829985 0.00424887 0.000829379 1.26702e-07 6.46987e-05 1.45355e-09 0.000216706 -0.000566426 0.00022854 1.73146e-06 2.36215e-11 1.01112e-12 0.000153216 9.49764e-05 3.62771e-08 0.00213225 9.5362e-08 0.000284491 3.88394e-05 4.94997e-05 3.2272e-09 5.4055e-09 8.45486e-05 -0.000270034 5.64023e-05 2.74768e-06 6.12174e-06 0.00102524 0.0602991 2.34281e-07 0.00104202 6.47826e-08 0.000487231 1.311e-05 4.51885e-05 6.91832e-05 1.41453e-05 1.19289e-09
0.132812  551.986 -5.30175e-15 -1.34441e-15 3.26401e-07 0.000690387 1.90604e-07 0.1942 2.24556e-06 0.015416 0.708664 0.000503929 0.000405547 0.00884935 0.00460816 0.000884737 1.6764e-07 6.99423e-05 1.85761e-09 0.00023144 -0.000607121 0.000242247 2.02861e-06 3.26613e-11 1.5758e-12 0.000167378 0.000102959 4.73579e-08 0.00228361 1.31646e-07 0.000305985 4.23187e-05 5.4353e-05 4.42973e-09 7.8364e-09 0.000114998 -0.000290765 4.75076e-05 3.43307e-06 6.43652e-06 0.00114273 0.059881 3.18414e-07 0.00122317 1.04421e-07 0.000580797 1.51026e-05 5.50676e-05 8.34099e-05 1.61837e-05 1.32144e-09
0.133333  567.244 -5.6307e-15 -1.3468e-15 3.60051e-07 0.000702353 2.16753e-07 0.192653 2.5567e-06 0.0162343 0.708134 0.000539475 0.000417954 0.00942208 0.00498955 0.000938741 1.97372e-07 7.53035e-05 2.19836e-09 0.000237697 -0.000631425 0.000256423 2.30063e-06 4.23286e-11 2.24344e-12 0.000182515 0.000113179 5.83913e-08 0.00244165 1.60715e-07 0.000328716 4.58057e-05 5.9584e-05 5.72907e-09 1.05595e-08 0.000157533 -0.000301403 3.52022e-05 4.25766e-06 6.87788e-06 0.00124152 0.0594224 4.09201e-07 0.00139483 1.62277e-07 0.000689647 1.677e-05 6.66135e-05 0.000100145 1.84727e-05 1.37528e-09
0.135417  633.177 -5.60186e-15 -1.34918e-15 2.87866e-07 0.000750061 2.16688e-07 0.186005 2.6252e-06 0.0197175 0.706033 0.000644411 0.000455485 0.0119366 0.00673332 0.0011352 1.54791e-07 9.77041e-05 2.42301e-09 0.000187851 -0.000572377 0.000317553 3.12075e-06 7.2998e-11 5.01722e-12 0.000252799 0.000174549 9.22522e-08 0.00313834 1.33024e-07 0.00043191 5.93107e-05 8.43241e-05 1.0831e-08 1.98177e-08 0.000457135 -0.000259609 3.72204e-06 9.04853e-06 9.54839e-06 0.00141352 0.0571927 1.16068e-06 0.0019205 7.09359e-07 0.00129055 1.78734e-05 0.000129407 0.000194494 3.02704e-05 1.03094e-09
0.1375  707.485 -5.59882e-15 -1.35308e-15 2.14923e-07 0.000797726 1.89203e-07 0.178554 3.73772e-06 0.0235508 0.704193 0.000720285 0.000472244 0.0148613 0.00888707 0.00128958 1.13492e-07 0.000122077 3.26185e-09 0.00010672 -0.000387832 0.000386337 5.82584e-06 1.26841e-10 1.85686e-11 0.000341874 0.000281628 4.90037e-07 0.00396121 7.14496e-08 0.00055708 7.34698e-05 0.000116553 2.42796e-08 5.53939e-08 0.000936748 -0.000165822 1.12139e-07 1.64487e-05 1.28218e-05 0.00141054 0.0539057 1.22614e-05 0.00204688 2.12238e-06 0.00231759 8.09319e-06 0.000192576 0.000360781 4.81363e-05 1.15288e-09
0.139583  789.953 -5.73738e-15 -1.36219e-15 3.02698e-07 0.000845705 3.46994e-07 0.170329 8.00413e-06 0.0277267 0.702974 0.000799074 0.000469545 0.0182337 0.0114996 0.00140315 2.28287e-07 0.000149522 7.23381e-09 5.09917e-05 -0.000185931 0.00046281 1.58952e-05 5.26017e-10 1.26145e-10 0.000452556 0.000434741 8.08161e-06 0.00492577 1.30338e-07 0.000705606 9.11663e-05 0.000157347 8.46578e-08 4.31626e-07 0.00157806 -7.75953e-05 -3.21077e-08 2.67441e-05 1.51063e-05 0.00138487 0.0491045 0.000112131 0.00153847 3.95359e-06 0.00388138 2.07158e-06 0.000187125 0.000611041 7.36605e-05 1.95431e-09
0.141667  879.844 -5.90717e-15 -1.37412e-15 6.32393e-07 0.000894348 9.07676e-07 0.161475 1.67031e-05 0.0322343 0.702815 0.000865366 0.000447577 0.0220858 0.0146232 0.00147866 6.6257e-07 0.000180533 1.77291e-08 2.71935e-05 -3.20804e-05 0.000546311 4.65013e-05 2.92419e-09 8.3021e-10 0.000587395 0.00049143 7.82563e-05 0.00604385 4.7376e-07 0.000879846 0.000113125 0.000205165 3.1598e-07 2.01218e-06 0.00239109 -8.16656e-06 -2.91392e-09 4.03355e-05 9.47849e-06 0.0013704 0.0425154 0.000367351 0.000538855 3.03759e-06 0.00561634 2.59885e-07 8.82823e-05 0.000858165 0.000100891 3.0482e-09
0.14375  976.175 -5.97916e-15 -1.38735e-15 1.46735e-06 0.000943436 2.34363e-06 0.152092 3.17058e-05 0.0370524 0.703972 0.000858107 0.000405723 0.0264386 0.0183111 0.00151739 1.8481e-06 0.000213555 4.44665e-08 1.96476e-05 3.09859e-05 0.000633847 0.000117737 1.45984e-08 4.21205e-09 0.000740955 0.000267283 0.000279164 0.00728488 1.52311e-06 0.00108298 0.000135916 0.000250831 1.09893e-06 1.80197e-06 0.00335749 5.02034e-05 6.3315e-09 5.74536e-05 1.32254e-06 0.00135868 0.0341177 0.000468178 9.72538e-05 1.07355e-06 0.0067159 1.76626e-08 1.35055e-05 0.000967676 0.000102402 3.60452e-09
0.145833  1077.95 -6.03901e-15 -1.40274e-15 3.50492e-06 0.000991632 5.87503e-06 0.142117 5.97504e-05 0.0421433 0.706486 0.000773511 0.000345456 0.0312905 0.022612 0.00151191 5.03497e-06 0.0002439 1.21057e-07 1.52816e-05 2.69581e-05 0.000717245 0.000242715 6.42532e-08 1.74822e-08 0.000880505 8.13274e-05 0.000466229 0.0084934 4.49663e-06 0.00131886 0.000150773 0.000297154 3.49034e-06 9.72373e-07 0.00431178 0.000104696 6.12435e-09 7.81409e-05 1.16651e-07 0.00133573 0.0244172 0.00037619 1.43698e-05 2.80713e-07 0.0070453 1.03685e-09 6.44365e-07 0.000946697 7.95156e-05 3.73213e-09
0.147917  1183.48 -6.10081e-15 -1.41965e-15 8.0477e-06 0.00103544 1.42518e-05 0.131455 0.000112268 0.0474146 0.709887 0.000654937 0.000271929 0.0365716 0.0275486 0.00145003 1.26583e-05 0.000263557 3.33189e-07 1.09265e-05 1.23349e-05 0.000781101 0.000411286 2.49927e-07 6.14577e-08 0.000944395 1.94042e-05 0.000505958 0.00936045 1.19347e-05 0.00159045 0.000147068 0.000350562 9.63465e-06 6.66983e-07 0.00487091 0.000154833 4.382e-09 0.000102319 1.68714e-08 0.0012928 0.0147686 0.000218868 1.94618e-06 6.14333e-08 0.00683175 5.97334e-11 1.30185e-08 0.00084716 5.46207e-05 3.78885e-09
0.15  1290.07 -6.16933e-15 -1.4357e-15 1.67239e-05 0.00106939 3.31126e-05 0.120085 0.0002075 0.0526963 0.71327 0.000543707 0.000194373 0.0420914 0.0330968 0.00133336 2.71581e-05 0.000263574 8.38318e-07 7.16888e-06 4.83415e-06 0.00080446 0.000575732 8.57891e-07 1.83448e-07 0.000878262 4.08906e-06 0.00039637 0.00948751 2.65618e-05 0.00189338 0.000124586 0.000397989 2.20892e-05 5.41214e-07 0.00467281 0.000193846 2.95236e-09 0.000129693 3.73768e-09 0.00122579 0.00707764 9.89997e-05 2.53193e-07 1.18927e-08 0.00630388 3.5498e-12 2.23551e-10 0.000709924 3.40166e-05 3.81814e-09
0.154167  1495.49 -6.27016e-15 -1.45999e-15 4.97505e-05 0.00109454 0.000136639 0.0958446 0.000603462 0.0626449 0.717877 0.000361661 6.28341e-05 0.0529105 0.0457944 0.000989648 6.6527e-05 0.000193118 3.15449e-06 2.52787e-06 7.738e-07 0.000680461 0.000685413 5.65118e-06 9.45033e-07 0.000404746 1.67359e-07 0.000118216 0.0068847 6.59687e-05 0.00250482 6.48331e-05 0.000401326 6.65511e-05 4.42276e-07 0.00221031 0.000184517 1.07459e-09 0.000188215 3.97528e-10 0.00101868 0.000723235 9.28913e-06 3.32663e-09 2.81527e-10 0.00473341 1.20383e-14 7.71894e-13 0.000402372 9.40334e-06 3.2823e-09
0.158333  1656.28 -6.37598e-15 -1.47625e-15 0.000101659 0.00105428 0.000423711 0.0733146 0.00140587 0.0703057 0.720208 0.000191201 1.2294e-05 0.0605144 0.0599854 0.000612592 8.25914e-05 9.27033e-05 5.58496e-06 6.32409e-07 1.34046e-07 0.000386932 0.000455837 1.88864e-05 2.40027e-06 8.87236e-05 1.05578e-08 3.03391e-05 0.00311533 6.47273e-05 0.00236049 3.00097e-05 0.000262911 0.000101534 1.41947e-07 0.000528757 8.81912e-05 2.58727e-10 0.000177724 3.26499e-11 0.000731929 2.5872e-05 3.43648e-07 3.41148e-11 4.08827e-12 0.00304299 4.4886e-17 3.30508e-15 0.000173326 1.67768e-06 2.24809e-09
0.1625  1760.02 -6.5089e-15 -1.48818e-15 0.000156164 0.000964326 0.000934413 0.0557519 0.00247476 0.0750396 0.721488 7.72732e-05 2.54414e-06 0.0627911 0.074491 0.000298116 6.00533e-05 3.31286e-05 4.9211e-06 1.34219e-07 2.4738e-08 0.000154373 0.000198365 2.98054e-05 3.02186e-06 1.13112e-05 1.18896e-09 8.4712e-06 0.000978754 3.33484e-05 0.00139966 1.18285e-05 0.000124301 8.58399e-05 2.93522e-08 8.94452e-05 2.8926e-05 7.69803e-11 9.78893e-05 2.82469e-12 0.000429806 4.14052e-07 5.96465e-09 4.80969e-13 7.78238e-14 0.00168836 4.33681e-19 2.97071e-17 5.84839e-05 2.11585e-07 1.1004e-09
0.166667  1817.98 -6.73528e-15 -1.49858e-15 0.000199784 0.00086841 0.00150663 0.0438857 0.00344729 0.0773607 0.721969 2.78542e-05 1.45524e-06 0.0604178 0.0879343 0.000115552 2.95547e-05 1.02429e-05 2.63512e-06 3.34788e-08 4.93865e-09 4.86284e-05 6.75846e-05 2.53482e-05 2.1423e-06 1.07776e-06 2.34731e-10 2.94747e-06 0.000248785 1.22854e-05 0.000589204 3.7736e-06 4.565e-05 4.53234e-05 8.87903e-09 1.66601e-05 1.00057e-05 3.38314e-11 4.03555e-05 4.97357e-13 0.000207276 4.13977e-09 6.99095e-11 4.22453e-14 1.10142e-14 0.000839048 0 2.60209e-18 1.66371e-05 2.13337e-08 3.98692e-10
0.170833  1850.51 -6.88533e-15 -1.50357e-15 0.000229551 0.0007988 0.00193302 0.0364558 0.0041256 0.0782073 0.721909 1.15166e-05 1.45051e-06 0.0559656 0.0994461 3.929e-05 1.16571e-05 3.03127e-06 1.07843e-06 1.00652e-08 1.10181e-09 1.35309e-05 2.12344e-05 1.44614e-05 1.05651e-06 1.0877e-07 6.91018e-11 1.24073e-06 5.98186e-05 4.12543e-06 0.000208318 1.04435e-06 1.44401e-05 1.79919e-05 2.61134e-09 4.58699e-06 4.08128e-06 1.46639e-11 1.56135e-05 1.03642e-13 8.62975e-05 3.19806e-11 1.6281e-12 7.7759e-15 2.80743e-15 0.000389014 0 4.33681e-19 4.27314e-06 1.89392e-09 1.17432e-10
0.175  1871.65 -7.09502e-15 -1.50596e-15 0.000247588 0.000759305 0.00216978 0.0318502 0.00453771 0.078321 0.721587 6.49782e-06 1.49252e-06 0.0513639 0.108804 1.30198e-05 4.26454e-06 9.10439e-07 4.01792e-07 3.33832e-09 2.8127e-10 3.61311e-06 6.84812e-06 6.63734e-06 4.35611e-07 1.93934e-08 2.39853e-11 5.46688e-07 1.55455e-05 1.44688e-06 7.00102e-05 2.88477e-07 4.41897e-06 6.34305e-06 6.98207e-10 1.65262e-06 1.76696e-06 5.65659e-12 6.2707e-06 2.19241e-14 3.22003e-05 2.22403e-13 2.74043e-13 1.93096e-15 7.69567e-16 0.000173224 0 0 1.03689e-06 1.57165e-10 3.06006e-11
0.179167  1887.71 -7.08027e-15 -1.49858e-15 0.000257018 0.00074058 0.0022722 0.0289054 0.00477549 0.078144 0.721196 4.79344e-06 1.49158e-06 0.0473827 0.116184 4.49003e-06 1.59101e-06 2.87238e-07 1.50298e-07 1.19325e-09 8.22155e-11 9.84506e-07 2.37324e-06 2.75491e-06 1.68643e-07 6.22493e-09 8.80192e-12 2.38209e-07 4.71859e-06 5.44769e-07 2.40334e-05 8.82097e-08 1.42249e-06 2.20951e-06 1.77738e-10 6.52204e-07 7.67411e-07 1.95292e-12 2.65004e-06 4.70652e-15 1.09812e-05 2.037e-15 8.34114e-14 6.03684e-16 2.2096e-16 7.53841e-05 0 0 2.4401e-07 1.26119e-11 7.45512e-12
0.183333  1901.17 -7.31229e-15 -1.49165e-15 0.000260592 0.000732978 0.00229853 0.0269283 0.00491103 0.0779023 0.720829 4.07591e-06 1.46103e-06 0.044166 0.121911 1.64624e-06 6.42128e-07 9.66679e-08 5.85215e-08 4.55459e-10 2.69154e-11 2.86525e-07 8.85589e-07 1.1062e-06 6.50796e-08 2.44026e-09 3.31188e-12 1.02256e-07 1.66673e-06 2.15259e-07 8.68511e-06 3.03895e-08 4.97927e-07 7.99699e-07 4.47552e-11 2.63713e-07 3.31134e-07 6.12968e-13 1.15949e-06 1.03932e-15 3.45836e-06 6.91721e-17 2.92644e-14 2.14455e-16 6.72205e-17 3.23806e-05 0 0 5.65034e-08 9.98289e-13 1.75232e-12
0.1875  1913 -7.05404e-15 -1.46844e-15 0.00026036 0.000730179 0.00228539 0.0255288 0.0049879 0.0776944 0.720523 3.69146e-06 1.41621e-06 0.0416339 0.126329 6.37639e-07 2.94469e-07 3.46526e-08 2.37347e-08 1.82564e-10 9.56046e-12 9.13684e-08 3.49455e-07 4.4446e-07 2.56195e-08 9.95056e-10 1.2662e-12 4.34721e-08 6.50708e-07 8.72287e-08 3.31127e-06 1.13833e-08 1.88295e-07 3.04237e-07 1.14706e-11 1.07337e-07 1.4211e-07 1.77224e-13 5.16686e-07 2.39609e-16 1.01215e-06 1.38778e-17 1.09314e-14 8.08815e-17 2.1684e-17 1.38045e-05 0 0 1.2979e-08 7.91327e-14 4.04259e-13
0.191667  1923.67 -7.31403e-15 -1.43787e-15 0.000257733 0.000728795 0.00225259 0.0244861 0.0050306 0.077553 0.720282 3.44119e-06 1.3661e-06 0.0396525 0.129743 2.56512e-07 1.60492e-07 1.30548e-08 9.89625e-09 7.53845e-11 3.57586e-12 3.18941e-08 1.42689e-07 1.80665e-07 1.03096e-08 4.08431e-10 4.89342e-13 1.83603e-08 2.67233e-07 3.57982e-08 1.31603e-06 4.45725e-09 7.51545e-08 1.20606e-07 3.0608e-12 4.37279e-08 6.07006e-08 4.76884e-14 2.3178e-07 5.87638e-17 2.7636e-07 4.77049e-18 4.20887e-15 3.14419e-17 7.58942e-18 5.85336e-06 0 0 2.97055e-09 6.41284e-15 9.23849e-14
0.195833  1933.45 -7.4682e-15 -1.42009e-15 0.000253658 0.000727265 0.00221045 0.0236704 0.00505291 0.0774794 0.720097 3.25526e-06 1.31524e-06 0.0380903 0.13241 1.03863e-07 1.05237e-07 5.00146e-09 4.12305e-09 3.11264e-11 1.35746e-12 1.17386e-08 5.84174e-08 7.29361e-08 4.1445e-09 1.65774e-10 1.88349e-13 7.6299e-09 1.10505e-07 1.46197e-08 5.28972e-07 1.75584e-09 3.04912e-08 4.83541e-08 8.56936e-13 1.75802e-08 2.55156e-08 1.19273e-14 1.02552e-07 1.51788e-17 6.98105e-08 1.73472e-18 1.62804e-15 1.23599e-17 2.60209e-18 2.4439e-06 0 0 6.74644e-10 5.53377e-16 2.08824e-14
0.2  1942.52 -7.1772e-15 -1.41185e-15 0.000248773 0.000724979 0.00216447 0.023 0.00506296 0.0774626 0.719956 3.1043e-06 1.2658e-06 0.036832 0.134543 3.50856e-08 7.89136e-08 1.58183e-09 1.42904e-09 1.0735e-11 4.34695e-13 3.59484e-09 2.00094e-08 2.38264e-08 1.36294e-09 5.7668e-11 6.28568e-14 2.72956e-09 3.86165e-08 5.08486e-09 1.76878e-07 5.85315e-10 1.03662e-08 1.60873e-08 2.08144e-13 6.03852e-09 9.2072e-09 2.00729e-15 3.86106e-08 3.46945e-18 1.14415e-08 4.33681e-19 5.50124e-16 4.33681e-18 8.67362e-19 8.81527e-07 0 0 1.1526e-10 3.5345e-17 3.54469e-15
0.225  1985.06 -6.90095e-15 -1.42898e-15 0.000211975 0.000691318 0.00187384 0.0207692 0.00497534 0.0782321 0.719656 2.55916e-06 1.01479e-06 0.0335007 0.140086 2.06402e-09 5.23762e-08 7.66945e-11 8.56572e-11 6.11971e-13 1.84572e-14 1.8624e-10 1.12011e-09 1.30442e-09 7.38527e-11 2.84541e-12 2.52099e-15 1.44733e-10 2.24418e-09 2.89754e-10 1.06286e-08 2.66374e-11 6.50885e-10 9.54539e-10 5.87312e-15 2.72206e-10 5.15519e-10 2.68882e-17 2.79979e-09 0 1.37917e-10 0 2.29851e-17 2.1684e-19 0 4.80526e-08 0 0 2.3546e-12 4.33681e-19 6.83047e-17
0.25  2016.98 -7.35002e-15 -1.41705e-15 0.000181364 0.000652918 0.0016378 0.0193372 0.00483642 0.0791593 0.719578 2.21385e-06 8.35026e-07 0.0318333 0.142781 2.19735e-10 4.16337e-08 4.19643e-12 5.40788e-12 3.72452e-14 9.14199e-16 1.09309e-11 6.7638e-11 7.75356e-11 4.37056e-12 1.57264e-13 1.19262e-16 8.37654e-12 1.41844e-10 1.78086e-11 7.10529e-10 1.37238e-12 4.54519e-11 6.27981e-11 1.97542e-16 1.33398e-11 3.06893e-11 6.50521e-19 2.1466e-10 0 1.22224e-12 0 1.0842e-18 0 0 2.87043e-09 0 0 5.40904e-14 0 1.51788e-18
0.3  2061.71 -7.65382e-15 -1.44719e-15 0.000139958 0.000588589 0.00130804 0.01735 0.00455493 0.0806319 0.719497 1.78629e-06 6.08959e-07 0.0296308 0.146296 9.06582e-11 2.92999e-08 1.06276e-13 1.62044e-13 1.18135e-15 1.95156e-17 3.18303e-13 1.90519e-12 2.14292e-12 1.18971e-13 3.87494e-15 2.1684e-18 2.14441e-13 4.23445e-12 4.99439e-13 2.3668e-11 2.99309e-14 1.61866e-12 2.02056e-12 2.38524e-18 2.57305e-13 7.95056e-13 0 8.11619e-12 0 2.79269e-15 0 0 0 0 7.78776e-11 0 0 5.61617e-16 0 0
0.375  2109.91 -8.21912e-15 -1.4099e-15 0.000105566 0.000527893 0.00101131 0.015167 0.00422921 0.0822806 0.719337 1.41903e-06 4.21767e-07 0.0274589 0.149881 7.56801e-11 1.98361e-08 1.90646e-15 4.49423e-15 1.12974e-16 2.1684e-19 6.93781e-15 3.83246e-14 4.14471e-14 2.26902e-15 6.39679e-17 0 3.64205e-15 8.56416e-14 9.23003e-15 5.60827e-13 4.26742e-16 4.11101e-14 4.54511e-14 0 3.00779e-15 1.31225e-14 0 2.08026e-13 0 -2.1684e-19 0 0 0 0 1.42458e-12 0 0 4.11997e-18 0 0
0.4875  2109.91 -8.21912e-15 -1.4099e-15 0.000105566 0.000527893 0.00101131 0.015167 0.00422921 0.0822806 0.719337 1.41903e-06 4.21767e-07 0.0274589 0.149881 7.56801e-11 1.98361e-08 1.90646e-15 4.49423e-15 1.12974e-16 2.1684e-19 6.93781e-15 3.83246e-14 4.14471e-14 2.26902e-15 6.39679e-17 0 3.64205e-15 8.56416e-14 9.23003e-15 5.60827e-13 4.26742e-16 4.11101e-14 4.54511e-14 0 3.00779e-15 1.31225e-14 0 2.08026e-13 0 -2.1684e-19 0 0 0 0 1.42458e-12 0 0 4.11997e-18 0 0
