TITLE="Graphics"
VARIABLES= "x", "T1", "Y_H2_1", 
"Y_H_1", "Y_O2_1", "Y_O_1", "Y_OH_1", "Y_HO2_1", "Y_H2O_1", "Y_H2O2_1", "Y_N2_1"
0  300 0.0285219 0 0.226362 0 0 0 0 0 0.745116
0.003125  300 0.0285219 -6.38747e-32 0.226362 -2.52928e-36 1.56607e-35 -6.61956e-27 2.0464e-26 3.01147e-27 0.745116
0.00625  300 0.0285219 -2.61832e-30 0.226362 -5.93994e-36 1.97191e-35 -1.1813e-26 2.04676e-26 2.99963e-27 0.745116
0.009375  300 0.0285219 -1.10595e-31 0.226362 -7.5589e-36 2.79679e-35 -1.20104e-26 2.04712e-26 2.98786e-27 0.745116
0.0125  300 0.0285219 -4.87e-33 0.226362 -1.79987e-35 9.34188e-35 -1.19975e-26 2.04748e-26 2.97611e-27 0.745116
0.015625  300 0.0285219 3.09582e-34 0.226362 -5.26537e-35 3.17097e-34 -1.19737e-26 2.04784e-26 2.96422e-27 0.745116
0.01875  300 0.0285219 -6.7365e-35 0.226362 -7.59613e-35 4.55141e-34 -1.19509e-26 2.0482e-26 2.95232e-27 0.745116
0.021875  300 0.0285219 3.02622e-34 0.226362 -8.15622e-35 4.58675e-34 -1.19276e-26 2.04856e-26 2.94057e-27 0.745116
0.025  300 0.0285219 4.48023e-34 0.226362 -2.26674e-34 1.36643e-33 -1.19041e-26 2.04892e-26 2.92885e-27 0.745116
0.028125  300 0.0285219 5.81192e-34 0.226362 -6.82046e-34 4.29137e-33 -1.18794e-26 2.04929e-26 2.91662e-27 0.745116
0.03125  300 0.0285219 5.04578e-34 0.226362 -1.01585e-33 6.13837e-33 -1.18545e-26 2.04965e-26 2.90433e-27 0.745116
0.034375  300 0.0285219 5.13118e-35 0.226362 -1.68245e-33 6.26511e-33 -1.18316e-26 2.05002e-26 2.89258e-27 0.745116
0.0375  300 0.0285219 9.90762e-35 0.226362 -1.93473e-32 1.8028e-32 -1.18094e-26 2.05039e-26 2.88103e-27 0.745116
0.040625  300 0.0285219 3.83639e-34 0.226362 -4.54642e-31 5.49502e-32 -1.17801e-26 2.05078e-26 2.8673e-27 0.745116
0.04375  300 0.0285219 1.13919e-34 0.226362 -1.21481e-29 5.63663e-32 -1.17642e-26 2.05116e-26 2.85333e-27 0.745116
0.046875  300 0.0285219 -3.93657e-34 0.226362 -3.30388e-28 -3.94792e-31 -1.1678e-26 2.05156e-26 2.84153e-27 0.745116
0.05  300 0.0285219 -3.24561e-32 0.226362 -8.99425e-27 -7.74243e-30 -1.20117e-26 2.0518e-26 2.83061e-27 0.745116
0.053  300 0.0285219 -1.20795e-32 0.226362 -8.98632e-27 -1.44891e-29 -1.04747e-26 2.0532e-26 2.81244e-27 0.745116
0.056  300 0.0285219 6.3417e-34 0.226362 -8.97845e-27 -2.0541e-29 -1.99235e-26 2.04532e-26 2.79323e-27 0.745116
0.059  300 0.0285219 8.06572e-33 0.226362 -8.97061e-27 -2.58381e-29 3.91203e-26 2.11362e-26 2.78111e-27 0.745116
0.062  300 0.0285219 -2.3799e-33 0.226362 -8.96202e-27 -3.02835e-29 -3.27975e-25 1.5527e-26 2.775e-27 0.745116
0.065  300 0.0285219 -2.00413e-32 0.226362 -8.94012e-27 -2.31997e-29 1.95606e-24 6.19176e-26 2.70972e-27 0.745116
0.068  300 0.0285219 6.34233e-33 0.226362 -8.67374e-27 1.37973e-28 -1.22536e-23 -3.21176e-25 2.7588e-27 0.745116
0.071  300 0.0285219 5.05309e-31 0.226362 -4.13035e-27 3.70311e-27 7.61511e-23 2.84312e-24 2.7469e-27 0.745116
0.074  300 0.0285219 1.1378e-29 0.226362 7.53249e-26 8.15529e-26 -4.73851e-22 -2.32904e-23 2.76172e-27 0.745116
0.077  300 0.0285219 2.45806e-28 0.226362 1.4671e-24 1.77823e-24 2.94811e-21 1.926e-22 2.55812e-27 0.745116
0.08  300 0.0285219 5.32439e-27 0.226362 2.58471e-23 3.87789e-23 -1.83386e-20 -1.58964e-21 2.1127e-27 0.745116
0.083  300 0.0285219 1.14999e-25 0.226362 4.52914e-22 8.45822e-22 1.14159e-19 1.31504e-20 5.29618e-27 0.745116
0.086  300 0.0285219 2.46987e-24 0.226362 7.9339e-21 1.84506e-20 -7.08817e-19 -1.08164e-19 -1.41991e-26 0.745116
0.089  300 0.0285218 5.24978e-23 0.226362 1.38979e-19 4.02512e-19 4.44043e-18 9.03212e-19 1.00958e-25 0.745116
0.092  300 0.0285218 1.09472e-21 0.226362 2.43451e-18 8.78167e-18 -2.69766e-17 -7.24557e-18 -6.14406e-25 0.745116
0.095  300 0.0285218 2.2011e-20 0.226362 4.26456e-17 1.91601e-16 1.8139e-16 6.4524e-17 3.74705e-24 0.745116
0.098  300 0.0285217 4.10534e-19 0.226362 7.47023e-16 4.18058e-15 -8.55467e-16 -4.30837e-16 -2.2871e-23 0.745116
0.09825  300 0.0285216 6.93764e-19 0.226362 1.33088e-15 8.2618e-15 -3.85421e-16 -1.69128e-16 -1.64627e-23 0.745116
0.0985  300 0.0285216 1.02298e-18 0.226362 2.0085e-15 1.30171e-14 1.82497e-16 1.4584e-16 -8.39715e-24 0.745116
0.09875  300 0.0285216 1.40669e-18 0.226362 2.79497e-15 1.85601e-14 8.62118e-16 5.2156e-16 1.75314e-24 0.745116
0.099  300 0.0285216 1.85487e-18 0.226362 3.70776e-15 2.50238e-14 1.66894e-15 9.6645e-16 1.45023e-23 0.745116
0.09925  300 0.0285215 2.37928e-18 0.226362 4.76718e-15 3.25635e-14 2.62023e-15 1.48993e-15 3.04795e-23 0.745116
0.0995  300 0.0285215 2.99403e-18 0.226362 5.99677e-15 4.13606e-14 3.73503e-15 2.10248e-15 5.045e-23 0.745116
0.09975  300 0.0285215 3.71615e-18 0.226362 7.42388e-15 5.16272e-14 5.03415e-15 2.81572e-15 7.53394e-23 0.745116
0.1  300 0.0285215 4.56646e-18 0.226362 9.08025e-15 6.36112e-14 6.54001e-15 3.64242e-15 1.06259e-22 0.745116
0.102083  300 0.0285211 1.76401e-17 0.226362 3.32311e-14 2.41528e-13 2.80516e-14 1.54862e-14 6.49869e-22 0.745116
0.104167  300 0.0285205 7.76621e-17 0.226363 1.36041e-13 1.05646e-12 1.23017e-13 6.81732e-14 1.24781e-20 0.745117
0.10625  300 0.0285193 3.52071e-16 0.226363 5.73688e-13 4.78299e-12 5.53798e-13 3.13178e-13 3.2273e-19 0.745118
0.108333  300 0.028517 1.6061e-15 0.226364 2.43664e-12 2.18176e-11 2.5194e-12 1.52918e-12 1.06696e-17 0.745119
0.110417  300.001 0.0285128 7.33556e-15 0.226365 1.03665e-11 9.96786e-11 1.15021e-11 8.7e-12 4.54717e-16 0.745122
0.1125  300.005 0.028505 3.34983e-14 0.226367 4.41184e-11 4.55531e-10 5.274e-11 6.81117e-11 2.31285e-14 0.745128
0.114583  300.017 0.0284904 1.52735e-13 0.226371 1.8776e-10 2.08172e-09 2.5155e-10 7.79064e-10 1.28338e-12 0.745138
0.116667  300.058 0.0284632 6.9182e-13 0.22638 7.98934e-10 9.5117e-09 1.68945e-09 1.12729e-08 7.37099e-11 0.745157
0.116927  300.071 0.0284582 8.86746e-13 0.226381 1.01518e-09 1.2305e-08 4.09364e-09 2.36166e-08 3.74089e-10 0.745161
0.117188  300.085 0.0284528 1.11567e-12 0.226383 1.2677e-09 1.55854e-08 7.11931e-09 3.90177e-08 7.5696e-10 0.745165
0.117448  300.101 0.0284469 1.38522e-12 0.226384 1.56259e-09 1.94389e-08 1.09271e-08 5.82327e-08 1.24495e-09 0.745169
0.117708  300.12 0.0284406 1.70331e-12 0.226386 1.90693e-09 2.39662e-08 1.57199e-08 8.22054e-08 1.86691e-09 0.745173
0.117969  300.141 0.0284337 2.07944e-12 0.226388 2.30903e-09 2.92861e-08 2.17539e-08 1.12113e-07 2.65956e-09 0.745178
0.118229  300.166 0.0284264 2.5252e-12 0.22639 2.77855e-09 3.55382e-08 2.93532e-08 1.49425e-07 3.6697e-09 0.745183
0.11849  300.195 0.0284185 3.05481e-12 0.226393 3.32679e-09 4.28865e-08 3.89272e-08 1.95974e-07 4.95692e-09 0.745189
0.11875  300.227 0.0284099 3.68604e-12 0.226395 3.96694e-09 5.15242e-08 5.09942e-08 2.54044e-07 6.59713e-09 0.745195
0.119271  300.307 0.0283908 5.32048e-12 0.226401 5.56906e-09 7.33479e-08 8.45711e-08 4.13295e-07 1.12262e-08 0.745208
0.119792  300.412 0.0283686 7.70745e-12 0.226407 7.7571e-09 1.03578e-07 1.38398e-07 6.6249e-07 1.87936e-08 0.745223
0.120312  300.551 0.0283428 1.12941e-11 0.226414 1.07449e-08 1.45461e-07 2.24832e-07 1.05236e-06 3.11588e-08 0.745241
0.120833  300.735 0.0283129 1.69142e-11 0.226423 1.48242e-08 2.03503e-07 3.63818e-07 1.66215e-06 5.1353e-08 0.745262
0.121354  300.977 0.028278 2.62313e-11 0.226432 2.03929e-08 2.83962e-07 5.87538e-07 2.61556e-06 8.43097e-08 0.745286
0.121875  301.297 0.0282376 4.27598e-11 0.226443 2.7994e-08 3.95554e-07 9.4785e-07 4.10533e-06 1.38045e-07 0.745314
0.122396  301.719 0.0281907 7.42489e-11 0.226455 3.83681e-08 5.50446e-07 1.52812e-06 6.43122e-06 2.25551e-07 0.745346
0.122917  302.277 0.0281363 1.38283e-10 0.226468 5.25289e-08 7.6574e-07 2.46195e-06 1.00586e-05 3.67823e-07 0.745382
0.123437  303.012 0.0280732 2.75411e-10 0.226482 7.18654e-08 1.06565e-06 3.96213e-06 1.57066e-05 5.98616e-07 0.745424
0.123958  303.982 0.0280002 5.79819e-10 0.226496 9.82966e-08 1.48496e-06 6.36505e-06 2.44836e-05 9.71916e-07 0.74547
0.124479  305.259 0.0279157 1.2701e-09 0.226509 1.34491e-07 2.07454e-06 1.01953e-05 3.80842e-05 1.57317e-06 0.745523
0.125  306.938 0.0278183 2.85062e-09 0.22652 1.84235e-07 2.911e-06 1.62581e-05 5.90865e-05 2.53618e-06 0.745581
0.12526  307.975 0.027764 4.40763e-09 0.226522 2.16266e-07 3.4669e-06 2.0582e-05 7.38334e-05 3.23109e-06 0.745612
0.125521  309.163 0.0277058 6.75241e-09 0.226523 2.53969e-07 4.13535e-06 2.59582e-05 9.2045e-05 4.10222e-06 0.745645
0.125781  310.52 0.0276435 1.02971e-08 0.226521 2.98466e-07 4.94328e-06 3.26131e-05 0.000114498 5.19098e-06 0.745678
0.126042  312.072 0.0275767 1.56534e-08 0.226515 3.51154e-07 5.92557e-06 4.08088e-05 0.000142128 6.54707e-06 0.745712
0.126172  312.93 0.0275416 1.93516e-08 0.226511 3.81237e-07 6.49934e-06 4.55972e-05 0.000158314 7.34773e-06 0.74573
0.126302  313.847 0.0275052 2.38811e-08 0.226505 4.14066e-07 7.13503e-06 5.08843e-05 0.000176235 8.2382e-06 0.745747
0.126432  314.826 0.0274677 2.94263e-08 0.226497 4.49934e-07 7.84058e-06 5.67109e-05 0.000196064 9.22736e-06 0.745765
0.126562  315.871 0.0274289 3.62089e-08 0.226488 4.89173e-07 8.62514e-06 6.31189e-05 0.000217992 1.03247e-05 0.745782
0.126693  316.986 0.0273888 4.4496e-08 0.226477 5.32157e-07 9.49917e-06 7.01504e-05 0.000242222 1.15404e-05 0.7458
0.126823  318.176 0.0273474 5.46075e-08 0.226464 5.79311e-07 1.04747e-05 7.78479e-05 0.000268976 1.28851e-05 0.745817
0.126953  319.444 0.0273047 6.69265e-08 0.226449 6.31113e-07 1.15655e-05 8.62527e-05 0.000298493 1.43703e-05 0.745835
0.127083  320.796 0.0272606 8.191e-08 0.226431 6.88111e-07 1.27875e-05 9.54042e-05 0.000331032 1.60078e-05 0.745852
0.127214  322.236 0.0272151 1.00102e-07 0.226411 7.50926e-07 1.41588e-05 0.00010534 0.00036687 1.78101e-05 0.745869
0.127344  323.769 0.0271683 1.22148e-07 0.226387 8.2026e-07 1.57002e-05 0.000116091 0.000406304 1.97898e-05 0.745886
0.127474  325.4 0.0271199 1.48808e-07 0.22636 8.9691e-07 1.74351e-05 0.000127685 0.000449648 2.19603e-05 0.745902
0.127604  327.135 0.0270701 1.80981e-07 0.22633 9.81783e-07 1.93907e-05 0.000140142 0.000497242 2.43347e-05 0.745918
0.127734  328.979 0.0270188 2.19719e-07 0.226295 1.07591e-06 2.15973e-05 0.000153474 0.000549439 2.69267e-05 0.745933
0.127865  330.937 0.0269661 2.66255e-07 0.226256 1.18044e-06 2.40895e-05 0.000167681 0.000606619 2.97495e-05 0.745948
0.127995  333.015 0.0269117 3.2202e-07 0.226213 1.29671e-06 2.69062e-05 0.000182753 0.000669176 3.28165e-05 0.745962
0.128125  335.218 0.0268559 3.88679e-07 0.226165 1.42619e-06 3.00909e-05 0.000198667 0.000737526 3.61404e-05 0.745975
0.128255  337.553 0.0267985 4.68151e-07 0.226111 1.57054e-06 3.36921e-05 0.000215384 0.000812098 3.97337e-05 0.745988
0.128385  340.024 0.0267396 5.62644e-07 0.226051 1.73163e-06 3.77635e-05 0.000232851 0.000893341 4.36078e-05 0.745999
0.128516  342.637 0.0266791 6.74683e-07 0.225986 1.91155e-06 4.23641e-05 0.000250996 0.000981713 4.77734e-05 0.74601
0.128646  345.397 0.026617 8.07148e-07 0.225914 2.11261e-06 4.75586e-05 0.000269733 0.00107769 5.224e-05 0.746019
0.128776  348.309 0.0265533 9.63297e-07 0.225835 2.33738e-06 5.34167e-05 0.000288959 0.00118174 5.70156e-05 0.746027
0.128906  351.379 0.0264881 1.14681e-06 0.225749 2.58865e-06 6.00133e-05 0.000308553 0.00129435 6.2107e-05 0.746034
0.129036  354.61 0.0264213 1.36181e-06 0.225655 2.86951e-06 6.74281e-05 0.000328381 0.00141601 6.75187e-05 0.74604
0.129167  358.007 0.0263529 1.6129e-06 0.225554 3.18329e-06 7.57445e-05 0.000348298 0.0015472 7.32537e-05 0.746044
0.129297  361.574 0.0262829 1.90517e-06 0.225443 3.53356e-06 8.50486e-05 0.000368146 0.00168839 7.9312e-05 0.746047
0.129427  365.313 0.0262114 2.24426e-06 0.225324 3.92414e-06 9.54291e-05 0.000387764 0.00184005 8.5692e-05 0.746049
0.129557  369.228 0.0261384 2.63634e-06 0.225196 4.35909e-06 0.000106975 0.000406988 0.00200263 9.23889e-05 0.746049
0.129688  373.32 0.0260639 3.08813e-06 0.225059 4.84263e-06 0.000119773 0.000425652 0.00217656 9.93949e-05 0.746048
0.129818  377.592 0.0259878 3.60692e-06 0.224911 5.37912e-06 0.000133909 0.0004436 0.00236226 0.000106699 0.746045
0.129948  382.043 0.0259102 4.20053e-06 0.224754 5.97305e-06 0.00014946 0.000460682 0.00256011 0.000114286 0.746041
0.130078  386.674 0.0258312 4.87732e-06 0.224585 6.6289e-06 0.000166498 0.000476763 0.00277049 0.000122139 0.746036
0.130208  391.485 0.0257508 5.64619e-06 0.224406 7.35115e-06 0.000185086 0.000491722 0.00299371 0.000130233 0.746029
0.130339  396.473 0.0256689 6.51647e-06 0.224216 8.14417e-06 0.000205271 0.000505462 0.0032301 0.000138544 0.746021
0.130469  401.637 0.0255856 7.49795e-06 0.224014 9.01215e-06 0.00022709 0.000517902 0.00347992 0.000147039 0.746011
0.130599  406.974 0.0255009 8.6008e-06 0.223801 9.95903e-06 0.00025056 0.000528987 0.00374341 0.000155684 0.746001
0.130729  412.481 0.0254149 9.83549e-06 0.223576 1.09884e-05 0.000275682 0.000538683 0.0040208 0.00016444 0.745989
0.130859  418.154 0.0253276 1.12127e-05 0.223339 1.21036e-05 0.000302438 0.000546979 0.00431226 0.000173263 0.745976
0.13099  423.988 0.025239 1.27434e-05 0.223089 1.33072e-05 0.000330788 0.000553884 0.00461795 0.000182107 0.745961
0.13112  429.977 0.0251491 1.44385e-05 0.222827 1.46018e-05 0.000360672 0.000559426 0.004938 0.000190922 0.745946
0.13125  436.117 0.0250579 1.63088e-05 0.222552 1.5989e-05 0.000392008 0.000563649 0.0052725 0.000199656 0.74593
0.13138  442.401 0.0249656 1.83653e-05 0.222265 1.74702e-05 0.000424695 0.000566614 0.00562154 0.000208256 0.745913
0.13151  448.823 0.024872 2.06186e-05 0.221965 1.90462e-05 0.000458612 0.000568388 0.00598516 0.000216668 0.745894
0.131641  455.377 0.0247773 2.30789e-05 0.221652 2.07175e-05 0.00049362 0.000569051 0.00636339 0.000224836 0.745875
0.131771  462.054 0.0246815 2.57564e-05 0.221327 2.24841e-05 0.000529564 0.000568684 0.00675624 0.000232708 0.745856
0.131901  468.849 0.0245845 2.86603e-05 0.22099 2.43456e-05 0.000566276 0.000567375 0.00716368 0.000240231 0.745835
0.132031  475.754 0.0244865 3.17998e-05 0.22064 2.63017e-05 0.000603576 0.00056521 0.00758568 0.000247357 0.745814
0.132161  482.762 0.0243873 3.51831e-05 0.220278 2.83518e-05 0.000641275 0.000562274 0.00802218 0.00025404 0.745792
0.132292  489.866 0.0242872 3.88179e-05 0.219904 3.04955e-05 0.000679179 0.000558651 0.00847308 0.000260237 0.745769
0.132422  497.059 0.024186 4.27112e-05 0.219518 3.27325e-05 0.000717092 0.00055442 0.0089383 0.000265912 0.745745
0.132552  504.334 0.0240839 4.68692e-05 0.21912 3.50629e-05 0.000754817 0.000549654 0.00941769 0.000271032 0.745721
0.132682  511.683 0.0239808 5.12973e-05 0.218711 3.74873e-05 0.00079216 0.000544424 0.00991112 0.000275571 0.745696
0.132812  519.1 0.0238767 5.6e-05 0.218292 4.00071e-05 0.000828932 0.000538793 0.0104184 0.000279506 0.74567
0.132943  526.579 0.0237717 6.09811e-05 0.217861 4.26243e-05 0.000864953 0.000532819 0.0109394 0.000282822 0.745644
0.133073  534.113 0.0236658 6.62436e-05 0.21742 4.53419e-05 0.000900051 0.000526555 0.0114738 0.000285508 0.745617
0.133203  541.696 0.0235591 7.17895e-05 0.216969 4.81641e-05 0.000934068 0.000520048 0.0120216 0.00028756 0.745589
0.133333  549.321 0.0234515 7.76203e-05 0.216508 5.10962e-05 0.000966858 0.000513341 0.0125823 0.000288978 0.74556
0.133854  580.19 0.0230131 0.000103743 0.214573 6.39698e-05 0.00108461 0.000484925 0.0149498 0.000288455 0.745439
0.134375  611.333 0.0225631 0.000134342 0.212507 7.93328e-05 0.00117542 0.000455747 0.0175017 0.000278888 0.745304
0.134896  642.495 0.0221029 0.000169194 0.210329 9.82079e-05 0.00123815 0.000426877 0.0202181 0.00026201 0.745155
0.135417  673.481 0.0216338 0.000207985 0.208052 0.000121974 0.00127502 0.000398961 0.0230791 0.000239873 0.744991
0.135937  704.147 0.0211569 0.000250368 0.205682 0.000152293 0.00129057 0.000372389 0.0260684 0.00021452 0.744812
0.136458  734.396 0.0206733 0.000295991 0.203223 0.000190984 0.00129051 0.000347383 0.0291729 0.000187784 0.744618
0.136979  764.167 0.0201836 0.000344533 0.200671 0.000239905 0.00128077 0.000324045 0.0323847 0.000161175 0.74441
0.1375  793.423 0.0196885 0.000395703 0.19802 0.000300822 0.00126688 0.000302395 0.0356999 0.00013584 0.74419
0.138021  822.151 0.0191884 0.000449249 0.195261 0.000375301 0.00125368 0.000282393 0.0391186 0.000112576 0.743959
0.138542  850.346 0.0186838 0.000504946 0.192382 0.000464627 0.00124516 0.00026396 0.0426436 9.18591e-05 0.74372
0.139063  878.016 0.0181749 0.000562588 0.189372 0.000569738 0.00124451 0.000246993 0.0462792 7.39054e-05 0.743476
0.139583  905.169 0.0176621 0.000621977 0.186219 0.000691192 0.00125422 0.000231379 0.0500302 5.87221e-05 0.743231
0.140104  931.819 0.0171461 0.000682914 0.182913 0.000829152 0.00127618 0.000216999 0.0539009 4.61675e-05 0.742988
0.140625  957.975 0.0166273 0.00074519 0.179447 0.00098339 0.00131177 0.000203735 0.0578939 3.60023e-05 0.742751
0.141146  983.647 0.0161065 0.000808579 0.175816 0.0011533 0.00136201 0.000191478 0.0620099 2.79336e-05 0.742524
0.141667  1008.84 0.0155845 0.000872833 0.172018 0.00133795 0.00142755 0.000180123 0.0662467 2.16492e-05 0.742311
0.142188  1033.56 0.0150624 0.000937682 0.168055 0.00153608 0.00150879 0.000169576 0.0705992 1.68437e-05 0.742114
0.142708  1057.8 0.0145412 0.00100284 0.163935 0.00174618 0.00160586 0.000159751 0.0750592 1.32349e-05 0.741937
0.143229  1081.56 0.0140224 0.00106798 0.159665 0.00196653 0.00171868 0.000150572 0.079615 1.05739e-05 0.741783
0.14375  1104.83 0.0135072 0.0011328 0.155262 0.00219525 0.00184697 0.000141975 0.0842523 8.64899e-06 0.741653
0.144271  1127.61 0.0129972 0.00119694 0.150741 0.00243034 0.00199024 0.000133902 0.0889541 7.28581e-06 0.741549
0.144792  1149.89 0.012494 0.00126006 0.146123 0.00266974 0.00214784 0.000126304 0.0937009 6.34456e-06 0.741472
0.145313  1171.64 0.011999 0.00132183 0.14143 0.00291138 0.00231897 0.000119142 0.098472 5.71579e-06 0.741422
0.145833  1192.87 0.0115139 0.00138192 0.136687 0.00315324 0.00250268 0.000112381 0.103245 5.31563e-06 0.741398
0.146354  1213.56 0.0110403 0.00144 0.13192 0.00339336 0.00269791 0.000105993 0.107998 5.08095e-06 0.7414
0.146875  1233.71 0.0105794 0.0014958 0.127154 0.00362992 0.0029035 9.99557e-05 0.112707 4.96499e-06 0.741426
0.147396  1253.3 0.0101327 0.00154903 0.122415 0.00386124 0.00311823 9.4249e-05 0.117351 4.93358e-06 0.741473
0.147917  1272.33 0.00970136 0.00159948 0.117727 0.00408582 0.00334084 8.88575e-05 0.12191 4.96195e-06 0.741542
0.148438  1290.79 0.00928642 0.00164695 0.113115 0.00430236 0.00357002 8.37676e-05 0.126363 5.03231e-06 0.741627
0.148958  1308.69 0.00888876 0.00169127 0.108599 0.00450975 0.00380449 7.89678e-05 0.130694 5.13189e-06 0.741729
0.149479  1326.03 0.00850907 0.00173234 0.1042 0.00470711 0.00404296 7.44473e-05 0.134887 5.25149e-06 0.741842
0.15  1342.8 0.00814784 0.00177007 0.0999336 0.00489374 0.00428417 7.01957e-05 0.138928 5.38448e-06 0.741967
0.151042  1374.71 0.00748137 0.00183546 0.0918383 0.00523364 0.00477133 6.24568e-05 0.146533 5.67595e-06 0.742238
0.152083  1404.47 0.00689058 0.00188742 0.0844142 0.00552716 0.00525625 5.56803e-05 0.153438 5.97727e-06 0.742525
0.153125  1432.19 0.00637346 0.00192651 0.0777029 0.00577511 0.00573166 4.97869e-05 0.159623 6.27406e-06 0.742811
0.154167  1457.99 0.00592603 0.00195367 0.0717111 0.00598 0.00619161 4.46925e-05 0.165098 6.5571e-06 0.743088
0.155208  1482.01 0.00554294 0.00197008 0.0664184 0.00614539 0.00663144 4.03115e-05 0.169897 6.82017e-06 0.743347
0.15625  1504.39 0.00521796 0.00197705 0.0617842 0.0062754 0.00704777 3.65591e-05 0.174069 7.0591e-06 0.743585
0.157292  1525.27 0.00494453 0.00197591 0.0577554 0.00637428 0.0074384 3.33538e-05 0.177673 7.27122e-06 0.743798
0.158333  1544.79 0.00471609 0.00196799 0.054272 0.00644614 0.00780218 3.06196e-05 0.180771 7.45515e-06 0.743987
0.159375  1563.07 0.00452636 0.00195449 0.0512723 0.0064948 0.0081388 2.82875e-05 0.183426 7.61051e-06 0.744152
0.160417  1580.22 0.00436954 0.00193654 0.0486956 0.0065237 0.00844869 2.62958e-05 0.185697 7.7378e-06 0.744295
0.161458  1596.36 0.00424042 0.00191512 0.0464848 0.00653588 0.00873279 2.45909e-05 0.187642 7.83816e-06 0.744417
0.1625  1611.59 0.00413436 0.00189106 0.0445876 0.00653401 0.00899244 2.31264e-05 0.189308 7.91323e-06 0.744521
0.163542  1625.98 0.00404739 0.00186508 0.0429575 0.00652039 0.00922923 2.18628e-05 0.190741 7.96497e-06 0.74461
0.164583  1639.61 0.00397609 0.00183777 0.0415532 0.00649702 0.00944486 2.07669e-05 0.191978 7.99551e-06 0.744684
0.165625  1652.56 0.00391756 0.00180963 0.0403392 0.00646561 0.0096411 1.98109e-05 0.193052 8.00705e-06 0.744747
0.166667  1664.89 0.0038694 0.00178104 0.0392848 0.00642764 0.00981969 1.89716e-05 0.193991 8.00177e-06 0.744799
0.167708  1676.64 0.0038296 0.0017523 0.0383641 0.00638435 0.00998227 1.82299e-05 0.194818 7.98176e-06 0.744843
0.16875  1687.86 0.00379653 0.00172368 0.0375553 0.00633682 0.0101304 1.757e-05 0.195552 7.94899e-06 0.74488
0.169792  1698.6 0.00376883 0.00169534 0.0368398 0.00628596 0.0102656 1.69789e-05 0.196209 7.90524e-06 0.74491
0.170833  1708.89 0.00374541 0.00166744 0.0362024 0.00623254 0.0103891 1.64458e-05 0.196803 7.85215e-06 0.744936
0.171875  1718.77 0.00372538 0.00164008 0.0356303 0.0061772 0.0105021 1.5962e-05 0.197344 7.7912e-06 0.744957
0.172917  1728.26 0.00370804 0.00161332 0.0351131 0.00612048 0.0106057 1.55202e-05 0.197841 7.72366e-06 0.744975
0.173958  1737.4 0.00369281 0.00158722 0.0346418 0.00606285 0.0107008 1.51145e-05 0.198301 7.6507e-06 0.74499
0.175  1746.2 0.00367923 0.0015618 0.0342094 0.00600467 0.0107883 1.47397e-05 0.198731 7.5733e-06 0.745003
0.176042  1754.69 0.00366694 0.00153709 0.0338098 0.00594626 0.0108689 1.4392e-05 0.199135 7.49234e-06 0.745014
0.177083  1762.88 0.00365564 0.00151309 0.0334383 0.00588786 0.0109434 1.40678e-05 0.199517 7.40856e-06 0.745023
0.178125  1770.8 0.00364512 0.00148979 0.0330906 0.00582969 0.0110121 1.37643e-05 0.199881 7.32262e-06 0.745031
0.179167  1778.47 0.00363518 0.00146719 0.0327635 0.0057719 0.0110758 1.34791e-05 0.200228 7.23507e-06 0.745037
0.180208  1785.88 0.00362569 0.00144527 0.0324543 0.00571463 0.0111348 1.32103e-05 0.200562 7.1464e-06 0.745043
0.18125  1793.07 0.00361654 0.00142401 0.0321606 0.00565799 0.0111896 1.2956e-05 0.200883 7.05701e-06 0.745048
0.182292  1800.04 0.00360764 0.00140339 0.0318805 0.00560205 0.0112404 1.27149e-05 0.201194 6.96725e-06 0.745052
0.183333  1806.8 0.00359892 0.0013834 0.0316124 0.00554687 0.0112877 1.24857e-05 0.201495 6.87741e-06 0.745056
0.184375  1813.36 0.00359034 0.001364 0.0313551 0.0054925 0.0113316 1.22673e-05 0.201788 6.78775e-06 0.745059
0.185417  1819.74 0.00358185 0.00134518 0.0311075 0.00543898 0.0113725 1.20588e-05 0.202073 6.69849e-06 0.745062
0.186458  1825.94 0.00357343 0.00132692 0.0308685 0.00538632 0.0114106 1.18594e-05 0.202351 6.60979e-06 0.745065
0.1875  1831.98 0.00356506 0.00130919 0.0306374 0.00533454 0.011446 1.16684e-05 0.202622 6.52181e-06 0.745067
0.188542  1837.85 0.00355671 0.00129197 0.0304136 0.00528364 0.011479 1.14851e-05 0.202888 6.43468e-06 0.745069
0.189583  1843.56 0.00354839 0.00127524 0.0301964 0.00523363 0.0115097 1.13091e-05 0.203148 6.34849e-06 0.745071
0.190625  1849.13 0.00354007 0.00125898 0.0299854 0.00518449 0.0115383 1.11398e-05 0.203402 6.26334e-06 0.745073
0.191667  1854.56 0.00353176 0.00124317 0.0297802 0.00513623 0.0115649 1.09768e-05 0.203652 6.17929e-06 0.745075
0.192708  1859.86 0.00352345 0.00122779 0.0295803 0.00508884 0.0115896 1.08196e-05 0.203897 6.0964e-06 0.745076
0.19375  1865.03 0.00351515 0.00121283 0.0293854 0.00504229 0.0116126 1.0668e-05 0.204137 6.01472e-06 0.745078
0.194792  1870.07 0.00350684 0.00119827 0.0291953 0.00499659 0.0116339 1.05216e-05 0.204374 5.93427e-06 0.745079
0.195833  1875 0.00349855 0.00118409 0.0290097 0.0049517 0.0116536 1.03801e-05 0.204606 5.85509e-06 0.74508
0.196875  1879.81 0.00349025 0.00117027 0.0288284 0.00490762 0.0116719 1.02432e-05 0.204834 5.7772e-06 0.745081
0.197917  1884.51 0.00348196 0.00115681 0.0286511 0.00486433 0.0116887 1.01107e-05 0.205059 5.7006e-06 0.745082
0.198958  1889.11 0.00347369 0.00114368 0.0284777 0.00482182 0.0117043 9.98235e-06 0.20528 5.62532e-06 0.745083
0.2  1893.61 0.00346542 0.00113088 0.028308 0.00478008 0.0117187 9.85794e-06 0.205497 5.55136e-06 0.745084
0.20625  1918.57 0.00341619 0.00106051 0.0273627 0.00454532 0.0117816 9.18714e-06 0.20673 5.13601e-06 0.745089
0.2125  1940.73 0.00336789 0.000999108 0.0265184 0.00433355 0.0118135 8.61848e-06 0.207861 4.76476e-06 0.745093
0.21875  1960.57 0.00332083 0.000944996 0.0257571 0.00414163 0.0118221 8.12952e-06 0.208905 4.4335e-06 0.745096
0.225  1978.49 0.00327518 0.000896894 0.0250653 0.00396692 0.011813 7.70415e-06 0.209873 4.13781e-06 0.745098
0.23125  1994.78 0.00323104 0.000853812 0.0244326 0.00380719 0.0117903 7.33045e-06 0.210774 3.87342e-06 0.7451
0.2375  2009.67 0.00318842 0.00081497 0.0238506 0.00366056 0.0117572 6.99938e-06 0.211616 3.63638e-06 0.745102
0.24375  2023.36 0.00314732 0.000779746 0.0233127 0.00352546 0.0117161 6.70391e-06 0.212406 3.42323e-06 0.745103
0.25  2036.01 0.00310771 0.000747633 0.0228132 0.00340052 0.0116687 6.4385e-06 0.213149 3.23091e-06 0.745104
0.2625  2058.56 0.00303292 0.000691403 0.0219158 0.00317778 0.0115611 5.9828e-06 0.214506 2.90006e-06 0.745106
0.275  2078.25 0.00296337 0.00064348 0.0211256 0.00298392 0.0114423 5.60355e-06 0.215726 2.62527e-06 0.745107
0.2875  2095.63 0.00289857 0.000602105 0.0204224 0.00281359 0.0113175 5.28298e-06 0.21683 2.39431e-06 0.745108
0.3  2111.12 0.00283804 0.000565976 0.0197905 0.00266257 0.0111896 5.00842e-06 0.217837 2.19801e-06 0.745109
0.325  2137.46 0.00272889 0.000506283 0.0187051 0.00240855 0.0109358 4.56573e-06 0.219599 1.88573e-06 0.74511
0.35  2159.35 0.0026323 0.000458464 0.0177922 0.00220086 0.0106886 4.22118e-06 0.221111 1.64721e-06 0.745111
0.375  2177.91 0.00254613 0.000419269 0.01701 0.00202786 0.0104524 3.94563e-06 0.222428 1.45994e-06 0.745111
0.4  2193.87 0.00246859 0.000386529 0.0163302 0.0018814 0.0102284 3.7206e-06 0.223588 1.30965e-06 0.745112
0.45  2219.85 0.00233589 0.000335423 0.0152108 0.00164924 0.00982282 3.37839e-06 0.225529 1.08626e-06 0.745112
0.5  2240.43 0.00222445 0.000296814 0.0143105 0.00147095 0.00946258 3.1278e-06 0.227118 9.27122e-07 0.745112
0.55  2257.34 0.00212963 0.000266638 0.0135628 0.00132965 0.0091427 2.9359e-06 0.228452 8.08232e-07 0.745113
0.6  2271.27 0.00204764 0.000242522 0.0129389 0.00121576 0.00885828 2.78608e-06 0.229581 7.17366e-07 0.745113
0.8  2308.58 0.00181638 0.000182767 0.0112367 0.000928687 0.00801616 2.42262e-06 0.232703 5.06393e-07 0.745113
1  2331.46 0.00166391 0.000149473 0.0101681 0.000765959 0.00743468 2.22317e-06 0.234702 3.98382e-07 0.745113
1.4  2357.18 0.00148443 0.000115621 0.0089408 0.000597967 0.00672436 2.01516e-06 0.237021 2.95373e-07 0.745114
1.8  2370.68 0.00138557 9.93033e-05 0.00828461 0.000516244 0.00632465 1.90991e-06 0.238274 2.48451e-07 0.745114
2.6  2382.82 0.00129486 8.56387e-05 0.00768657 0.000447268 0.00595163 1.81595e-06 0.239418 2.10435e-07 0.745114
3.4  2387.18 0.00126129 8.09114e-05 0.00746973 0.000423378 0.00581328 1.78193e-06 0.239836 1.97628e-07 0.745114
6.6  2390.21 0.00123773 7.76953e-05 0.00731855 0.000407108 0.00571605 1.75817e-06 0.240127 1.89009e-07 0.745114
13  2390.68 0.001234 7.71936e-05 0.00729469 0.000404569 0.00570065 1.75442e-06 0.240173 1.87672e-07 0.745114
25.8  2390.72 0.0012337 7.71532e-05 0.00729277 0.000404365 0.0056994 1.75411e-06 0.240177 1.87564e-07 0.745114
51.4  2390.72 0.00123369 7.71516e-05 0.00729269 0.000404356 0.00569935 1.7541e-06 0.240177 1.8756e-07 0.745114
102.6  2390.72 0.00123369 7.71516e-05 0.00729269 0.000404356 0.00569935 1.7541e-06 0.240177 1.8756e-07 0.745114
