TITLE="Graphics"
VARIABLES= "x", "T", "Y_AR", "Y_HE", "Y_H", "Y_H2", "Y_O", "Y_O2", "Y_OH", "Y_H2O", "Y_N2", "Y_HO2", "Y_H2O2", "Y_CO", "Y_CO2", "Y_CH2O", "Y_HCO", "Y_CH3OH", "Y_CH2OH", "Y_CH3O", "Y_CH3O2", "Y_CH4", "Y_CH3", "Y_CH2", "Y_CH2(S)", "Y_C2H6", "Y_C2H5O2", "Y_C2H5", "Y_C2H4", "Y_C2H3", "Y_C2H2", "Y_CH2CHO", "Y_CH2CO", "Y_HCCO", "Y_NC3H7", "Y_C3H6", "Y_C3H5-A", "Y_C3H5O", "Y_C3H4-A", "Y_NC3H7O2", "Y_C2H3CHO", "Y_NC7H16", "Y_C7H15", "Y_C7H15O2", "Y_C7H14OOH", "Y_C7H14", "Y_C7H14OOHO2", "Y_NC7KET", "Y_C7H14O", "Y_NC3H7CHO", "Y_NC3H7CO"
-0.0591146  300 0 0 0 0 0 0.217085 0 0 0.714941 0 0 0 0 0 0 0 0 0 0 0 0 0 0 0 0 0 0 0 0 0 0 0 0 0 0 0 0 0 0 0.0679738 0 0 0 0 0 0 0 0 0
-0.0380208  300 0 0 0 1.02557e-05 -4.41487e-16 0.217084 -8.67362e-19 7.6231e-08 0.714931 1.08753e-10 9.98787e-11 1.08469e-08 -1.84947e-09 -2.10709e-10 0 -1.85788e-11 0 -4.77049e-18 -1.19197e-11 1.4192e-09 0 0 0 -5.04441e-11 8.11996e-14 0 -1.79131e-09 0 -3.74447e-10 -1.64846e-13 -6.22485e-13 0 0 -4.39746e-11 -4.53305e-15 7.04558e-15 -2.80882e-14 1.66967e-17 7.85557e-14 0.0679752 0 4.5328e-12 0 7.0562e-15 1.66967e-16 0 1.28586e-16 1.39125e-15 0
-0.0239583  300 0 0 0 3.15066e-05 2.78965e-15 0.217081 4.98733e-18 -4.47502e-08 0.71491 -4.52436e-11 -4.02493e-11 -4.53494e-09 9.00578e-11 8.35192e-12 0 4.24138e-13 0 5.44269e-17 -5.54057e-13 -8.42999e-10 0 0 0 -4.45012e-13 1.57105e-14 0 4.6328e-10 0 6.67393e-11 -1.35124e-14 -4.94392e-14 0 0 -2.63997e-12 -3.36536e-16 -3.47595e-16 -2.42102e-15 4.55365e-18 2.07165e-14 0.0679782 2.1684e-19 1.69063e-12 0 2.47328e-15 1.1666e-16 0 4.70544e-17 3.70797e-16 0
-0.0145833  300.002 0 0 0 5.96896e-05 5.80701e-14 0.217077 1.03433e-16 4.35627e-07 0.714881 4.21861e-10 3.7624e-10 4.22717e-08 -3.18621e-09 -3.56107e-10 0 -3.03073e-11 0 -5.99781e-16 -1.68629e-11 8.23961e-09 0 0 0 -7.70478e-11 8.72941e-14 0 -4.8835e-09 0 -8.54233e-10 -2.17067e-13 -8.24996e-13 0 0 -6.05503e-11 -6.06893e-15 7.39773e-15 -3.6738e-14 1.60462e-17 7.82252e-14 0.0679821 3.46945e-18 3.83078e-12 0 6.06351e-15 1.63064e-16 0 1.08637e-16 1.33292e-15 0
-0.00833333  300.038 0 0 4.33681e-19 8.88301e-05 2.2844e-13 0.217071 4.4474e-16 4.55381e-06 0.714848 1.12237e-08 1.16916e-08 1.10014e-06 1.21758e-08 1.28264e-09 0 9.78113e-11 0 1.11959e-14 3.40972e-11 8.44276e-08 0 0 0 2.01741e-10 -4.28908e-14 0 1.13757e-07 0 8.26073e-09 3.35978e-13 1.30881e-12 0 0 1.11066e-10 1.00152e-14 -6.86669e-15 5.52915e-14 0 -9.20509e-15 0.0679863 1.43115e-17 2.40706e-12 0 2.31521e-15 1.4615e-16 0 4.79217e-17 -2.14672e-17 0
-0.00416667  300.131 0 0 2.71051e-17 0.000114686 5.16091e-13 0.217062 3.0516e-15 1.37342e-05 0.714815 3.93266e-08 4.15617e-08 3.84556e-06 1.12747e-07 1.26401e-08 2.1684e-19 1.09857e-09 0 2.38869e-13 1.0029e-09 2.53455e-07 3.25261e-18 0 0 3.12656e-09 7.19106e-13 0 5.01384e-07 0 4.39162e-08 8.2935e-11 1.91641e-10 0 0 4.87183e-09 9.05499e-13 5.87009e-14 4.26166e-11 4.72712e-17 3.13371e-13 0.0679903 6.72205e-17 6.65824e-12 0 8.60184e-15 1.76291e-16 0 1.40079e-16 4.03779e-15 0
0  300.355 0 0 3.67978e-16 0.000146956 1.08494e-12 0.217043 3.07178e-14 3.46215e-05 0.714766 1.08711e-07 1.15807e-07 1.06127e-05 4.6975e-07 5.36066e-08 1.0842e-18 4.82507e-09 0 1.89192e-12 5.2475e-09 6.37097e-07 8.2833e-17 0 0 1.47756e-08 7.74226e-12 1.30104e-18 1.56785e-06 0 1.49852e-07 4.88168e-10 1.11444e-09 4.33681e-19 0 2.65624e-08 5.17336e-12 8.93836e-13 2.53928e-10 2.54614e-15 5.9916e-12 0.0679957 5.54678e-16 4.08249e-12 0 -4.47992e-14 1.17528e-16 0 -4.72495e-16 1.85658e-13 0
0.00277778  300.681 0 0 2.16515e-15 0.000172911 1.78274e-12 0.217018 1.73976e-13 6.33141e-05 0.714717 2.11599e-07 2.26435e-07 2.06231e-05 1.21243e-06 1.40111e-07 4.33681e-18 1.29353e-08 0 9.0234e-12 1.60401e-08 1.16306e-06 8.89696e-16 0 0 4.18045e-08 4.47722e-11 1.23599e-17 3.31458e-06 0 3.36264e-07 1.63538e-09 3.69738e-09 1.73472e-18 0 8.37727e-08 1.69311e-11 6.88836e-12 8.59076e-10 7.55964e-14 6.18172e-11 0.0680006 3.0208e-15 1.14259e-10 0 2.01965e-13 2.50234e-16 0 1.72366e-15 4.64476e-12 5.63785e-18
0.00555556  301.256 0 0 1.05718e-14 0.000202966 2.8945e-12 0.216976 8.393e-13 0.00011202 0.71465 3.95413e-07 4.24387e-07 3.84613e-05 2.83715e-06 3.30879e-07 1.69136e-17 3.11246e-08 2.1684e-19 3.43423e-11 4.23496e-08 2.05504e-06 6.15697e-15 2.1684e-19 0 1.04574e-07 1.69013e-10 9.38919e-17 6.63313e-06 2.1684e-19 7.06258e-07 4.58285e-09 1.02971e-08 6.28837e-18 0 2.25736e-07 4.67662e-11 2.88687e-11 2.42265e-09 4.14562e-13 2.80407e-10 0.068007 1.44988e-14 6.38502e-10 4.33681e-19 3.0895e-12 4.13515e-16 8.23994e-18 4.38564e-14 2.46771e-11 4.77049e-17
0.00833333  302.264 0 0 4.82659e-14 0.000237741 4.69375e-12 0.216902 3.81002e-12 0.000194516 0.714553 7.23792e-07 7.77639e-07 7.01919e-05 6.38235e-06 7.50309e-07 7.82794e-17 7.18009e-08 1.51788e-18 1.26163e-10 1.06381e-07 3.56511e-06 3.87999e-14 6.50521e-19 0 2.49948e-07 5.92351e-10 6.97793e-16 1.29243e-05 2.81893e-18 1.43894e-06 1.21309e-08 2.71051e-08 2.1684e-17 2.1684e-19 5.7695e-07 1.22374e-10 1.09115e-10 6.44984e-09 2.01099e-12 1.13184e-09 0.0680156 6.63558e-14 3.03791e-09 2.1684e-18 3.6389e-11 1.00501e-14 1.73646e-15 8.33044e-13 1.14148e-10 3.72966e-16
0.0111111  304.027 0 0 2.1131e-13 0.000277913 7.67822e-12 0.21677 1.65858e-11 0.000333691 0.71441 1.31037e-06 1.40504e-06 0.000126457 1.40838e-05 1.6676e-06 4.67508e-16 1.62308e-07 1.77809e-17 4.57781e-10 2.61762e-07 6.11374e-06 2.38384e-13 2.1684e-18 0 5.85048e-07 2.06911e-09 5.14584e-15 2.48057e-05 2.42861e-17 2.88397e-06 3.13501e-08 6.96686e-08 8.04478e-17 2.81893e-18 1.44129e-06 3.13758e-10 3.98823e-10 1.67654e-08 9.68947e-12 4.41935e-09 0.0680276 2.94588e-13 1.41914e-08 1.21431e-17 4.10941e-10 -6.45974e-14 2.50973e-13 1.50294e-11 5.09739e-10 2.89243e-15
0.0125  305.397 0 0 4.64342e-13 0.000300308 9.9859e-12 0.216666 3.64065e-11 0.000438741 0.71431 1.77725e-06 1.89867e-06 0.000170768 2.12887e-05 2.52983e-06 1.33791e-15 2.48712e-07 6.39679e-17 9.43742e-10 4.223e-07 8.03966e-06 6.55709e-13 4.11997e-18 0 9.15051e-07 4.26347e-09 1.5943e-14 3.4669e-05 7.7412e-17 4.12843e-06 5.19866e-08 1.15151e-07 1.71954e-16 1.04083e-17 2.34232e-06 5.20034e-10 8.21479e-10 2.79024e-08 2.50243e-11 9.54514e-09 0.0680355 6.56986e-13 4.01991e-08 3.98986e-17 1.99743e-09 4.79123e-13 1.04145e-11 1.08742e-10 1.20795e-09 1.04647e-14
0.0138889  307.19 0 0 9.83896e-13 0.000324322 1.30507e-11 0.216528 7.65367e-11 0.00057386 0.714188 2.39761e-06 2.54839e-06 0.000229184 3.17004e-05 3.77804e-06 3.82702e-15 3.74828e-07 2.14672e-16 1.82896e-09 6.66426e-07 1.05202e-05 1.67387e-12 7.80626e-18 0 1.40451e-06 8.26383e-09 4.33839e-14 4.80502e-05 2.35272e-16 5.85041e-06 8.39086e-08 1.85345e-07 3.86193e-16 3.36103e-17 3.7166e-06 8.41313e-10 1.569e-09 4.51781e-08 5.62866e-11 1.88622e-08 0.0680448 1.41029e-12 9.36532e-08 1.1189e-16 5.81784e-09 2.35356e-12 3.98757e-11 3.50789e-10 2.5373e-09 2.88461e-14
0.0152778  309.528 0 0 2.04782e-12 0.000350039 1.71993e-11 0.216347 1.57209e-10 0.000747135 0.714037 3.22197e-06 3.40033e-06 0.000306012 4.66978e-05 5.57789e-06 1.0934e-14 5.58247e-07 6.91504e-16 3.45047e-09 1.03695e-06 1.37075e-05 4.14699e-12 1.51788e-17 0 2.12803e-06 1.56922e-08 1.11305e-13 6.61523e-05 7.01262e-16 8.22599e-06 1.33095e-07 2.93254e-07 9.2374e-16 1.04734e-16 5.80509e-06 1.34338e-09 2.88142e-09 7.18753e-08 1.21313e-10 3.57111e-08 0.068056 2.97634e-12 2.01996e-07 3.06179e-16 1.49519e-08 8.80853e-12 1.24493e-10 9.71032e-10 5.05464e-09 7.42741e-14
0.0166667  312.567 0 0 4.20985e-12 0.000377537 2.29425e-11 0.216107 3.17178e-10 0.000968488 0.71385 4.31746e-06 4.51206e-06 0.000406741 6.82122e-05 8.16004e-06 3.1013e-14 8.23784e-07 2.16103e-15 6.41173e-09 1.59785e-06 1.77905e-05 1.01524e-11 2.94903e-17 0 3.19296e-06 2.9744e-08 2.74719e-13 9.0552e-05 2.06779e-15 1.14907e-05 2.08507e-07 4.58319e-07 2.35185e-15 3.25477e-16 8.96425e-06 2.13211e-09 5.16291e-09 1.12934e-07 2.59175e-10 6.59835e-08 0.0680693 6.21797e-12 4.18776e-07 8.59555e-16 3.65909e-08 3.09146e-11 3.64697e-10 2.54444e-09 9.78893e-09 1.8579e-13
0.0180556  316.5 0 0 8.57334e-12 0.000406879 3.11027e-11 0.215792 6.29905e-10 0.00124989 0.713619 5.77313e-06 5.9539e-06 0.000538293 9.89154e-05 1.18407e-05 8.68923e-14 1.20598e-06 6.57851e-15 1.1777e-08 2.44386e-06 2.30007e-05 2.47663e-11 5.85469e-17 0 4.75191e-06 5.68049e-08 6.55852e-13 0.000123289 6.06242e-15 1.59558e-05 3.23398e-07 7.0923e-07 6.29921e-15 1.01503e-15 1.37149e-05 3.38093e-09 9.0781e-09 1.75696e-07 5.56714e-10 1.1993e-07 0.068085 1.29102e-11 8.46728e-07 2.54397e-15 8.72649e-08 1.0571e-10 1.03659e-09 6.48533e-09 1.86153e-08 4.54152e-13
0.0194444  321.564 0 0 1.73238e-11 0.000438109 4.30415e-11 0.215381 1.2319e-09 0.00160548 0.713333 7.70693e-06 7.80961e-06 0.000709262 0.000142448 1.70449e-05 2.3947e-13 1.75211e-06 1.95304e-14 2.13874e-08 3.71357e-06 2.96175e-05 6.03873e-11 1.18612e-16 0 7.01856e-06 1.09762e-07 1.51332e-12 0.00016696 1.77317e-14 2.20256e-05 4.97062e-07 1.08765e-06 1.74617e-14 3.1856e-15 2.08064e-05 5.38023e-09 1.5686e-08 2.70907e-07 1.20896e-09 2.15087e-07 0.0681031 2.67063e-11 1.67875e-06 8.08576e-15 2.04232e-07 3.53995e-10 2.88178e-09 1.62005e-08 3.48927e-08 1.08023e-12
0.0208333  328.041 0 0 3.47611e-11 0.000471244 6.10755e-11 0.214846 2.37047e-09 0.00205148 0.71298 1.02744e-05 1.01755e-05 0.000930119 0.000203678 2.43296e-05 6.46587e-13 2.52557e-06 5.64845e-14 3.83538e-08 5.60636e-06 3.79708e-05 1.47104e-10 2.46764e-16 0 1.02867e-05 2.14708e-07 3.36412e-12 0.000224805 5.18465e-14 3.02155e-05 7.57028e-07 1.65288e-06 4.92837e-14 1.00651e-14 3.12966e-05 8.6282e-09 2.66032e-08 4.13991e-07 2.65575e-09 3.80832e-07 0.0681235 5.51189e-11 3.26728e-06 2.79466e-14 4.69465e-07 1.15682e-09 7.83636e-09 3.96881e-08 6.45117e-08 2.47839e-12
0.0222222  336.263 0 0 6.92855e-11 0.00050627 8.92543e-11 0.214156 4.47962e-09 0.00260593 0.712546 1.368e-05 1.31573e-05 0.00121334 0.000288969 3.44024e-05 1.70359e-12 3.60924e-06 1.58716e-13 6.77871e-08 8.40239e-06 4.84406e-05 3.56914e-10 5.31259e-16 0 1.4951e-05 4.2418e-07 7.1822e-12 0.000300771 1.51642e-13 4.11667e-05 1.14164e-06 2.48732e-06 1.39644e-13 3.19924e-14 4.66448e-05 1.4001e-08 4.41526e-08 6.26592e-07 5.88432e-09 6.65153e-07 0.0681452 1.13542e-10 6.23465e-06 1.05581e-13 1.05813e-06 3.66682e-09 2.07841e-08 9.51507e-08 1.17541e-07 5.42072e-12
0.0236111  346.604 0 0 1.37198e-10 0.000543129 1.34837e-10 0.213274 8.29086e-09 0.00328796 0.712018 1.81899e-05 1.68643e-05 0.00157338 0.000406415 4.81273e-05 4.36228e-12 5.10827e-06 4.3157e-13 1.17815e-07 1.24833e-05 6.14519e-05 8.58199e-10 1.1859e-15 4.33681e-19 2.15283e-05 8.42219e-07 1.47137e-11 0.000399524 4.43291e-13 5.56546e-05 1.70281e-06 3.70226e-06 3.92685e-13 1.02116e-13 6.88102e-05 2.30732e-08 7.13749e-08 9.3825e-07 1.3075e-08 1.14411e-06 0.0681662 2.33277e-10 1.16347e-05 4.34131e-13 2.33187e-06 1.11961e-08 5.35556e-08 2.22524e-07 2.1068e-07 1.11446e-11
0.025  359.474 0 0 2.69937e-10 0.000581723 2.11152e-10 0.212159 1.4978e-08 0.00411689 0.711381 2.41488e-05 2.14005e-05 0.0020265 0.000565998 6.65104e-05 1.08157e-11 7.15159e-06 1.13001e-12 2.00899e-07 1.83481e-05 7.74629e-05 2.0323e-09 2.75409e-15 1.95156e-18 3.06744e-05 1.66893e-06 2.9031e-11 0.000526403 1.29223e-12 7.45857e-05 2.50856e-06 5.44315e-06 1.08568e-12 3.2642e-13 0.000100341 3.87216e-08 1.1164e-07 1.38805e-06 2.89043e-08 1.93416e-06 0.0681823 4.77173e-10 2.11657e-05 1.91226e-12 5.00814e-06 3.26912e-08 1.33505e-07 5.05797e-07 3.70673e-07 2.12119e-11
0.0263889  375.299 0 0 5.27747e-10 0.000621906 3.43205e-10 0.210765 2.63228e-08 0.00511091 0.710618 3.19972e-05 2.68519e-05 0.00259027 0.000779605 9.0656e-05 2.59015e-11 9.89116e-06 2.83401e-12 3.35388e-07 2.66157e-05 9.69477e-05 4.7086e-09 6.65895e-15 9.97466e-18 4.31937e-05 3.27322e-06 5.57244e-11 0.000687282 3.74401e-12 9.89817e-05 3.64481e-06 7.89328e-06 2.92937e-12 1.04191e-12 0.00014444 6.625e-08 1.67367e-07 2.02588e-06 6.29751e-08 3.20669e-06 0.0681862 9.69347e-10 3.74134e-05 8.78797e-12 1.04484e-05 9.05921e-08 3.20672e-07 1.11345e-06 6.38732e-07 3.68611e-11
0.0277778  394.505 0 0 1.02481e-09 0.000663495 5.78835e-10 0.209048 4.48886e-08 0.00628578 0.70972 4.22904e-05 3.32736e-05 0.00328304 0.00106087 0.000121691 5.99416e-11 1.34987e-05 6.77348e-12 5.47184e-07 3.80058e-05 0.000120375 1.06105e-08 1.6752e-14 5.09575e-17 6.00374e-05 6.29915e-06 1.05825e-10 0.000888361 1.07478e-11 0.000129947 5.21604e-06 1.12748e-05 7.67601e-12 3.31502e-12 0.000204981 1.15447e-07 2.37101e-07 2.91313e-06 1.3391e-07 5.20328e-06 0.0681651 1.95076e-09 6.40756e-05 4.08346e-11 2.11141e-05 2.36349e-07 7.39597e-07 2.36655e-06 1.07576e-06 5.79995e-11
0.0291667  417.485 0 0 1.97277e-09 0.000706274 1.01115e-09 0.206962 7.42384e-08 0.00765364 0.708677 5.57165e-05 4.06765e-05 0.00412313 0.00142484 0.000160668 1.3483e-10 1.81599e-05 1.53669e-11 8.71309e-07 5.32928e-05 0.000148186 2.31742e-08 4.37404e-14 2.47632e-16 8.22883e-05 1.18008e-05 2.0316e-10 0.0011359 3.05437e-11 0.000168629 7.34446e-06 1.58462e-05 1.95095e-11 1.05159e-11 0.00028647 2.04268e-07 3.10324e-07 4.1224e-06 2.75399e-07 8.24861e-06 0.0680985 3.88419e-09 0.00010609 1.86491e-10 4.12362e-05 5.75346e-07 1.63376e-06 4.84489e-06 1.76795e-06 8.27867e-11
0.0305556  444.583 0 0 3.7487e-09 0.000750016 1.82391e-09 0.204465 1.19372e-07 0.00922234 0.707487 7.31098e-05 4.90165e-05 0.0051281 0.00188751 0.000208452 2.98514e-10 2.4067e-05 3.30233e-11 1.35324e-06 7.32351e-05 0.000180772 4.91854e-08 1.1807e-13 1.1447e-15 0.000111135 2.13842e-05 4.02784e-10 0.00143598 8.61479e-11 0.000216167 1.01681e-05 2.18972e-05 4.82905e-11 3.32702e-11 0.000393964 3.65252e-07 3.61589e-07 5.73635e-06 5.43696e-07 1.2755e-05 0.0679551 7.66275e-09 0.000169568 8.19728e-10 7.77244e-05 1.29247e-06 3.4513e-06 9.54016e-06 2.83229e-06 1.08708e-10
0.0319444  476.068 0 0 6.98745e-09 0.000794493 3.38251e-09 0.201522 1.87887e-07 0.0109953 0.706157 9.54623e-05 5.81884e-05 0.00631418 0.00246531 0.000265633 6.5918e-10 3.14108e-05 6.72934e-11 2.05005e-06 9.84875e-05 0.000218467 1.03184e-07 3.27804e-13 5.08794e-15 0.000147842 3.7321e-05 8.3764e-10 0.00179422 2.40582e-10 0.000273656 1.38388e-05 2.9741e-05 1.17714e-10 1.04587e-10 0.000532937 6.56451e-07 3.54012e-07 7.84595e-06 1.02461e-06 1.92051e-05 0.0676882 1.50694e-08 0.000261383 3.41517e-09 0.000141316 2.63796e-06 6.96808e-06 1.80611e-05 4.42125e-06 1.34543e-10
0.0333333  512.127 0 0 1.27021e-08 0.000839502 6.41406e-09 0.198105 2.93253e-07 0.0129719 0.704704 0.000123937 6.80239e-05 0.00769591 0.00317467 0.000332454 1.44838e-09 4.03744e-05 1.30935e-10 3.03143e-06 0.000129475 0.00026154 2.23057e-07 9.31709e-13 2.27385e-14 0.000193713 6.2591e-05 1.8438e-09 0.00221575 6.4912e-10 0.000342114 1.85214e-05 3.9707e-05 2.8824e-10 3.23715e-10 0.000709154 1.17973e-06 2.72819e-07 1.05484e-05 1.83594e-06 2.80904e-05 0.0672319 3.00204e-08 0.000388158 1.33045e-08 0.000247938 4.77173e-06 1.34391e-05 3.28908e-05 6.72685e-06 1.62031e-10
0.0347222  552.858 0 0 2.25346e-08 0.000884874 1.23867e-08 0.194196 4.63972e-07 0.0151487 0.703159 0.000159894 7.82924e-05 0.00928611 0.00403173 0.000408783 3.14562e-09 5.1129e-05 2.47481e-10 4.37941e-06 0.000166113 0.000310203 5.24521e-07 2.71644e-12 1.09237e-13 0.000250076 0.000100826 4.38298e-09 0.00270515 1.65366e-09 0.000422477 2.43961e-05 5.21357e-05 7.28348e-10 9.81243e-10 0.000928564 2.1107e-06 1.67736e-07 1.39453e-05 3.11855e-06 3.98198e-05 0.0664968 6.38614e-08 0.000554087 4.77854e-08 0.00042024 7.33233e-06 2.46861e-05 5.76915e-05 9.9842e-06 1.97434e-10
0.0361111  598.278 0 0 3.94443e-08 0.000930494 2.43908e-08 0.189787 7.65361e-07 0.0175205 0.701571 0.000204949 8.87032e-05 0.0110962 0.00505224 0.000494106 6.9485e-09 6.38313e-05 4.66917e-10 6.17926e-06 0.000207124 0.000364619 1.35473e-06 8.25636e-12 5.81916e-13 0.000318268 0.000156136 1.25107e-08 0.00326657 4.11719e-09 0.000515608 3.16645e-05 6.73773e-05 1.94311e-09 2.97163e-09 0.00119725 3.74537e-06 9.71514e-08 1.81418e-05 5.00584e-06 5.4687e-05 0.0653673 1.75992e-07 0.000756257 1.55746e-07 0.000689242 8.92473e-06 4.2668e-05 9.76417e-05 1.44759e-05 2.53792e-10
0.0375  648.322 0 0 6.90549e-08 0.000976313 4.90099e-08 0.184882 1.33631e-06 0.0200816 0.700012 0.000261065 9.89033e-05 0.0131366 0.0062517 0.00058752 1.60182e-08 7.86221e-05 8.99429e-10 8.48147e-06 0.000248706 0.000424919 3.61223e-06 2.67782e-11 3.26889e-12 0.000399646 0.000232752 5.71413e-08 0.00390405 1.04653e-08 0.000622331 4.05572e-05 8.57995e-05 5.47411e-09 9.77543e-09 0.00152146 6.56502e-06 6.03395e-08 2.32461e-05 7.55202e-06 7.28151e-05 0.0637027 8.57017e-07 0.000974823 4.51373e-07 0.00109582 7.85432e-06 6.72682e-05 0.00015971 2.05397e-05 3.52846e-10
0.0388889  702.851 0 0 1.21971e-07 0.00102236 9.99302e-08 0.179501 2.44086e-06 0.0228268 0.698586 0.000330618 0.000108465 0.0154178 0.00764573 0.00068767 3.82407e-08 9.56164e-05 1.78261e-09 1.12109e-05 0.000282953 0.000491191 9.21002e-06 9.34347e-11 1.77201e-11 0.000495586 0.000333904 4.43136e-07 0.00462186 2.73544e-08 0.000743486 5.13309e-05 0.000107803 1.59054e-08 4.04276e-08 0.00190775 1.13056e-05 4.02931e-08 2.93714e-05 1.05678e-05 9.39878e-05 0.0613438 6.06304e-06 0.0011544 1.126e-06 0.00169 4.82593e-06 9.20094e-05 0.000252293 2.85773e-05 5.27172e-10
0.0402778  761.638 0 0 2.1791e-07 0.00106875 2.04745e-07 0.173686 4.55118e-06 0.0257532 0.697438 0.000415516 0.000116852 0.0179515 0.00925077 0.000792527 9.27335e-08 0.000114865 3.64132e-09 1.40412e-05 0.000297614 0.000563436 2.1476e-05 3.41111e-10 8.66367e-11 0.000607408 0.000455601 3.8142e-06 0.00542505 7.26637e-08 0.00088001 6.42253e-05 0.000133821 4.62032e-08 2.0231e-07 0.00236334 1.89821e-05 2.82132e-08 3.66373e-05 1.32006e-05 0.000117513 0.0581288 3.85787e-05 0.00117731 2.26204e-06 0.00251736 2.25432e-06 0.000103314 0.000381719 3.89824e-05 8.23648e-10
0.0416667  824.345 0 0 3.93138e-07 0.00111569 4.17038e-07 0.167506 8.2935e-06 0.0288601 0.696762 0.000511894 0.00012336 0.0207514 0.0110849 0.000898906 2.21591e-07 0.000136251 7.54634e-09 1.63371e-05 0.000279864 0.000641448 4.51328e-05 1.22234e-09 3.61976e-10 0.000735907 0.000558324 2.55182e-05 0.00631958 1.89793e-07 0.00103306 7.93251e-05 0.000164102 1.30377e-07 8.64716e-07 0.00289666 3.07585e-05 2.02136e-08 4.51716e-05 1.31197e-05 0.0001422 0.0539173 0.000161466 0.000892075 3.1581e-06 0.0035585 7.94304e-07 8.77e-05 0.000539577 5.14761e-05 1.26257e-09
0.0430556  890.551 0 0 7.16354e-07 0.00116337 8.39386e-07 0.161042 1.41055e-05 0.032148 0.696746 0.000599431 0.000127071 0.0238331 0.013168 0.0010019 5.08793e-07 0.000159288 1.54372e-08 1.72944e-05 0.000225758 0.000724511 8.55071e-05 4.04038e-09 1.24572e-09 0.000879726 0.000532702 0.000107313 0.00730844 4.69262e-07 0.00120404 9.62542e-05 0.000197895 3.51827e-07 2.07019e-06 0.00351538 4.75687e-05 1.44463e-08 5.51061e-05 7.85823e-06 0.000166506 0.0486143 0.000362402 0.000420963 2.57446e-06 0.00462212 1.80854e-07 4.86042e-05 0.000686567 6.28439e-05 1.73177e-09
0.0444444  959.921 0 0 1.32658e-06 0.00121171 1.67466e-06 0.154307 2.26911e-05 0.0356146 0.6975 0.0006503 0.000126992 0.0272104 0.0155204 0.00109489 1.13686e-06 0.000182945 3.14617e-08 1.64161e-05 0.000150029 0.000810892 0.000147016 1.22429e-08 3.64638e-09 0.00103155 0.000345072 0.00026409 0.00837639 1.10402e-06 0.00139456 0.000113746 0.000233293 9.05832e-07 2.09854e-06 0.00421227 6.96991e-05 1.01715e-08 6.65717e-05 2.11471e-06 0.000188888 0.0421979 0.000483014 0.000136355 1.35695e-06 0.00544666 2.89497e-08 1.47111e-05 0.000780885 6.63387e-05 2.06489e-09
0.0458333  1032.16 0 0 2.49662e-06 0.00126023 3.31894e-06 0.14725 3.60134e-05 0.0392528 0.699065 0.000653752 0.000122411 0.0308919 0.0181617 0.00116999 2.50698e-06 0.000205629 6.55284e-08 1.40587e-05 8.09805e-05 0.000897342 0.000232691 3.50712e-08 9.72991e-09 0.00117436 0.000159415 0.00042895 0.00947299 2.52733e-06 0.00160647 0.000129285 0.000270512 2.20885e-06 1.34721e-06 0.00493673 9.66126e-05 7.17892e-09 7.97147e-05 3.5573e-07 0.000208177 0.034795 0.000483293 3.8084e-05 5.84145e-07 0.00593273 4.10526e-09 2.17354e-06 0.000815204 6.02178e-05 2.25746e-09
0.0472222  1106.79 0 0 4.68755e-06 0.00130785 6.48182e-06 0.139832 5.72348e-05 0.0430448 0.701367 0.000617397 0.000113162 0.0348733 0.0211075 0.00121929 5.34514e-06 0.000225199 1.3891e-07 1.11478e-05 3.7308e-05 0.000978646 0.000344483 9.66232e-08 2.46834e-08 0.00128222 6.12849e-05 0.000537638 0.010502 5.58679e-06 0.0018416 0.000139206 0.000312021 5.01401e-06 9.43692e-07 0.00556832 0.000126971 5.19258e-09 9.47252e-05 7.11178e-08 0.000223607 0.0267804 0.000395836 9.90727e-06 2.22865e-07 0.00610801 5.60891e-10 1.64846e-07 0.000801062 5.00575e-05 2.40399e-09
0.0486111  1183.11 0 0 8.54106e-06 0.00135261 1.23213e-05 0.132024 9.06081e-05 0.0469524 0.704154 0.000558406 9.97498e-05 0.0391244 0.0243636 0.00123713 1.06196e-05 0.000239032 2.91137e-07 8.40637e-06 1.64467e-05 0.00104719 0.000478119 2.54612e-07 5.9816e-08 0.00132523 2.15688e-05 0.000555918 0.011313 1.15978e-05 0.00210116 0.000140024 0.000357394 1.04103e-05 7.51271e-07 0.00592909 0.000158692 3.84505e-09 0.000111861 1.90858e-08 0.000234644 0.018829 0.000276444 2.47158e-06 7.78996e-08 0.00604848 7.60706e-11 8.60234e-09 0.000753604 3.96349e-05 2.54609e-09
0.05  1260.24 0 0 1.47584e-05 0.00139182 2.25806e-05 0.123811 0.000141886 0.0509138 0.707034 0.000493123 8.33318e-05 0.0435784 0.0279225 0.00122168 1.90789e-05 0.000244435 5.83643e-07 6.12537e-06 7.63859e-06 0.00109318 0.000617001 6.32068e-07 1.36616e-07 0.00127979 7.1386e-06 0.000483139 0.0117202 2.19923e-05 0.00238403 0.000130831 0.000401569 1.95541e-05 6.53422e-07 0.00585543 0.000188585 2.87412e-09 0.000131396 6.35371e-09 0.000240916 0.0118042 0.000169067 6.00937e-07 2.54465e-08 0.00582718 1.04122e-11 5.81053e-10 0.000685089 3.00362e-05 2.67946e-09
0.0513889  1337.06 0 0 2.39122e-05 0.0014229 3.9698e-05 0.115219 0.000218487 0.0548499 0.70962 0.000430849 6.5568e-05 0.048131 0.0317643 0.00117498 3.05386e-05 0.000239454 1.09075e-06 4.34733e-06 3.78532e-06 0.00110648 0.000735827 1.45638e-06 2.89244e-07 0.00114225 2.24622e-06 0.000359159 0.0115639 3.73028e-05 0.00268319 0.000114384 0.000436023 3.31243e-05 6.29258e-07 0.00528907 0.000211515 2.13431e-09 0.000153322 2.60205e-09 0.000242217 0.00643531 9.00717e-05 1.40452e-07 7.68635e-09 0.00549618 1.42007e-12 6.53005e-11 0.000604115 2.16893e-05 2.7868e-09
0.0527778  1412.11 0 0 3.63224e-05 0.00144421 6.68253e-05 0.106347 0.000328907 0.0586773 0.711685 0.000373468 4.83144e-05 0.0526519 0.0358623 0.00110191 4.35379e-05 0.000223758 1.87233e-06 3.01515e-06 1.95351e-06 0.00107987 0.000812444 3.08237e-06 5.60988e-07 0.000935289 6.87798e-07 0.000235836 0.0107952 5.58759e-05 0.00298031 9.51799e-05 0.000452047 5.07755e-05 6.34319e-07 0.00433214 0.000220808 1.54023e-09 0.000176645 1.228e-09 0.000238471 0.00297383 4.09155e-05 3.0684e-08 2.09324e-09 0.00508987 1.87962e-13 8.74661e-12 0.000517053 1.48469e-05 2.84501e-09
0.0541667  1483.79 0 0 5.20291e-05 0.00145528 0.000107633 0.0973623 0.000481461 0.0623209 0.713217 0.000319297 3.32112e-05 0.0570014 0.0401895 0.00100883 5.58233e-05 0.000199006 2.93378e-06 2.04164e-06 1.03466e-06 0.00101189 0.000835983 5.95902e-06 9.91481e-07 0.000699705 2.12871e-07 0.000143272 0.00951399 7.3653e-05 0.00324139 7.6678e-05 0.000444762 7.09606e-05 5.8032e-07 0.00321128 0.000211501 1.05234e-09 0.000198493 5.75193e-10 0.000229712 0.00113291 1.54459e-05 6.07264e-09 4.99395e-10 0.00463236 2.34387e-14 1.17087e-12 0.000429181 9.59173e-06 2.83042e-09
0.0555556  1550.57 0 0 7.07851e-05 0.0014563 0.000165816 0.0884639 0.000682583 0.0657172 0.714343 0.000267069 2.12943e-05 0.061041 0.0447187 0.000902254 6.52974e-05 0.000168449 4.19119e-06 1.34625e-06 5.59458e-07 0.000907981 0.00080737 1.05027e-05 1.59665e-06 0.000477417 6.94317e-08 8.46553e-05 0.00792602 8.58818e-05 0.00341957 6.0444e-05 0.00041509 9.12196e-05 4.28063e-07 0.00216415 0.000184345 6.67401e-10 0.000213999 2.35887e-10 0.000216116 0.000344996 4.70522e-06 1.05121e-09 1.01084e-10 0.00414323 2.66063e-15 1.46289e-13 0.000345074 5.82986e-06 2.72594e-09
0.0569444  1611.32 0 0 9.20564e-05 0.00144762 0.000244429 0.0798464 0.00093496 0.0688139 0.715209 0.000217297 1.28152e-05 0.0646403 0.0494187 0.000788157 7.06919e-05 0.000135979 5.4681e-06 8.64458e-07 3.07781e-07 0.000779263 0.000736433 1.68833e-05 2.34937e-06 0.000297106 2.46009e-08 5.05326e-05 0.00626013 8.95723e-05 0.00346819 4.68103e-05 0.000368726 0.000108738 2.47642e-07 0.00133833 0.000146287 3.90835e-10 0.000217986 8.1726e-11 0.000198088 8.15563e-05 1.123e-06 1.54166e-10 1.68769e-11 0.00364063 2.6628e-16 1.62789e-14 0.000268496 3.32815e-06 2.52711e-09
0.0583333  1665.37 0 0 0.000115064 0.00142973 0.000345297 0.0716791 0.00123599 0.0715709 0.715914 0.00017157 7.35928e-06 0.0676833 0.0542498 0.000671779 7.16753e-05 0.000105091 6.53691e-06 5.42974e-07 1.71608e-07 0.000639757 0.000637752 2.48035e-05 3.17061e-06 0.000168955 9.52487e-09 3.08539e-05 0.00470299 8.46879e-05 0.00335917 3.56062e-05 0.000313373 0.000120955 1.2346e-07 0.000768251 0.000106647 2.13968e-10 0.000207798 2.60584e-11 0.000176366 1.46903e-05 2.05846e-07 1.92095e-11 2.34637e-12 0.00314219 2.36356e-17 1.60332e-15 0.000202105 1.78464e-06 2.24548e-09
0.0597222  1712.5 0 0 0.000138885 0.00140358 0.000468613 0.0640972 0.00157723 0.0739638 0.716498 0.000131463 4.16625e-06 0.0700793 0.059163 0.000557819 6.8634e-05 7.81792e-05 7.1909e-06 3.36448e-07 9.65654e-08 0.000503091 0.000526542 3.34061e-05 3.93944e-06 8.81413e-05 3.9638e-09 1.90696e-05 0.00337108 7.35427e-05 0.00309585 2.65297e-05 0.000256122 0.000126107 6.49894e-08 0.000414569 7.26023e-05 1.12946e-10 0.000185007 9.29238e-12 0.000152081 2.01363e-06 2.89278e-08 2.4055e-12 3.30084e-13 0.00266428 2.1684e-18 1.6675e-16 0.00014725 9.00474e-07 1.90729e-09
0.0611111  1752.8 0 0 0.000162591 0.00137074 0.000612563 0.0571964 0.00194538 0.0759875 0.716975 9.79332e-05 2.45393e-06 0.0717752 0.0641032 0.000450567 6.24209e-05 5.63407e-05 7.3159e-06 2.08001e-07 5.46439e-08 0.000379856 0.000416012 4.1415e-05 4.52372e-06 4.24448e-05 1.74071e-09 1.17977e-05 0.00231297 5.93653e-05 0.00271292 1.92904e-05 0.000202119 0.000123626 4.07963e-08 0.000213566 4.72372e-05 6.02518e-11 0.000154565 4.15572e-12 0.000126717 2.13384e-07 3.19334e-09 5.29273e-13 8.68251e-14 0.00222066 4.33681e-19 3.33934e-17 0.000103984 4.28961e-07 1.54736e-09
0.0625  1786.65 0 0 0.000185384 0.00133334 0.00077302 0.0510309 0.00232434 0.0776555 0.71735 7.11833e-05 1.60738e-06 0.0727649 0.069013 0.00035372 5.41445e-05 3.95993e-05 6.92657e-06 1.29823e-07 3.1032e-08 0.00027629 0.000315876 4.74948e-05 4.82158e-06 1.90309e-05 8.043e-10 7.3437e-06 0.00152516 4.50465e-05 0.00226434 1.3642e-05 0.000154429 0.000114265 2.85051e-08 0.000107289 3.02354e-05 3.40853e-11 0.000122319 2.16218e-12 0.000101907 1.79664e-08 3.0496e-10 2.35335e-13 4.63076e-14 0.00182133 2.1684e-19 1.40946e-17 7.13221e-05 1.93812e-07 1.20016e-09
0.0638889  1814.63 0 0 0.000206663 0.00129371 0.000943603 0.0456136 0.00269791 0.0789958 0.717628 5.07709e-05 1.22253e-06 0.0730896 0.0738374 0.000269965 4.49647e-05 2.73197e-05 6.14781e-06 8.25252e-08 1.76782e-08 0.000194363 0.000231667 5.06708e-05 4.7941e-06 8.03579e-06 3.9546e-10 4.68596e-06 0.00097143 3.24849e-05 0.00180649 9.36424e-06 0.000114464 9.98805e-05 2.0312e-08 5.41006e-05 1.9617e-05 2.09164e-11 9.27978e-05 1.19249e-12 7.91263e-05 1.24156e-09 3.79755e-11 1.28163e-13 2.96243e-14 0.00147194 0 7.37257e-18 4.76406e-05 8.35032e-08 8.92055e-10
0.0652778  1837.49 0 0 0.000226047 0.00125406 0.00111637 0.0409218 0.00305207 0.0800457 0.717816 3.58164e-05 1.0664e-06 0.0728309 0.0785266 0.000200611 3.58997e-05 1.86034e-05 5.15728e-06 5.35823e-08 1.01104e-08 0.000132829 0.000165055 5.06118e-05 4.47345e-06 3.24298e-06 2.09551e-10 3.12079e-06 0.000601319 2.25101e-05 0.00138426 6.23926e-06 8.24721e-05 8.28939e-05 1.42632e-08 2.8312e-05 1.31884e-05 1.37343e-11 6.83488e-05 6.7028e-13 5.94159e-05 7.27522e-11 1.13733e-11 7.0945e-14 1.92034e-14 0.00117397 0 3.90313e-18 3.10823e-05 3.45066e-08 6.37588e-10
0.0666667  1856.06 0 0 0.000243346 0.00121625 0.00128307 0.0369056 0.0033765 0.0808459 0.717925 2.52409e-05 1.01678e-06 0.0720967 0.0830385 0.000145534 2.76878e-05 1.25583e-05 4.12439e-06 3.54381e-08 5.81403e-09 8.85958e-05 0.000114926 4.7655e-05 3.94433e-06 1.27573e-06 1.19909e-10 2.18109e-06 0.00036424 1.51554e-05 0.00102456 4.04443e-06 5.79173e-05 6.56501e-05 9.78524e-09 1.58168e-05 9.2522e-06 9.35687e-12 4.94537e-05 3.78935e-13 4.32576e-05 3.73229e-12 5.62092e-12 3.91917e-14 1.23733e-14 0.000925572 0 2.1684e-18 1.98685e-05 1.37566e-08 4.4e-10
0.0680556  1871.14 0 0 0.000258515 0.00118164 0.00143651 0.0334979 0.00366501 0.081437 0.717965 1.79717e-05 1.01347e-06 0.0710051 0.0873401 0.000103443 2.074e-05 8.4308e-06 3.1718e-06 2.37443e-08 3.36848e-09 5.79424e-05 7.86801e-05 4.26012e-05 3.31093e-06 5.02714e-07 7.32916e-11 1.58673e-06 0.000217521 1.00232e-05 0.000736867 2.56215e-06 3.97863e-05 4.99167e-05 6.55277e-09 9.54184e-06 6.72824e-06 6.44198e-12 3.55008e-05 2.14384e-13 3.06256e-05 1.77113e-13 3.05385e-12 2.1774e-14 7.92292e-15 0.000722516 0 1.30104e-18 1.24805e-05 5.32046e-09 2.94457e-10
0.0694444  1883.49 0 0 0.000271612 0.00115107 0.00157158 0.0306236 0.00391526 0.0818572 0.717948 1.30756e-05 1.02786e-06 0.0696694 0.0914076 7.23463e-05 1.51766e-05 5.64145e-06 2.36539e-06 1.6035e-08 1.97058e-09 3.73248e-05 5.32686e-05 3.64156e-05 2.66642e-06 2.05992e-07 4.70366e-11 1.18478e-06 0.000129078 6.57911e-06 0.000518061 1.59639e-06 2.68535e-05 3.66823e-05 4.29075e-09 6.16778e-06 5.00913e-06 4.41274e-12 2.54722e-05 1.21142e-13 2.11465e-05 1.06649e-14 1.70457e-12 1.22899e-14 5.04761e-15 0.000559281 0 6.50521e-19 7.72555e-06 2.00659e-09 1.91928e-10
0.0708333  1893.76 0 0 0.000282757 0.0011249 0.00168563 0.028207 0.00412791 0.0821404 0.717887 9.81613e-06 1.0467e-06 0.0681887 0.0952262 5.00098e-05 1.09132e-05 3.76888e-06 1.72397e-06 1.08799e-08 1.1665e-09 2.37829e-05 3.58526e-05 2.99696e-05 2.07577e-06 9.17529e-08 3.11899e-11 8.96466e-07 7.67183e-05 4.3252e-06 0.000358089 9.85803e-07 1.78954e-05 2.62338e-05 2.755e-09 4.1946e-06 3.77502e-06 2.985e-12 1.83567e-05 6.83449e-14 1.42777e-05 2.14694e-15 9.77244e-13 7.10716e-15 3.20317e-15 0.000429885 0 4.33681e-19 4.72437e-06 7.41381e-10 1.22345e-10
0.0722222  1902.46 0 0 0.000292104 0.00110311 0.00177822 0.026177 0.00430565 0.0823162 0.717792 7.65207e-06 1.06399e-06 0.0666425 0.0987888 3.43167e-05 7.75564e-06 2.51707e-06 1.23647e-06 7.40837e-09 7.00007e-10 1.50485e-05 2.40971e-05 2.38976e-05 1.573e-06 4.60492e-08 2.11202e-11 6.81497e-07 4.6024e-05 2.86845e-06 0.00024461 6.08294e-07 1.18337e-05 1.83801e-05 1.74009e-09 2.9472e-06 2.8581e-06 1.98793e-12 1.33214e-05 3.85141e-14 9.44649e-06 1.03758e-15 5.77898e-13 4.23381e-15 2.02702e-15 0.00032849 0 2.1684e-19 2.86028e-06 2.69435e-10 7.6556e-11
0.0736111  1909.99 0 0 0.000299823 0.00108544 0.00185061 0.0244696 0.00445228 0.0824097 0.717673 6.20672e-06 1.07729e-06 0.0650908 0.102095 2.34647e-05 5.47576e-06 1.68224e-06 8.77705e-07 5.063e-09 4.26382e-10 9.48775e-06 1.62303e-05 1.85677e-05 1.16739e-06 2.62202e-08 1.44956e-11 5.18014e-07 2.80574e-05 1.92824e-06 0.000165872 3.77975e-07 7.8007e-06 1.26917e-05 1.0844e-09 2.11094e-06 2.16475e-06 1.30204e-12 9.74292e-06 2.1694e-14 6.13398e-06 5.89806e-16 3.52979e-13 2.60252e-15 1.28066e-15 0.000249778 0 2.1684e-19 1.71729e-06 9.66458e-11 4.71694e-11
0.075  1916.64 0 0 0.000306088 0.00107145 0.00190501 0.0230291 0.00457201 0.0824417 0.717539 5.22768e-06 1.08587e-06 0.0635756 0.105151 1.60329e-05 3.85816e-06 1.12577e-06 6.1928e-07 3.47417e-09 2.6371e-10 5.97536e-06 1.09795e-05 1.41242e-05 8.52675e-07 1.65367e-08 1.00377e-11 3.92757e-07 1.74659e-05 1.31649e-06 0.000112044 2.37931e-07 5.14456e-06 8.67965e-06 6.68293e-10 1.52821e-06 1.63681e-06 8.38313e-13 7.17815e-06 1.22183e-14 3.91162e-06 3.52149e-16 2.22284e-13 1.6482e-15 8.08381e-16 0.000189119 0 0 1.02327e-06 3.42925e-11 2.86762e-11
0.0763889  1922.62 0 0 0.000311067 0.00106062 0.0019441 0.0218086 0.00466899 0.0824293 0.717396 4.55006e-06 1.08988e-06 0.0621246 0.107964 1.09606e-05 2.7221e-06 7.54054e-07 4.35293e-07 2.39254e-09 1.65418e-10 3.7612e-06 7.46314e-06 1.0559e-05 6.15054e-07 1.1148e-08 6.99114e-12 2.96662e-07 1.11171e-05 9.11954e-07 7.55263e-05 1.52126e-07 3.40033e-06 5.89711e-06 4.07315e-10 1.1122e-06 1.23409e-06 5.29808e-13 5.3196e-06 6.86994e-15 2.44669e-06 2.17491e-16 1.43707e-13 1.07097e-15 5.09792e-16 0.00014262 0 0 6.04161e-07 1.19749e-11 1.71929e-11
0.0777778  1928.09 0 0 0.000314922 0.00105244 0.00197057 0.0207687 0.00474703 0.0823862 0.717249 4.0672e-06 1.08981e-06 0.0607545 0.110546 7.48515e-06 1.92634e-06 5.03963e-07 3.04594e-07 1.64885e-09 1.04793e-10 2.35544e-06 5.08393e-06 7.78059e-06 4.38811e-07 7.78145e-09 4.88247e-12 2.22963e-07 7.19631e-06 6.3789e-07 5.07395e-05 9.8396e-08 2.24762e-06 3.98008e-06 2.43771e-10 8.10219e-07 9.26707e-07 3.26791e-13 3.95527e-06 3.82355e-15 1.49143e-06 1.37911e-16 9.47788e-14 7.09719e-16 3.19406e-16 0.000107078 0 0 3.50103e-07 3.80995e-12 1.00784e-11
0.0805556  1937.84 0 0 0.000319707 0.00104249 0.00199309 0.0191322 0.00485641 0.0822411 0.716958 3.47107e-06 1.07951e-06 0.0582831 0.11506 3.70537e-06 1.03482e-06 2.3902e-07 1.57193e-07 8.35367e-10 4.60953e-11 1.01184e-06 2.52945e-06 4.22294e-06 2.28647e-07 4.12716e-09 2.46121e-12 1.2721e-07 3.44145e-06 3.36532e-07 2.43779e-05 4.63215e-08 1.0624e-06 1.91605e-06 9.40926e-11 4.41732e-07 5.29174e-07 1.27218e-13 2.26465e-06 1.30364e-15 5.66523e-07 6.1149e-17 4.47086e-14 3.37621e-16 1.35525e-16 6.10237e-05 0 0 1.27228e-07 5.89926e-13 3.71419e-12
0.0833333  1946.53 0 0 0.000321595 0.0010378 0.0019904 0.0179012 0.004924 0.0820751 0.71669 3.11078e-06 1.06057e-06 0.056176 0.118821 1.88679e-06 5.96597e-07 1.16309e-07 8.27977e-08 4.35364e-10 2.13894e-11 4.5376e-07 1.30108e-06 2.27151e-06 1.19692e-07 2.23816e-09 1.25695e-12 7.20724e-08 1.76083e-06 1.82994e-07 1.20884e-05 2.31008e-08 5.23365e-07 9.47661e-07 3.64456e-11 2.41647e-07 3.00911e-07 4.78205e-14 1.31194e-06 4.55365e-16 2.0537e-07 2.88398e-17 2.20997e-14 1.68051e-16 5.91974e-17 3.46231e-05 0 0 4.59689e-08 9.27721e-14 1.35025e-12
0.0861111  1954.43 0 0 0.000321374 0.00103599 0.00197267 0.0169513 0.00496377 0.0819207 0.716452 2.86964e-06 1.03676e-06 0.0544019 0.121944 9.8689e-07 3.76295e-07 5.81782e-08 4.45244e-08 2.32566e-10 1.03722e-11 2.13396e-07 6.88536e-07 1.22323e-06 6.33969e-08 1.22412e-09 6.49178e-13 4.06546e-08 9.42353e-07 1.01383e-07 6.19852e-06 1.19874e-08 2.68206e-07 4.83636e-07 1.43252e-11 1.32482e-07 1.70694e-07 1.76196e-14 7.6559e-07 1.63931e-16 7.12569e-08 1.40946e-17 1.12605e-14 8.63025e-17 2.66714e-17 1.95923e-05 0 0 1.65609e-08 1.52779e-14 4.86984e-13
0.0888889  1961.73 0 0 0.000319641 0.00103554 0.00194626 0.0161997 0.00498497 0.081794 0.716246 2.69422e-06 1.01056e-06 0.0529174 0.124534 5.28325e-07 2.62039e-07 2.98783e-08 2.43854e-08 1.26737e-10 5.2068e-12 1.05053e-07 3.72711e-07 6.63563e-07 3.40794e-08 6.72076e-10 3.38453e-13 2.28734e-08 5.18169e-07 5.67957e-08 3.27813e-06 6.37617e-09 1.42165e-07 2.54396e-07 5.76835e-12 7.27472e-08 9.67024e-08 6.49394e-15 4.48727e-07 6.1149e-17 2.37187e-08 6.93889e-18 5.85469e-15 4.51028e-17 1.25767e-17 1.10704e-05 0 0 5.96024e-09 2.77144e-15 1.74893e-13
0.0916667  1968.53 0 0 0.000316836 0.00103548 0.00191506 0.0155902 0.00499366 0.0817014 0.716073 2.55822e-06 9.83525e-07 0.0516777 0.126684 2.88173e-07 2.00485e-07 1.57021e-08 1.35511e-08 7.01088e-11 2.68308e-12 5.37896e-08 2.05189e-07 3.63542e-07 1.85896e-08 3.69768e-10 1.77825e-13 1.28492e-08 2.8932e-07 3.20191e-08 1.7787e-06 3.44111e-09 7.73832e-08 1.37297e-07 2.39759e-12 3.99904e-08 5.47412e-08 2.4568e-15 2.63614e-07 2.38524e-17 7.58847e-09 3.68629e-18 3.08651e-15 2.38524e-17 6.07153e-18 6.24971e-06 0 0 2.14549e-09 5.89155e-16 6.2692e-14
0.0944444  1974.92 0 0 0.000313284 0.0010353 0.00188141 0.0150845 0.00499386 0.0816432 0.715927 2.44768e-06 9.5655e-07 0.0506416 0.128471 1.59244e-07 1.65772e-07 8.39739e-09 7.60137e-09 3.91482e-11 1.4077e-12 2.83663e-08 1.14181e-07 2.00881e-07 1.02552e-08 2.03538e-10 9.39366e-14 7.20457e-09 1.62704e-07 1.80946e-08 9.83001e-07 1.87057e-09 4.29035e-08 7.54968e-08 1.03294e-12 2.19789e-08 3.09417e-08 9.79902e-16 1.54835e-07 9.75782e-18 2.33604e-09 1.95156e-18 1.6417e-15 1.27936e-17 3.03577e-18 3.52308e-06 0 0 7.72577e-10 1.51571e-16 2.24501e-14
0.0972222  1980.95 0 0 0.000309224 0.00103471 0.00184674 0.0146556 0.00498822 0.0816172 0.715806 2.35455e-06 9.30149e-07 0.0497729 0.129963 8.8184e-08 1.45039e-07 4.51579e-09 4.25903e-09 2.18334e-11 7.42639e-13 1.51583e-08 6.3524e-08 1.10918e-07 5.66252e-09 1.11431e-10 4.95665e-14 4.01195e-09 9.12033e-08 1.01727e-08 5.46322e-07 1.01406e-09 2.39188e-08 4.17619e-08 4.5894e-13 1.20062e-08 1.73696e-08 4.17418e-16 9.0304e-08 4.11997e-18 6.86037e-10 8.67362e-19 8.74084e-16 6.93889e-18 1.51788e-18 1.97306e-06 0 0 2.76127e-10 4.55365e-17 7.97257e-15
0.1  1986.66 0 0 0.000304832 0.0010336 0.0018119 0.0142842 0.00497852 0.0816195 0.715705 2.27383e-06 9.04592e-07 0.0490406 0.131217 4.7245e-08 1.31652e-07 2.34736e-09 2.30121e-09 1.17455e-11 3.79855e-13 7.8494e-09 3.41132e-08 5.90036e-08 3.01716e-09 5.893e-11 2.53803e-14 2.15954e-09 4.93433e-08 5.52352e-09 2.94379e-07 5.30879e-10 1.29327e-08 2.23951e-08 1.99377e-13 6.33038e-09 9.42136e-09 1.80845e-16 5.09456e-08 1.73472e-18 1.6017e-10 4.33681e-19 4.52329e-16 3.46945e-18 8.67362e-19 1.06884e-06 0 0 8.79743e-11 1.32273e-17 2.5225e-15
0.108333  2002.17 0 0 0.000290448 0.00102695 0.00170957 0.0134288 0.00493258 0.0817705 0.715506 2.08477e-06 8.33594e-07 0.0475023 0.133829 1.10992e-08 1.12812e-07 5.14405e-10 5.42622e-10 2.72796e-12 7.78633e-14 1.74723e-09 7.90874e-09 1.35647e-08 6.94015e-10 1.26809e-11 5.01205e-15 4.82808e-10 1.14239e-08 1.27748e-09 6.97803e-08 1.11949e-10 3.09375e-09 5.25378e-09 3.30059e-14 1.34608e-09 2.15511e-09 3.29597e-17 1.28914e-08 2.1684e-19 9.09698e-12 0 9.21572e-17 6.50521e-19 2.1684e-19 2.43096e-07 0 0 8.74547e-12 1.30104e-18 2.4503e-16
0.116667  2015.86 0 0 0.000276053 0.00101692 0.00161497 0.0127743 0.0048761 0.0820359 0.715395 1.93841e-06 7.71193e-07 0.046505 0.135503 2.74032e-09 1.02125e-07 1.12634e-10 1.25864e-10 6.2433e-13 1.60661e-14 3.89362e-10 1.8101e-09 3.08335e-09 1.58017e-10 2.70284e-12 9.95514e-16 1.0659e-10 2.60684e-09 2.9062e-10 1.6475e-08 2.34132e-11 7.38662e-10 1.22862e-09 5.76405e-15 2.82177e-10 4.85385e-10 6.50521e-18 3.21429e-09 0 4.43208e-13 0 1.88651e-17 2.1684e-19 0 5.46288e-08 0 0 8.54703e-13 2.1684e-19 2.34188e-17
0.129167  2033.76 0 0 0.000255812 0.000998586 0.00148824 0.0120027 0.00478306 0.0825249 0.715313 1.76609e-06 6.91192e-07 0.045549 0.137082 6.28663e-10 9.08646e-08 1.62637e-11 1.92973e-11 9.44711e-14 2.12569e-15 5.79663e-11 2.73101e-10 4.63657e-10 2.37524e-11 3.65423e-13 1.22732e-16 1.50005e-11 3.88967e-10 4.27422e-11 2.60294e-09 3.09923e-12 1.18877e-10 1.91753e-10 6.31006e-16 3.7002e-11 7.00714e-11 8.67362e-19 5.34411e-10 0 1.28183e-14 0 2.38524e-18 0 0 7.88237e-09 0 0 5.01747e-14 0 1.30104e-18
0.141667  2049.3 0 0 0.000237817 0.000979443 0.00137758 0.0113637 0.00468714 0.0830231 0.715274 1.62745e-06 6.24e-07 0.0448704 0.138184 3.01792e-10 8.20182e-08 2.35333e-12 2.94178e-12 1.47859e-14 2.85145e-16 8.64608e-12 4.10597e-11 6.89885e-11 3.54217e-12 5.01587e-14 1.56125e-17 2.13411e-12 5.80523e-11 6.29159e-12 4.10403e-10 4.14642e-13 1.91111e-11 2.98477e-11 7.22079e-17 4.89313e-12 1.01573e-11 2.1684e-19 8.83665e-11 0 5.91974e-16 0 2.1684e-19 0 0 1.15004e-09 0 0 3.00541e-15 0 0
0.160417  2069.19 0 0 0.000214866 0.000951821 0.00123676 0.0105568 0.00454469 0.0837152 0.715245 1.46094e-06 5.4183e-07 0.0440786 0.139455 2.40595e-10 7.14946e-08 2.17073e-13 2.94981e-13 2.02421e-15 2.36356e-17 8.38772e-13 3.95642e-12 6.54004e-12 3.35899e-13 4.21299e-15 1.0842e-18 1.86387e-13 5.47823e-12 5.76119e-13 4.18538e-11 3.37588e-14 2.00234e-12 2.98805e-12 4.77049e-18 3.8701e-13 9.05467e-13 0 9.39794e-12 0 2.84061e-17 0 0 0 0 1.04046e-10 0 0 1.07119e-16 0 0
0.179167  2086.04 0 0 0.000195835 0.000926637 0.001119 0.00986418 0.00440672 0.0843227 0.715225 1.32738e-06 4.75992e-07 0.0433976 0.140541 2.27111e-10 6.31697e-08 2.02982e-14 3.71012e-14 7.25331e-16 2.1684e-18 8.28181e-14 3.94606e-13 6.05443e-13 3.14145e-14 3.83808e-16 0 1.76491e-14 5.3773e-13 5.56727e-14 4.28947e-12 2.90263e-15 2.10818e-13 2.99436e-13 4.33681e-19 3.29216e-14 8.65024e-14 0 1.03388e-12 0 1.95156e-18 0 0 0 0 1.02113e-11 0 0 4.33681e-18 0 0
0.235417  2122.91 0 0 0.000156127 0.000867166 0.000869118 0.00828673 0.00404643 0.0856786 0.71517 1.05624e-06 3.45425e-07 0.0417307 0.143194 2.06836e-10 4.67728e-08 8.65844e-16 7.75963e-15 4.11129e-16 0 4.32987e-15 2.09372e-14 1.75914e-14 9.32414e-16 9.32414e-18 0 4.62087e-16 1.62515e-14 1.55214e-15 1.45268e-13 6.35342e-17 7.5558e-15 9.55768e-15 0 6.73723e-16 2.28745e-15 0 3.82366e-14 0 0 0 0 0 0 2.92545e-13 0 0 0 0 0
0.319792  2163.48 0 0 0.000121285 0.00081355 0.000640403 0.00658768 0.00362969 0.087196 0.715055 8.12096e-07 2.34119e-07 0.0401187 0.145837 1.89313e-10 3.34462e-08 2.43729e-16 4.87848e-15 2.69099e-16 0 1.43332e-15 6.65874e-15 9.49327e-16 5.96311e-17 2.1684e-19 0 8.23994e-18 3.50631e-16 2.97071e-17 3.7895e-15 8.67362e-19 2.14455e-16 2.31152e-16 0 8.67362e-18 4.05492e-17 0 1.04192e-15 0 0 0 0 0 0 5.90001e-15 0 0 0 0 0
0.446354  2163.48 0 0 0.000121285 0.00081355 0.000640403 0.00658768 0.00362969 0.087196 0.715055 8.12096e-07 2.34119e-07 0.0401187 0.145837 1.89313e-10 3.34462e-08 2.43729e-16 4.87848e-15 2.69099e-16 0 1.43332e-15 6.65874e-15 9.49327e-16 5.96311e-17 2.1684e-19 0 8.23994e-18 3.50631e-16 2.97071e-17 3.7895e-15 8.67362e-19 2.14455e-16 2.31152e-16 0 8.67362e-18 4.05492e-17 0 1.04192e-15 0 0 0 0 0 0 5.90001e-15 0 0 0 0 0
