TITLE="Graphics"
VARIABLES= "x", "T", "Y_H", "Y_H2", "Y_O", "Y_O2", "Y_OH", "Y_H2O", "Y_N2", "Y_HO2", "Y_H2O2", "Y_CO", "Y_CO2", "Y_CH2O", "Y_HCO", "Y_CH3OH", "Y_CH2OH", "Y_CH3O", "Y_CH3O2", "Y_CH4", "Y_CH3", "Y_CH2", "Y_CH2(S)", "Y_C2H6", "Y_C2H5O2", "Y_C2H5", "Y_C2H4", "Y_C2H3", "Y_C2H2", "Y_CH2CHO", "Y_CH2CO", "Y_HCCO", "Y_NC3H7", "Y_C3H6", "Y_C3H5-A", "Y_C3H5O", "Y_C3H4-A", "Y_NC3H7O2", "Y_C2H3CHO", "Y_NC7H16", "Y_C7H15", "Y_C7H15O2", "Y_C7H14OOH", "Y_C7H14", "Y_C7H14OOHO2", "Y_NC7KET", "Y_C7H14O", "Y_NC3H7CHO", "Y_NC3H7CO"
-0.213631  700 0 0 0 0.218435 0 0 0.719386 0 0 0 0 0 0 0 0 0 0 0 0 0 0 0 0 0 0 0 0 0 0 0 0 0 0 0 0 0 0 0.0621786 0 0 0 0 0 0 0 0 0
-0.173585  700 0 -1.12997e-08 0 0.218435 4.42636e-15 9.28699e-13 0.719386 7.23954e-12 2.92542e-14 -7.9374e-14 -2.38524e-18 -3.14419e-17 0 -6.50521e-19 0 0 7.95781e-14 -4.8852e-15 8.30065e-16 0 0 -1.21431e-17 1.56583e-14 1.21431e-17 -1.16025e-14 0 -6.9866e-16 0 7.1823e-14 0 1.73472e-17 2.94903e-15 -4.33681e-19 0 -6.50521e-19 1.44656e-14 0 0.0621786 4.56031e-14 1.31154e-11 1.23332e-14 5.67957e-12 6.61665e-14 6.01287e-12 1.44908e-12 1.10068e-13 0
-0.146889  700 0 1.27061e-07 0 0.218435 6.41175e-15 2.55708e-12 0.719386 1.30677e-11 8.58571e-14 -1.52697e-14 -6.50521e-19 2.42861e-17 0 -2.1684e-19 0 0 3.44068e-13 -6.75458e-16 2.01011e-15 0 0 -3.68629e-18 2.79243e-14 2.01662e-17 9.88272e-15 0 -1.65883e-16 0 3.10119e-13 0 2.62377e-17 6.49654e-15 0 0 -2.1684e-19 2.40912e-14 0 0.0621786 6.32838e-14 1.83561e-11 1.72614e-14 1.26735e-11 9.28431e-14 1.29783e-11 3.23822e-12 5.06896e-13 0
-0.129091  700 0 6.33782e-07 0 0.218435 7.46907e-15 3.38521e-12 0.719386 1.72464e-11 1.39277e-13 -8.5505e-14 -2.1684e-18 3.25261e-17 0 -6.50521e-19 0 0 6.35261e-13 -5.79051e-15 3.02883e-15 0 0 -1.10589e-17 3.6599e-14 2.55872e-17 -1.44372e-15 0 -6.9931e-16 0 5.72208e-13 0 3.20924e-17 9.26494e-15 -2.1684e-19 0 -6.50521e-19 3.0498e-14 0 0.0621787 7.19711e-14 2.09255e-11 1.96774e-14 1.83058e-11 1.05914e-13 1.8351e-11 4.67927e-12 9.47432e-13 0
-0.117225  700 0 1.50459e-06 0 0.218435 8.09444e-15 5.16742e-12 0.719385 2.01498e-11 1.85384e-13 4.27527e-14 -2.1684e-19 9.93129e-17 0 0 0 0 8.84754e-13 5.53377e-15 3.8049e-15 0 0 -2.1684e-18 4.25467e-14 2.94903e-17 2.86778e-14 0 1.3249e-16 0 7.96661e-13 0 3.59955e-17 1.13386e-14 0 0 -2.1684e-19 3.47645e-14 0 0.0621788 7.68357e-14 2.23619e-11 2.10283e-14 2.24178e-11 1.13217e-13 2.21628e-11 5.73169e-12 1.32617e-12 0
-0.10536  700 2.1684e-19 3.21093e-06 2.1684e-19 0.218435 8.66538e-15 5.41684e-11 0.719383 2.30294e-11 2.17441e-13 -1.35042e-12 -9.97466e-18 -6.20164e-17 0 -3.46945e-18 0 0 1.17998e-12 -2.71329e-13 4.65231e-15 0 0 -4.05492e-17 4.85965e-14 3.31766e-17 -2.00917e-13 0 -5.72415e-15 -2.1684e-19 1.06221e-12 0 3.98986e-17 1.33409e-14 -8.67362e-19 0 -1.73472e-18 3.90274e-14 0 0.062179 8.10812e-14 2.36136e-11 2.22053e-14 2.67684e-11 1.19577e-13 2.60978e-11 6.84511e-12 1.77519e-12 0
-0.0974501  700 2.1684e-19 5.2581e-06 2.1684e-19 0.218434 9.02815e-15 1.43154e-09 0.719381 2.55834e-11 3.63468e-13 6.90176e-12 1.56125e-17 5.56196e-16 0 6.07153e-18 0 0 1.40306e-12 3.45816e-12 5.2573e-15 0 0 4.59702e-17 5.26799e-14 3.57787e-17 8.95406e-13 0 1.65308e-14 6.50521e-19 1.26274e-12 0 4.25007e-17 1.51372e-14 6.50521e-19 0 1.0842e-18 4.18673e-14 0 0.0621793 8.37054e-14 2.43858e-11 2.29313e-14 2.97952e-11 1.23497e-13 2.87822e-11 7.6199e-12 2.11478e-12 0
-0.0895399  700 4.33681e-19 8.43434e-06 4.33681e-19 0.218434 9.36924e-15 7.7295e-09 0.719378 3.24528e-11 1.40047e-12 8.19525e-11 -7.15118e-15 3.01753e-14 0 1.03368e-15 0 0 1.64467e-12 2.67094e-11 5.88982e-15 0 0 -2.31694e-15 5.67914e-14 3.83808e-17 1.35526e-11 0 3.89677e-13 -1.40946e-17 1.48198e-12 0 4.51028e-17 1.17415e-14 -2.12504e-17 0 -3.49113e-17 4.47058e-14 0 0.0621797 8.61067e-14 2.50885e-11 2.35922e-14 3.29062e-11 1.27056e-13 3.14938e-11 8.41615e-12 2.48685e-12 0
-0.0842665  700 6.50521e-19 1.15251e-05 1.30104e-18 0.218434 9.61536e-15 2.44324e-08 0.719375 5.84148e-11 6.62293e-12 4.69509e-10 1.10316e-12 8.59481e-13 0 6.37186e-14 0 0 1.86224e-12 1.09828e-10 6.3892e-15 0 0 3.32796e-14 5.95661e-14 4.01155e-17 9.62861e-11 0 3.90725e-12 1.37477e-16 1.64126e-12 0 4.68375e-17 5.68005e-14 1.48969e-16 0 2.17057e-16 4.65973e-14 0 0.0621801 8.79507e-14 2.56158e-11 2.40882e-14 3.50345e-11 1.29707e-13 3.3325e-11 8.96093e-12 2.75322e-12 0
-0.0789931  700 8.67362e-19 1.56568e-05 4.98733e-18 0.218433 9.91199e-15 6.60776e-08 0.719371 1.40512e-10 2.3805e-11 1.74742e-09 6.75207e-12 4.64573e-12 0 3.6402e-13 0 0 2.30072e-12 3.47866e-10 7.18978e-15 0 0 2.49551e-13 6.25444e-14 4.2067e-17 3.90108e-10 0 1.76173e-11 1.34788e-15 1.82289e-12 0 4.85723e-17 3.71687e-13 1.44502e-15 0 2.25557e-15 4.84879e-14 -2.1684e-19 0.0621806 9.04251e-14 2.62954e-11 2.47272e-14 3.72096e-11 1.33075e-13 3.51753e-11 9.51744e-12 3.03436e-12 0
-0.0754774  700 1.30104e-18 1.91844e-05 1.64799e-17 0.218433 1.025e-14 1.28392e-07 0.719367 2.97621e-10 5.71858e-11 4.23043e-09 2.33467e-11 1.46702e-11 0 1.19665e-12 0 0 3.29431e-12 7.53046e-10 8.64499e-15 0 0 1.0036e-12 6.6693e-14 4.46691e-17 1.00249e-09 0 4.88279e-11 6.96665e-15 2.00301e-12 0 4.98733e-17 1.65051e-12 7.07529e-15 0 1.16435e-14 4.9748e-14 1.88651e-17 0.0621811 9.37056e-14 2.71699e-11 2.55494e-14 3.87213e-11 1.37368e-13 3.64546e-11 9.90388e-12 3.23045e-12 0
-0.0719618  700 2.1684e-18 2.34621e-05 5.29091e-17 0.218432 1.08336e-14 2.40382e-07 0.719362 6.26949e-10 1.27532e-10 9.46355e-09 6.68401e-11 3.96416e-11 0 3.31883e-12 0 0 5.8528e-12 1.54238e-09 1.21671e-14 0 0 3.13994e-12 7.78787e-14 5.18249e-17 2.34576e-09 0 1.20697e-10 2.5294e-14 2.31763e-12 0 5.09575e-17 5.51316e-12 2.45179e-14 0 4.13706e-14 5.10089e-14 1.19262e-16 0.0621817 9.97496e-14 2.87588e-11 2.70435e-14 4.0323e-11 1.45132e-13 3.78099e-11 1.03127e-11 3.43399e-12 0
-0.0684462  700 4.55365e-18 2.86494e-05 1.70437e-16 0.218431 1.19596e-14 4.41655e-07 0.719357 1.31842e-09 2.75781e-10 2.04929e-08 1.80834e-10 1.01847e-10 0 8.72781e-12 0 4.33681e-19 1.27903e-11 3.08013e-09 2.14663e-14 0 0 9.19264e-12 1.1789e-13 7.69784e-17 5.2923e-09 0 2.86191e-10 8.55375e-14 3.02969e-12 0 5.20417e-17 1.71833e-11 7.85583e-14 0 1.35505e-13 5.22755e-14 6.41848e-16 0.0621824 1.11646e-13 3.18607e-11 2.99604e-14 4.21006e-11 1.60247e-13 3.93249e-11 1.07653e-11 3.64614e-12 0
-0.0649306  700.001 1.23599e-17 3.49399e-05 5.53377e-16 0.218431 1.43104e-14 8.03394e-07 0.71935 2.77143e-09 5.88211e-10 4.37388e-08 4.79613e-10 2.56803e-10 0 2.25144e-11 0 1.95156e-18 3.19965e-11 6.07596e-09 4.69002e-14 0 0 2.63415e-11 2.76376e-13 1.75858e-16 1.17558e-08 0 6.67288e-10 2.83996e-13 4.93187e-12 0 5.33427e-17 5.24457e-11 2.45986e-13 0 4.33596e-13 5.35793e-14 3.36428e-15 0.0621832 1.35918e-13 3.81596e-11 3.58836e-14 4.42375e-11 1.90873e-13 4.11705e-11 1.13063e-11 3.86962e-12 0
-0.0625868  700.001 2.90566e-17 3.9877e-05 1.28955e-15 0.21843 1.75407e-14 1.20478e-06 0.719345 4.62979e-09 9.88731e-10 7.3541e-08 9.47874e-10 4.88467e-10 0 4.35686e-11 0 6.93889e-18 6.39064e-11 9.65137e-09 8.87229e-14 0 0 5.52404e-11 6.53014e-13 4.10479e-16 2.0351e-08 0 1.19719e-09 6.69479e-13 8.18919e-12 0 5.42101e-17 1.1556e-10 5.52775e-13 0 9.91145e-13 5.45803e-14 1.1547e-14 0.0621839 1.67816e-13 4.64586e-11 4.36877e-14 4.61321e-11 2.31277e-13 4.28489e-11 1.17832e-11 4.02916e-12 0
-0.0602431  700.002 6.93889e-17 4.54902e-05 2.89222e-15 0.218429 2.3108e-14 1.7945e-06 0.719339 7.64202e-09 1.63886e-09 1.21922e-07 1.81455e-09 9.04577e-10 0 8.19027e-11 0 2.25514e-17 1.2523e-10 1.51786e-08 1.68942e-13 0 0 1.11194e-10 1.54329e-12 9.64723e-16 3.46512e-08 0 2.10523e-09 1.48599e-12 1.46367e-11 0 5.55112e-17 2.42304e-10 1.17753e-12 0 2.1404e-12 5.58852e-14 3.32252e-14 0.0621846 2.20356e-13 6.01388e-11 5.65522e-14 4.86489e-11 2.97895e-13 4.51227e-11 1.24138e-11 4.20174e-12 0
-0.0578993  700.003 1.69569e-16 5.18723e-05 6.41934e-15 0.218428 3.28463e-14 2.66094e-06 0.719331 1.25249e-08 2.69415e-09 2.00463e-07 3.41865e-09 1.65198e-09 0 1.517e-10 0 7.26415e-17 2.43158e-10 2.37234e-08 3.23058e-13 0 0 2.19532e-10 3.65078e-12 2.27639e-15 5.84432e-08 0 3.66129e-09 3.21956e-12 2.74818e-11 0 5.74627e-17 4.96829e-10 2.4498e-12 0 4.50934e-12 5.80647e-14 9.06551e-14 0.0621855 3.07038e-13 8.27136e-11 7.77817e-14 5.22019e-11 4.07816e-13 4.83868e-11 1.32999e-11 4.39655e-12 0
-0.0555556  700.005 4.20454e-16 5.91288e-05 1.42004e-14 0.218427 5.01964e-14 3.93394e-06 0.719323 2.04405e-08 4.40706e-09 3.27971e-07 6.38765e-09 2.99446e-09 0 2.78785e-10 0 2.3332e-16 4.70028e-10 3.69331e-08 6.19238e-13 0 0 4.29298e-10 8.64326e-12 5.38285e-15 9.80278e-08 0 6.32785e-09 6.90401e-12 5.31597e-11 0 6.17995e-17 1.00797e-09 5.04075e-12 2.1684e-19 9.39242e-12 6.27621e-14 2.42792e-13 0.0621865 4.50863e-13 1.2018e-10 1.13016e-13 5.75089e-11 5.90203e-13 5.33191e-11 1.4617e-11 4.63329e-12 0
-0.0539931  700.007 7.99274e-16 6.45189e-05 2.46003e-14 0.218426 6.96802e-14 5.11448e-06 0.719316 2.84491e-08 6.14201e-09 4.57139e-07 9.7705e-09 4.48323e-09 0 4.21459e-10 0 5.37981e-16 7.37758e-10 4.97464e-08 9.68102e-13 0 0 6.78251e-10 1.57708e-11 9.81767e-15 1.39015e-07 0 9.16283e-09 1.16659e-11 8.45806e-11 0 6.85216e-17 1.63503e-09 8.26003e-12 6.50521e-19 1.5527e-11 6.99198e-14 4.83589e-13 0.0621872 6.01378e-13 1.59428e-10 1.49929e-13 6.27514e-11 7.81329e-13 5.82269e-11 1.59131e-11 4.83954e-12 0
-0.0524306  700.01 1.5014e-15 7.03904e-05 4.21228e-14 0.218425 9.88064e-14 6.63757e-06 0.719309 3.94631e-08 8.52988e-09 6.34941e-07 1.4834e-08 6.66963e-09 2.1684e-19 6.3281e-10 0 1.19284e-15 1.14845e-09 6.68347e-08 1.5031e-12 0 0 1.06162e-09 2.81992e-11 1.75508e-14 1.96335e-07 2.1684e-19 1.32033e-08 1.94472e-11 1.34017e-10 0 8.08815e-17 2.62294e-09 1.33762e-11 1.51788e-18 2.53498e-11 8.33699e-14 9.32013e-13 0.062188 8.1395e-13 2.14879e-10 2.02082e-13 6.99474e-11 1.05134e-12 6.49792e-11 1.76868e-11 5.11011e-12 0
-0.0508681  700.014 2.81416e-15 7.67864e-05 7.17523e-14 0.218423 1.4274e-13 8.60261e-06 0.719301 5.46104e-08 1.18164e-08 8.79692e-07 2.24132e-08 9.88054e-09 4.33681e-19 9.45899e-10 0 2.61618e-15 1.77846e-09 8.96244e-08 2.32388e-12 0 0 1.65198e-09 4.98725e-11 3.10407e-14 2.76494e-07 4.33681e-19 1.89619e-08 3.21715e-11 2.11819e-10 0 1.04734e-16 4.17936e-09 2.1507e-11 3.46945e-18 4.10782e-11 1.09113e-13 1.76706e-12 0.0621889 1.11552e-12 2.93536e-10 2.76072e-13 7.99717e-11 1.43425e-12 7.4378e-11 2.01483e-11 5.49065e-12 0
-0.0493056  700.02 5.27464e-15 8.37539e-05 1.21909e-13 0.218422 2.09648e-13 1.11379e-05 0.719291 7.54426e-08 1.63396e-08 1.2166e-06 3.37579e-08 1.4596e-08 8.67362e-19 1.4097e-09 0 5.7209e-15 2.74492e-09 1.20018e-07 3.58314e-12 0 0 2.56111e-09 8.76699e-11 5.45722e-14 3.88596e-07 8.67362e-19 2.71692e-08 5.2987e-11 3.34284e-10 2.1684e-19 1.50921e-16 6.63145e-09 3.44291e-11 7.80626e-18 6.62628e-11 1.58873e-13 3.32198e-12 0.0621899 1.54602e-12 4.05827e-10 3.81707e-13 9.41489e-11 1.98071e-12 8.76174e-11 2.36135e-11 6.06397e-12 0
-0.0482639  700.025 8.11352e-15 8.87447e-05 1.7465e-13 0.218421 2.74255e-13 1.32367e-05 0.719285 9.36744e-08 2.03008e-08 1.51169e-06 4.44525e-08 1.89672e-08 1.51788e-18 1.84293e-09 0 9.83415e-15 3.676e-09 1.45915e-07 4.79635e-12 0 0 3.4399e-09 1.28492e-10 7.99974e-14 4.88147e-07 1.30104e-18 3.45797e-08 7.42219e-11 4.55e-10 2.1684e-19 2.05782e-16 9.05015e-09 4.72743e-11 1.32273e-17 9.14647e-11 2.18113e-13 5.10323e-12 0.0621906 1.9386e-12 5.08216e-10 4.78046e-13 1.07054e-10 2.47887e-12 9.95923e-11 2.67513e-11 6.63796e-12 0
-0.0472222  700.031 1.24271e-14 9.40285e-05 2.4937e-13 0.218419 3.60546e-13 1.57229e-05 0.719277 1.16199e-07 2.5197e-08 1.87647e-06 5.84184e-08 2.46049e-08 2.81893e-18 2.40488e-09 0 1.67195e-14 4.91151e-09 1.77269e-07 6.40688e-12 0 0 4.60892e-09 1.87331e-10 1.16655e-13 6.12498e-07 2.38524e-18 4.39521e-08 1.03609e-10 6.17899e-10 4.33681e-19 2.90783e-16 1.23156e-08 6.47146e-11 2.27682e-17 1.25848e-10 3.09646e-13 7.77941e-12 0.0621913 2.44049e-12 6.39104e-10 6.01209e-13 1.23582e-10 3.1155e-12 1.14825e-10 3.07508e-11 7.43856e-12 0
-0.0461806  700.038 1.9e-14 9.96225e-05 3.55323e-13 0.218417 4.76343e-13 1.86679e-05 0.719269 1.44029e-07 3.12489e-08 2.32742e-06 7.66565e-08 3.1876e-08 4.77049e-18 3.13377e-09 0 2.82929e-14 6.55098e-09 2.1523e-07 8.54546e-12 0 0 6.164e-09 2.72139e-10 1.69527e-13 7.67826e-07 3.90313e-18 5.58057e-08 1.44286e-10 8.37731e-10 8.67362e-19 4.21971e-16 1.67241e-08 8.83941e-11 3.90313e-17 1.72757e-10 4.51186e-13 1.18e-11 0.0621922 3.08518e-12 8.07122e-10 7.59354e-13 1.44903e-10 3.93235e-12 1.34298e-10 3.58797e-11 8.57593e-12 0
-0.0451389  700.048 2.90276e-14 0.000105545 5.05605e-13 0.218415 6.3246e-13 2.21564e-05 0.719259 1.78412e-07 3.87293e-08 2.8849e-06 1.00474e-07 4.12538e-08 8.0231e-18 4.0792e-09 0 4.77836e-14 8.72651e-09 2.61191e-07 1.13858e-11 0 0 8.23265e-09 3.9438e-10 2.4577e-13 9.6185e-07 6.72205e-18 7.07974e-08 2.00598e-10 1.1344e-09 1.30104e-18 6.25368e-16 2.2676e-08 1.20545e-10 6.657e-17 2.36756e-10 6.70166e-13 1.78401e-11 0.062193 3.91711e-12 1.02387e-09 9.63392e-13 1.72632e-10 4.98562e-12 1.59328e-10 4.25022e-11 1.02165e-11 0
-0.0440972  700.06 4.43326e-14 0.000111815 7.18744e-13 0.218413 8.43963e-13 2.62887e-05 0.719249 2.20892e-07 4.79753e-08 3.57406e-06 1.31576e-07 5.33485e-08 1.38778e-17 5.3055e-09 0 8.06401e-14 1.16134e-08 3.16839e-07 1.51592e-11 0 0 1.09845e-08 5.70578e-10 3.55776e-13 1.20421e-06 1.14925e-17 8.9758e-08 2.78562e-10 1.53476e-09 2.38524e-18 9.4022e-16 3.07115e-08 1.64199e-10 1.13624e-16 3.24071e-10 1.00906e-12 2.69137e-11 0.0621939 4.99768e-12 1.30511e-09 1.22824e-12 2.09032e-10 6.35126e-12 1.91703e-10 5.11189e-11 1.26126e-11 0
-0.0430556  700.075 6.76956e-14 0.000118454 1.02093e-12 0.21841 1.13191e-12 3.11835e-05 0.719238 2.73376e-07 5.94034e-08 4.42601e-06 1.72193e-07 6.89471e-08 2.36356e-17 6.89612e-09 2.1684e-19 1.36058e-13 1.54441e-08 3.84213e-07 2.01733e-11 0 0 1.46451e-08 8.24555e-10 5.14451e-13 1.50694e-06 1.95156e-17 1.13738e-07 3.8651e-10 2.07508e-09 4.55365e-18 1.42811e-15 4.15599e-08 2.23471e-10 1.94072e-16 4.43195e-10 1.53366e-12 4.05436e-11 0.0621949 6.4096e-12 1.6724e-09 1.57418e-12 2.5732e-10 8.13362e-12 2.33871e-10 6.24279e-11 1.61474e-11 0
-0.0420139  700.094 1.03357e-13 0.000125482 1.44919e-12 0.218407 1.52595e-12 3.69816e-05 0.719226 3.38219e-07 7.35285e-08 5.4792e-06 2.25233e-07 8.90646e-08 4.05492e-17 8.95928e-09 2.1684e-19 2.29561e-13 2.05274e-08 4.65787e-07 2.68389e-11 2.1684e-19 0 1.95146e-08 1.19064e-09 7.43514e-13 1.88509e-06 3.33934e-17 1.44067e-07 5.35981e-10 2.80427e-09 8.0231e-18 2.18445e-15 5.6206e-08 3.03952e-10 3.30899e-16 6.05715e-10 2.34582e-12 6.10163e-11 0.062196 8.27014e-12 2.15566e-09 2.02964e-12 3.22144e-10 1.04765e-11 2.89229e-10 7.74157e-11 2.14038e-11 0
-0.0409722  700.118 1.57781e-13 0.000132923 2.05574e-12 0.218403 2.06794e-12 4.38496e-05 0.719212 4.18333e-07 9.09866e-08 6.78116e-06 2.94498e-07 1.1501e-07 6.91721e-17 1.16353e-08 4.33681e-19 3.87364e-13 2.72727e-08 5.64551e-07 3.57022e-11 2.1684e-19 0 2.59921e-08 1.71833e-09 1.07403e-12 2.35744e-06 5.7029e-17 1.82425e-07 7.42952e-10 3.78836e-09 1.43115e-17 3.35669e-15 7.5979e-08 4.13232e-10 5.64219e-16 8.2744e-10 3.60328e-12 9.17649e-11 0.0621971 1.07399e-11 2.79677e-09 2.63403e-12 4.10328e-10 1.35822e-11 3.62547e-10 9.7497e-11 2.92708e-11 0
-0.0402778  700.136 2.0996e-13 0.000138126 2.60011e-12 0.2184 2.54448e-12 4.91325e-05 0.719202 4.82224e-07 1.04914e-07 7.81999e-06 3.52444e-07 1.36481e-07 9.95298e-17 1.3861e-08 6.50521e-19 5.52876e-13 3.29948e-08 6.41958e-07 4.32387e-11 4.33681e-19 0 3.14989e-08 2.19955e-09 1.37598e-12 2.73771e-06 8.19657e-17 2.13638e-07 9.25168e-10 4.63554e-09 2.12504e-17 4.49727e-15 9.30063e-08 5.07811e-10 8.07514e-16 1.02013e-09 4.82467e-12 1.20836e-10 0.0621979 1.28547e-11 3.34488e-09 3.15112e-12 4.8775e-10 1.62351e-11 4.25172e-10 1.14858e-10 3.67196e-11 0
-0.0395833  700.158 2.79042e-13 0.000143532 3.28558e-12 0.218397 3.13692e-12 5.50458e-05 0.719191 5.55766e-07 1.20948e-07 9.01621e-06 4.21634e-07 1.61908e-07 1.43115e-16 1.65067e-08 8.67362e-19 7.86957e-13 3.98997e-08 7.2987e-07 5.2352e-11 4.33681e-19 0 3.81547e-08 2.81267e-09 1.76109e-12 3.17862e-06 1.17528e-16 2.50127e-07 1.15131e-09 5.66928e-09 3.16587e-17 6.02166e-15 1.13788e-07 6.23686e-10 1.15468e-15 1.25693e-09 6.45519e-12 1.58881e-10 0.0621988 1.54329e-11 4.0127e-09 3.7813e-12 5.84236e-10 1.94651e-11 5.01436e-10 1.3622e-10 4.64959e-11 0
-0.0388889  700.183 3.70562e-13 0.000149147 4.14869e-12 0.218393 3.87542e-12 6.16649e-05 0.71918 6.40418e-07 1.39409e-07 1.03936e-05 5.04246e-07 1.92018e-07 2.05565e-16 1.96516e-08 1.30104e-18 1.1184e-12 4.82317e-08 8.29715e-07 6.33773e-11 6.50521e-19 0 4.61993e-08 3.59388e-09 2.25275e-12 3.68982e-06 1.68485e-16 2.92783e-07 1.43199e-09 6.93064e-09 4.66207e-17 8.06061e-15 1.39152e-07 7.65654e-10 1.65081e-15 1.54795e-09 8.6319e-12 2.08666e-10 0.0621997 1.85924e-11 4.82957e-09 4.55275e-12 7.05271e-10 2.34125e-11 5.9469e-10 1.62647e-10 5.93466e-11 0
-0.0381944  700.213 4.91848e-13 0.00015498 5.23534e-12 0.218388 4.79839e-12 6.90738e-05 0.719167 7.37857e-07 1.60662e-07 1.19798e-05 6.02886e-07 2.27674e-07 2.9577e-16 2.33898e-08 1.95156e-18 1.58802e-12 5.82857e-08 9.4311e-07 7.67206e-11 1.0842e-18 0 5.59223e-08 4.58924e-09 2.88006e-12 4.28253e-06 2.4156e-16 3.42649e-07 1.78034e-09 8.46975e-09 6.89553e-17 1.07867e-14 1.70107e-07 9.39592e-10 2.35944e-15 1.90559e-09 1.15378e-11 2.7381e-10 0.0622006 2.24762e-11 5.83284e-09 5.50057e-12 8.58135e-10 2.82564e-11 7.09208e-10 1.95527e-10 7.62609e-11 0
-0.0375  700.247 6.52594e-13 0.000161039 6.60312e-12 0.218384 5.95507e-12 7.73669e-05 0.719154 8.50015e-07 1.8513e-07 1.38062e-05 7.20661e-07 2.69896e-07 4.25441e-16 2.78333e-08 2.60209e-18 2.2537e-12 7.04175e-08 1.07189e-06 9.28785e-11 1.73472e-18 0 6.76739e-08 5.85746e-09 3.68143e-12 4.96973e-06 3.46511e-16 4.00942e-07 2.21271e-09 1.03477e-08 1.01915e-16 1.44353e-14 2.07887e-07 1.1527e-09 3.37187e-15 2.3451e-09 1.54171e-11 3.59048e-10 0.0622016 2.72782e-11 7.07023e-09 6.67078e-12 1.05255e-09 3.42238e-11 8.50463e-10 2.36678e-10 9.85491e-11 0
-0.0368056  700.286 8.65634e-13 0.000167332 8.32428e-12 0.218378 7.40858e-12 8.66495e-05 0.719139 9.79114e-07 2.13298e-07 1.59092e-05 8.61282e-07 3.19892e-07 6.12574e-16 3.31151e-08 3.68629e-18 3.1975e-12 8.50564e-08 1.21815e-06 1.12454e-10 2.38524e-18 0 8.18772e-08 7.47334e-09 4.70435e-12 5.76648e-06 4.97432e-16 4.69086e-07 2.74937e-09 1.26392e-08 1.50704e-16 1.93159e-14 2.53996e-07 1.41382e-09 4.81863e-15 2.88521e-09 2.05958e-11 4.70569e-10 0.0622027 3.32328e-11 8.60291e-09 8.12091e-12 1.30157e-09 4.16074e-11 1.02548e-09 2.88497e-10 1.27947e-10 0
-0.0361111  700.331 1.14795e-12 0.000173871 1.04894e-11 0.218372 9.24045e-12 9.70397e-05 0.719123 1.12771e-06 2.45725e-07 1.83308e-05 1.02918e-06 3.79093e-07 8.82541e-16 3.93933e-08 5.42101e-18 4.5358e-12 1.0272e-07 1.38426e-06 1.36188e-10 3.68629e-18 0 9.90434e-08 9.53219e-09 6.01221e-12 6.69024e-06 7.14706e-16 5.48745e-07 3.41545e-09 1.54352e-08 2.22478e-16 2.58535e-14 3.10269e-07 1.73375e-09 6.88598e-15 3.54894e-09 2.75093e-11 6.16466e-10 0.0622038 4.06644e-11 1.05096e-08 9.92732e-12 1.62282e-09 5.07797e-11 1.24335e-09 3.54163e-10 1.66756e-10 0
-0.0354167  700.384 1.522e-12 0.000180662 1.32121e-11 0.218365 1.15559e-11 0.000108669 0.719106 1.29875e-06 2.83053e-07 2.11191e-05 1.22964e-06 4.49193e-07 1.27264e-15 4.68558e-08 7.58942e-18 6.43361e-12 1.24034e-07 1.57291e-06 1.64982e-10 5.20417e-18 0 1.1979e-07 1.21554e-08 7.68264e-12 7.76125e-06 1.02717e-15 6.41864e-07 4.24219e-09 1.88466e-08 3.2808e-16 3.4604e-14 3.78945e-07 2.12576e-09 9.84174e-15 4.36458e-09 3.67383e-11 8.07322e-10 0.062205 4.99632e-11 1.28917e-08 1.21856e-11 2.04023e-09 6.22247e-11 1.5158e-09 4.37915e-10 2.18026e-10 0
-0.0347222  700.445 2.0175e-12 0.000187717 1.66345e-11 0.218357 1.44919e-11 0.000121687 0.719087 1.49563e-06 3.26021e-07 2.43298e-05 1.46898e-06 5.32195e-07 1.83664e-15 5.57257e-08 1.10589e-17 9.12487e-12 1.4975e-07 1.78715e-06 1.99953e-10 7.80626e-18 0 1.44865e-07 1.54978e-08 9.82078e-12 9.00295e-06 1.47755e-15 7.50716e-07 5.26832e-09 2.3009e-08 4.84205e-16 4.63384e-14 4.62756e-07 2.6061e-09 1.4066e-14 5.36687e-09 4.90582e-11 1.05696e-09 0.0622062 6.1681e-11 1.58809e-08 1.50244e-11 2.58643e-09 7.65615e-11 1.85813e-09 5.45437e-10 2.858e-10 0
-0.0340278  700.515 2.67374e-12 0.000195046 2.09348e-11 0.218347 1.82263e-11 0.000136256 0.719067 1.72223e-06 3.75479e-07 2.80266e-05 1.75472e-06 6.30472e-07 2.65304e-15 6.62683e-08 1.60462e-17 1.29413e-11 1.80779e-07 2.03046e-06 2.42462e-10 1.14925e-17 0 1.75168e-07 1.97563e-08 1.25538e-11 1.04425e-05 2.12699e-15 8.77957e-07 6.54191e-09 2.80874e-08 7.14056e-16 6.20586e-14 5.65037e-07 3.19471e-09 2.0108e-14 6.5985e-09 6.55039e-11 1.38347e-09 0.0622076 7.64777e-11 1.9648e-08 1.86049e-11 3.30611e-09 9.46e-11 2.29024e-09 6.84384e-10 3.75437e-10 0
-0.0333333  700.596 3.54263e-12 0.000202659 2.63358e-11 0.218337 2.29929e-11 0.000152563 0.719045 1.98305e-06 4.32403e-07 3.22831e-05 2.09587e-06 7.4683e-07 3.83634e-15 7.87988e-08 2.32019e-17 1.8353e-11 2.18216e-07 2.30677e-06 2.94207e-10 1.69136e-17 0 2.1179e-07 2.51821e-08 1.60573e-11 1.21115e-05 3.06461e-15 1.02669e-06 8.12262e-09 3.42834e-08 1.05319e-15 8.31694e-14 6.89853e-07 3.916e-09 2.8745e-14 8.11191e-09 8.74564e-11 1.81045e-09 0.062209 9.53071e-11 2.44155e-08 2.31467e-11 4.26078e-09 1.1738e-10 2.8382e-09 8.65136e-10 4.94044e-10 0
-0.0326389  700.691 4.69279e-12 0.000210566 3.31163e-11 0.218325 2.90976e-11 0.000170814 0.71902 2.28325e-06 4.97918e-07 3.7184e-05 2.50315e-06 8.84591e-07 5.55307e-15 9.36915e-08 3.38271e-17 2.60264e-11 2.63384e-07 2.62056e-06 3.57275e-10 2.49366e-17 0 2.56048e-07 3.20951e-08 2.05401e-11 1.40463e-05 4.42008e-15 1.20054e-06 1.00845e-08 4.18425e-08 1.55279e-15 1.11484e-13 8.42166e-07 4.79992e-09 4.11045e-14 9.9715e-09 1.16759e-10 2.36876e-09 0.0622105 1.19301e-10 3.04741e-08 2.89248e-11 5.53538e-09 1.46271e-10 3.53622e-09 1.10181e-09 6.51043e-10 0
-0.0319444  700.8 6.21482e-12 0.000218781 4.16249e-11 0.218311 3.69455e-11 0.000191241 0.718994 2.62877e-06 5.73313e-07 4.28266e-05 2.98936e-06 1.04769e-06 8.04717e-15 1.11391e-07 4.96565e-17 3.69056e-11 3.17876e-07 2.9769e-06 4.34289e-10 3.6646e-17 0 3.09531e-07 4.09028e-08 2.62981e-11 1.62893e-05 6.38183e-15 1.40374e-06 1.25192e-08 5.10644e-08 2.28918e-15 1.4958e-13 1.02803e-06 5.88321e-09 5.87737e-14 1.22564e-08 1.5587e-10 3.09867e-09 0.062212 1.50137e-10 3.82046e-08 3.63196e-11 7.24773e-09 1.83034e-10 4.42931e-09 1.41375e-09 8.58924e-10 2.1684e-19
-0.03125  700.926 8.22838e-12 0.000227314 5.22971e-11 0.218296 4.70714e-11 0.000214102 0.718965 3.02644e-06 6.60071e-07 4.93231e-05 3.56978e-06 1.24076e-06 1.1674e-14 1.32427e-07 7.30752e-17 5.23288e-11 3.83614e-07 3.38154e-06 5.28495e-10 5.39933e-17 0 3.7416e-07 5.21245e-08 3.36757e-11 1.88896e-05 9.22418e-15 1.64125e-06 1.55409e-08 6.23144e-08 3.37447e-15 2.00754e-13 1.25482e-06 7.21093e-09 8.40671e-14 1.50637e-08 2.08071e-10 4.05278e-09 0.0622137 1.89783e-10 4.81069e-08 4.5806e-11 9.56166e-09 2.30006e-10 5.57683e-09 1.82748e-09 1.13425e-09 2.1684e-19
-0.0305556  701.072 1.08913e-11 0.000236177 6.5677e-11 0.218278 6.01902e-11 0.000239686 0.718933 3.48411e-06 7.59894e-07 5.68023e-05 4.26265e-06 1.46932e-06 1.69569e-14 1.57424e-07 1.07987e-16 7.41906e-11 4.62915e-07 3.84103e-06 6.44037e-10 7.93636e-17 0 4.52255e-07 6.64212e-08 4.31767e-11 2.19037e-05 1.33489e-14 1.91884e-06 1.92908e-08 7.60377e-08 4.97432e-15 2.69787e-13 1.53153e-06 8.83832e-09 1.20224e-13 1.85127e-08 2.77738e-10 5.29973e-09 0.0622155 2.41244e-10 6.0839e-08 5.80516e-11 1.27059e-08 2.90194e-10 7.05735e-09 2.37965e-09 1.49897e-09 4.33681e-19
-0.0298611  701.241 1.4412e-11 0.000245383 8.24443e-11 0.218257 7.72529e-11 0.000268316 0.718899 4.01085e-06 8.74737e-07 6.54127e-05 5.08969e-06 1.73985e-06 2.46602e-14 1.8713e-07 1.60679e-16 1.05175e-10 5.58571e-07 4.36277e-06 7.86082e-10 1.1666e-16 0 5.46616e-07 8.46356e-08 5.53724e-11 2.53976e-05 1.93413e-14 2.24327e-06 2.39441e-08 9.27772e-08 7.33268e-15 3.62704e-13 1.86915e-06 1.08332e-08 1.71994e-13 2.275e-08 3.7071e-10 6.92907e-09 0.0622175 3.07988e-10 7.72693e-08 7.38851e-11 1.70004e-08 3.67607e-10 8.97491e-09 3.12104e-09 1.98218e-09 8.67362e-19
-0.0291667  701.437 1.90651e-11 0.000254946 1.03447e-10 0.218234 9.9544e-11 0.000300354 0.718861 4.61703e-06 1.00684e-06 7.53247e-05 6.07683e-06 2.06005e-06 3.59133e-14 2.22428e-07 2.40042e-16 1.49081e-10 6.73945e-07 4.95518e-06 9.61339e-10 1.71304e-16 0 6.60624e-07 1.0784e-07 7.11323e-11 2.94473e-05 2.80641e-14 2.62241e-06 2.97182e-08 1.13194e-07 1.08106e-14 4.88474e-13 2.28104e-06 1.32789e-08 2.4597e-13 2.79552e-08 4.94771e-10 9.05754e-09 0.0622195 3.95499e-10 9.85441e-08 9.44941e-11 2.28943e-08 4.67403e-10 1.14678e-08 4.12229e-09 2.62243e-09 1.30104e-18
-0.0284722  701.663 2.52126e-11 0.000264878 1.29745e-10 0.218207 1.28785e-10 0.000336203 0.718819 5.31461e-06 1.15877e-06 8.67347e-05 7.255e-06 2.43901e-06 5.237e-14 2.64369e-07 3.60389e-16 2.11287e-10 8.13088e-07 5.6278e-06 1.17828e-09 2.51752e-16 2.1684e-19 7.98361e-07 1.37402e-07 9.14107e-11 3.4141e-05 4.07753e-14 3.06546e-06 3.68826e-08 1.38095e-07 1.59406e-14 6.58215e-13 2.78351e-06 1.62775e-08 3.51894e-13 3.4349e-08 6.60302e-10 1.18374e-08 0.0622217 5.09975e-10 1.26183e-07 1.21339e-10 3.1019e-08 5.96499e-10 1.47197e-08 5.48196e-09 3.47079e-09 2.38524e-18
-0.0277778  701.924 3.33316e-11 0.000275195 1.6266e-10 0.218177 1.67326e-10 0.000376313 0.718773 6.11735e-06 1.33348e-06 9.9868e-05 8.66104e-06 2.88744e-06 7.64883e-14 3.14197e-07 5.43836e-16 2.99399e-10 9.80878e-07 6.39144e-06 1.44813e-09 3.6993e-16 2.1684e-19 9.64752e-07 1.7506e-07 1.17735e-10 3.95807e-05 5.93408e-14 3.58317e-06 4.57714e-08 1.68461e-07 2.3512e-14 8.89005e-13 3.39643e-06 1.99545e-08 5.03133e-13 4.2202e-08 8.81134e-10 1.54668e-08 0.0622241 6.61632e-10 1.622e-07 1.56559e-10 4.22645e-08 7.63755e-10 1.89755e-08 7.33821e-09 4.59492e-09 4.11997e-18
-0.0270833  702.226 4.40503e-11 0.000285909 2.03842e-10 0.218141 2.1834e-10 0.000421189 0.718722 7.04104e-06 1.53434e-06 0.000114984 1.03389e-05 3.41803e-06 1.11876e-13 3.73391e-07 8.24644e-16 4.24181e-10 1.18319e-06 7.25835e-06 1.7853e-09 5.42968e-16 4.33681e-19 1.16574e-06 2.23032e-07 1.51713e-10 4.58845e-05 8.64892e-14 4.18806e-06 5.67987e-08 2.05488e-07 3.46925e-14 1.20159e-12 4.144e-06 2.44643e-08 7.1963e-13 5.18466e-08 1.17571e-09 2.02039e-08 0.0622266 8.61709e-10 2.09273e-07 2.02754e-10 5.7887e-08 9.81129e-10 2.45615e-08 9.88498e-09 6.08438e-09 6.93889e-18
-0.0263889  702.575 5.81955e-11 0.000297037 2.55351e-10 0.218101 2.86198e-10 0.000471391 0.718667 8.10384e-06 1.7652e-06 0.00013238 1.23408e-05 4.04574e-06 1.63929e-13 4.43704e-07 1.25659e-15 6.0084e-10 1.42707e-06 8.24243e-06 2.20932e-09 7.97322e-16 6.50521e-19 1.40849e-06 2.84135e-07 1.96082e-10 5.3189e-05 1.26293e-13 4.89474e-06 7.04774e-08 2.50632e-07 5.12181e-14 1.62909e-12 5.05569e-06 2.99966e-08 1.02832e-12 6.36897e-08 1.56857e-09 2.63845e-08 0.0622293 1.12966e-09 2.70955e-07 2.63828e-10 7.96634e-08 1.26382e-09 3.19133e-08 1.33957e-08 8.05769e-09 1.21431e-17
-0.0256944  702.978 7.6856e-11 0.000308594 3.19762e-10 0.218055 3.76855e-10 0.000527545 0.718605 9.32662e-06 2.03047e-06 0.000152399 1.47293e-05 4.78823e-06 2.40592e-13 5.27215e-07 1.92337e-15 8.50884e-10 1.72103e-06 9.3594e-06 2.74575e-09 1.17007e-15 1.0842e-18 1.70164e-06 3.61965e-07 2.53593e-10 6.16522e-05 1.84728e-13 5.72026e-06 8.74434e-08 3.05663e-07 7.56639e-14 2.21082e-12 6.16739e-06 3.67846e-08 1.46991e-12 7.82307e-08 2.09242e-09 3.44452e-08 0.0622322 1.48619e-09 3.51987e-07 3.44442e-10 1.10108e-07 1.63247e-09 4.16115e-08 1.82562e-08 1.06716e-08 2.10335e-17
-0.025  703.444 1.01462e-10 0.000320596 4.0029e-10 0.218002 4.98586e-10 0.00059035 0.718537 1.07333e-05 2.33518e-06 0.000175432 1.75783e-05 5.6663e-06 3.53833e-13 6.26384e-07 2.95749e-15 1.20466e-09 2.07524e-06 1.06271e-05 3.43012e-09 1.71738e-15 1.73472e-18 2.05561e-06 4.61086e-07 3.29268e-10 7.14564e-05 2.70778e-13 6.68447e-06 1.08484e-07 3.72737e-07 1.11879e-13 3.01244e-12 7.52276e-06 4.51157e-08 2.09819e-12 9.60813e-08 2.79075e-09 4.49526e-08 0.0622353 1.96923e-09 4.58667e-07 4.51821e-10 1.52786e-07 2.11299e-09 5.44327e-08 2.5013e-08 1.41335e-08 3.68629e-17
-0.0243056  703.983 1.33898e-10 0.000333058 5.00964e-10 0.217941 6.62742e-10 0.000660584 0.718462 1.23515e-05 2.68507e-06 0.000201931 2.09763e-05 6.70451e-06 5.21333e-13 7.4413e-07 4.56731e-15 1.70505e-09 2.50194e-06 1.20656e-05 4.31001e-09 2.5199e-15 2.81893e-18 2.48295e-06 5.8732e-07 4.27894e-10 8.28128e-05 3.97669e-13 7.8105e-06 1.34572e-07 4.54473e-07 1.65594e-13 4.10989e-12 9.17492e-06 5.53439e-08 2.9959e-12 1.17991e-07 3.72143e-09 5.86425e-08 0.0622386 2.61765e-09 5.99407e-07 5.94383e-10 2.12753e-07 2.7408e-09 7.14099e-08 3.44403e-08 1.8717e-08 6.48353e-17
-0.0236111  704.604 1.76634e-10 0.000345998 6.26823e-10 0.217871 8.85246e-10 0.000739112 0.718379 1.42127e-05 3.08666e-06 0.000232412 2.50283e-05 7.93173e-06 7.6996e-13 8.83904e-07 7.08439e-15 2.41246e-09 3.01579e-06 1.36978e-05 5.45326e-09 3.69865e-15 4.55365e-18 2.99875e-06 7.48056e-07 5.58957e-10 9.59647e-05 5.85467e-13 9.12528e-06 1.66915e-07 5.54052e-07 2.45436e-13 5.63687e-12 1.11884e-05 6.7906e-08 4.26906e-12 1.44876e-07 4.96129e-09 7.64677e-08 0.0622422 3.5074e-09 7.85379e-07 7.85668e-10 2.97185e-07 3.55953e-09 9.39239e-08 4.76385e-08 2.47837e-08 1.14275e-16
-0.0229167  705.321 2.32925e-10 0.000359433 7.84196e-10 0.21779 1.18808e-09 0.000826898 0.718288 1.63532e-05 3.54736e-06 0.000267467 2.9859e-05 9.38197e-06 1.13956e-12 1.04979e-06 1.10341e-14 3.41218e-09 3.63433e-06 1.55494e-05 6.9528e-09 5.42838e-15 8.0231e-18 3.6212e-06 9.52712e-07 7.30988e-10 0.000111193 8.6382e-13 1.06602e-05 2.07004e-07 6.75343e-07 3.64324e-13 7.74367e-12 1.36418e-05 8.33415e-08 6.0847e-12 1.7786e-07 6.61243e-09 9.9662e-08 0.0622459 4.71284e-09 1.03151e-06 1.04098e-09 4.16267e-07 4.62931e-09 1.23806e-07 6.617e-08 3.28102e-08 2.02963e-16
-0.0222222  706.149 3.07037e-10 0.00037338 9.81033e-10 0.217698 1.60234e-09 0.00092501 0.718186 1.88144e-05 4.07555e-06 0.000307775 3.56166e-05 1.10951e-05 1.6913e-12 1.24662e-06 1.72577e-14 4.82409e-09 4.3785e-06 1.76494e-05 8.9444e-09 7.97062e-15 1.36609e-17 4.37214e-06 1.21323e-06 9.62485e-10 0.000128822 1.27817e-12 1.24515e-05 2.5668e-07 8.2303e-07 5.41877e-13 1.0711e-11 1.66302e-05 1.02317e-07 8.64801e-12 2.18314e-07 8.81008e-09 1.29819e-07 0.0622499 6.39067e-09 1.35755e-06 1.38602e-09 5.84461e-07 6.02196e-09 1.63496e-07 9.22608e-08 4.34245e-08 3.61256e-16
-0.0215278  707.103 4.04587e-10 0.000387858 1.22736e-09 0.217592 2.17122e-09 0.00103464 0.718073 2.16441e-05 4.68076e-06 0.000354111 4.24772e-05 1.31181e-05 2.51631e-12 1.48009e-06 2.70994e-14 6.8172e-09 5.27327e-06 2.00308e-05 1.16183e-08 1.17061e-14 2.42861e-17 5.27784e-06 1.54483e-06 1.26916e-09 0.000149224 1.89596e-12 1.45418e-05 3.18223e-07 1.0028e-06 8.07702e-13 1.48454e-11 2.02692e-05 1.2566e-07 1.22931e-11 2.67915e-07 1.17336e-08 1.68995e-07 0.0622541 8.68648e-09 1.78989e-06 1.84871e-09 8.22282e-07 7.83762e-09 2.16211e-07 1.29074e-07 5.74529e-08 6.46618e-16
-0.0208333  708.204 5.32931e-10 0.000402883 1.53585e-09 0.21747 2.95631e-09 0.0011571 0.717948 2.48968e-05 5.37366e-06 0.000407361 5.06491e-05 1.55059e-05 3.75611e-12 1.75692e-06 4.27217e-14 9.62828e-09 6.34827e-06 2.27305e-05 1.52579e-08 1.72072e-14 4.33681e-17 6.36981e-06 1.96678e-06 1.68839e-09 0.00017283 2.82178e-12 1.69799e-05 3.94438e-07 1.22154e-06 1.20728e-12 2.07565e-11 2.46989e-05 1.54396e-07 1.74067e-11 3.28706e-07 1.56197e-08 2.19836e-07 0.0622584 1.19341e-08 2.36323e-06 2.47853e-09 1.15884e-06 1.01905e-08 2.8621e-07 1.81119e-07 7.59809e-08 1.16053e-15
-0.0201389  709.472 7.01765e-10 0.000418475 1.92256e-09 0.21733 4.04362e-09 0.00129385 0.717809 2.86347e-05 6.16628e-06 0.000468541 6.03797e-05 1.83227e-05 5.62262e-12 2.08506e-06 6.76139e-14 1.35906e-08 7.63865e-06 2.57901e-05 2.02684e-08 2.53066e-14 7.91468e-17 7.68585e-06 2.50362e-06 2.25036e-09 0.000200132 4.21167e-12 1.9823e-05 4.88797e-07 1.48758e-06 1.80993e-12 2.90937e-11 3.00889e-05 1.89801e-07 2.46489e-11 4.03184e-07 2.07814e-08 2.85745e-07 0.0622627 1.64266e-08 3.12373e-06 3.32648e-09 1.63537e-06 1.32425e-08 3.79054e-07 2.548e-07 1.00433e-07 2.09273e-15
-0.0194444  710.932 9.23782e-10 0.000434652 2.40795e-09 0.217169 5.55672e-09 0.00144649 0.717654 3.29293e-05 7.07205e-06 0.000538802 7.19607e-05 2.16437e-05 8.44944e-12 2.47382e-06 1.07409e-13 1.91689e-08 9.18567e-06 2.92563e-05 2.72622e-08 3.72701e-14 1.46584e-16 9.27121e-06 3.18634e-06 3.03377e-09 0.000231697 6.311e-12 2.31368e-05 6.05563e-07 1.81097e-06 2.72365e-12 4.12325e-11 3.6644e-05 2.33466e-07 3.47211e-11 4.94381e-07 2.76297e-08 3.71074e-07 0.0622671 2.29007e-08 4.13157e-06 4.48896e-09 2.31022e-06 1.71648e-08 5.02036e-07 3.59233e-07 1.32672e-07 3.77953e-15
-0.01875  712.613 1.21573e-09 0.000451432 3.01818e-09 0.216985 7.66911e-09 0.00161681 0.717482 3.78621e-05 8.10598e-06 0.000619463 8.57379e-05 2.55563e-05 1.2739e-11 2.93418e-06 1.7129e-13 2.70151e-08 1.10378e-05 3.31819e-05 3.71279e-08 5.49426e-14 2.76255e-16 1.11801e-05 4.05441e-06 4.09979e-09 0.000268176 9.48806e-12 2.69976e-05 7.49998e-07 2.20386e-06 4.11501e-12 5.86086e-11 4.46122e-05 2.87381e-07 4.89064e-11 6.05996e-07 3.6706e-08 4.81394e-07 0.0622713 3.19661e-08 5.46624e-06 6.05898e-09 3.26579e-06 2.22082e-08 6.6453e-07 5.07331e-07 1.75132e-07 6.85606e-15
-0.0180556  714.546 1.59955e-09 0.000468834 3.78686e-09 0.216773 1.06317e-08 0.00180675 0.717291 4.35259e-05 9.28459e-06 0.000712016 0.000102118 3.01622e-05 1.9294e-11 3.47899e-06 2.7412e-13 3.80327e-08 1.32513e-05 3.76255e-05 5.12206e-08 8.11658e-14 5.29958e-16 1.3477e-05 5.15749e-06 5.62158e-09 0.00031031 1.43312e-11 3.14932e-05 9.28551e-07 2.68084e-06 6.24792e-12 8.44563e-11 5.42916e-05 3.54043e-07 6.8406e-11 7.42505e-07 4.87157e-08 6.23784e-07 0.062275 4.53113e-08 7.22968e-06 8.22638e-09 4.61828e-06 2.86052e-08 8.78641e-07 7.17416e-07 2.30985e-07 1.24395e-14
-0.0173611  716.768 2.10424e-09 0.000486875 4.75743e-09 0.216529 1.47987e-08 0.00201845 0.717079 5.00268e-05 1.06262e-05 0.000818161 0.00012158 3.55793e-05 2.93317e-11 4.12335e-06 4.404e-13 5.34828e-08 1.58909e-05 4.26531e-05 7.15239e-08 1.20096e-13 1.03324e-15 1.62392e-05 6.5588e-06 7.73172e-09 0.000358951 2.17303e-11 3.67252e-05 1.14916e-06 3.25949e-06 9.53534e-12 1.22114e-10 6.60419e-05 4.36597e-07 9.5662e-11 9.09349e-07 6.45819e-08 8.07238e-07 0.0622779 6.42547e-08 9.5552e-06 1.11594e-08 6.53082e-06 3.6719e-08 1.15956e-06 1.0153e-06 3.04347e-07 2.26564e-14
-0.0166667  719.319 2.76784e-09 0.000505573 5.98639e-09 0.216251 2.06853e-08 0.00225427 0.716842 5.74849e-05 1.21505e-05 0.000939815 0.000144687 4.19435e-05 4.4828e-11 4.88482e-06 7.09824e-13 7.50952e-08 1.90299e-05 4.8338e-05 1.01071e-07 1.78244e-13 2.04936e-15 1.95583e-05 8.33746e-06 1.0831e-08 0.000415064 3.31326e-11 4.28096e-05 1.42153e-06 3.96082e-06 1.46437e-11 1.79535e-10 8.02943e-05 5.39011e-07 1.32551e-10 1.11309e-06 8.54936e-08 1.04309e-06 0.0622795 9.28273e-08 1.26093e-05 1.52351e-08 9.23218e-06 4.68089e-08 1.52642e-06 1.43739e-06 4.00541e-07 4.12034e-14
-0.0159722  722.246 3.64084e-09 0.000524946 7.5476e-09 0.215931 2.90216e-08 0.00251675 0.716578 6.60372e-05 1.38793e-05 0.00107915 0.000172101 4.94114e-05 6.88008e-11 5.78398e-06 1.1486e-12 1.05266e-07 2.27506e-05 5.47621e-05 1.44308e-07 2.65195e-13 4.12105e-15 2.35432e-05 1.05941e-05 1.52301e-08 0.000479753 5.07473e-11 4.98804e-05 1.75755e-06 4.81006e-06 2.26329e-11 2.64924e-10 9.75667e-05 6.66333e-07 1.836e-10 1.36168e-06 1.12992e-07 1.34561e-06 0.062279 1.34013e-07 1.66063e-05 2.07522e-08 1.3041e-05 5.93518e-08 2.00236e-06 2.03455e-06 5.2642e-07 7.51693e-14
-0.0152778  725.6 4.78953e-09 0.000545008 9.53843e-09 0.215565 4.08754e-08 0.00280867 0.716285 7.5838e-05 1.58352e-05 0.00123862 0.000204591 5.81617e-05 1.06231e-10 6.84462e-06 1.86394e-12 1.47232e-07 2.71417e-05 6.20157e-05 2.08012e-07 3.96291e-13 8.41167e-15 2.83227e-05 1.34537e-05 2.19087e-08 0.000554261 7.82386e-11 5.80898e-05 2.17168e-06 5.83714e-06 3.52471e-11 3.98782e-10 0.000118476 8.24982e-07 2.513e-10 1.66465e-06 1.49026e-07 1.73258e-06 0.0622754 1.97833e-07 2.18023e-05 2.84612e-08 1.84001e-05 7.45016e-08 2.61538e-06 2.87785e-06 6.90763e-07 1.36638e-13
-0.0145833  729.438 6.30247e-09 0.000565775 1.20879e-08 0.215147 5.77625e-08 0.00313305 0.715958 8.70626e-05 1.80426e-05 0.00142096 0.000243059 6.83986e-05 1.64782e-10 8.09448e-06 3.03682e-12 2.05422e-07 3.22979e-05 7.01997e-05 3.02063e-07 5.94373e-13 1.73472e-14 3.40492e-05 1.7075e-05 3.1663e-08 0.000640004 1.21261e-10 6.76127e-05 2.68163e-06 7.07779e-06 5.53078e-11 6.02521e-10 0.000143762 1.0232e-06 3.4377e-10 2.03349e-06 1.96081e-07 2.22609e-06 0.0622673 2.91385e-07 2.85195e-05 3.88738e-08 2.59194e-05 9.27953e-08 3.39714e-06 4.06524e-06 9.04728e-07 2.48925e-13
-0.0138889  733.826 8.29623e-09 0.000587261 1.53685e-08 0.214668 8.1906e-08 0.00349309 0.715594 9.99068e-05 2.05263e-05 0.00162925 0.000288549 8.03517e-05 2.57305e-10 9.56538e-06 4.95938e-12 2.85672e-07 3.83123e-05 7.94239e-05 4.41362e-07 8.97009e-13 3.6185e-14 4.09015e-05 2.16527e-05 4.70453e-08 0.000738564 1.89393e-10 7.86463e-05 3.30874e-06 8.57408e-06 8.75487e-11 9.31717e-10 0.000174297 1.27155e-06 4.63177e-10 2.48189e-06 2.57206e-07 2.85326e-06 0.0622526 4.40657e-07 3.71119e-05 5.34746e-08 3.64358e-05 1.13957e-07 4.38339e-06 5.73174e-06 1.18241e-06 4.50616e-13
-0.0131944  738.834 1.09277e-08 0.000609478 1.96118e-08 0.214122 1.16456e-07 0.00389228 0.71519 0.000114591 2.33117e-05 0.00186692 0.000342276 9.42803e-05 4.03708e-10 1.12942e-05 8.1305e-12 3.95824e-07 4.52733e-05 8.98101e-05 6.47342e-07 1.36123e-12 7.5933e-14 4.90903e-05 2.74338e-05 7.02946e-08 0.000851735 2.97587e-10 9.14157e-05 4.07903e-06 1.03758e-05 1.39752e-10 1.44574e-09 0.000211122 1.58374e-06 6.23555e-10 3.02626e-06 3.36183e-07 3.64727e-06 0.0622287 6.63374e-07 4.80112e-05 7.30755e-08 5.10821e-05 1.38454e-07 5.6093e-06 8.05973e-06 1.54136e-06 8.16462e-13
-0.0125  744.54 1.44044e-08 0.000632435 2.51324e-08 0.213499 1.66025e-07 0.00433428 0.714741 0.000131358 2.6423e-05 0.00213778 0.000405631 0.00011047 6.37839e-10 1.33228e-05 1.33506e-11 5.45824e-07 5.32474e-05 0.00010149 9.51805e-07 2.08411e-12 1.60496e-13 5.88604e-05 3.47139e-05 1.08532e-07 0.0009815 4.71695e-10 0.000106173 5.02363e-06 1.2541e-05 2.252e-10 2.30269e-09 0.000255457 1.97746e-06 8.2369e-10 3.68598e-06 4.37379e-07 4.64799e-06 0.0621919 1.02935e-06 6.16091e-05 1.0054e-07 7.13855e-05 1.6498e-07 7.10841e-06 1.12954e-05 2.00331e-06 1.46488e-12
-0.0118056  751.031 1.90081e-08 0.000656142 3.23575e-08 0.212791 2.37098e-07 0.00482303 0.714243 0.000150479 2.98834e-05 0.00244606 0.000480227 0.000129239 1.01234e-09 1.56994e-05 2.19993e-11 7.48649e-07 6.2273e-05 0.000114608 1.39948e-06 3.21776e-12 3.39589e-13 7.04984e-05 4.38679e-05 1.6869e-07 0.00113009 7.5251e-10 0.000123203 6.1802e-06 1.51375e-05 3.66038e-10 3.67656e-09 0.000308744 2.47581e-06 1.08682e-09 4.48412e-06 5.65936e-07 5.90306e-06 0.0621374 1.58463e-06 7.83652e-05 1.3695e-07 9.93595e-05 1.93787e-07 8.90092e-06 1.57613e-05 2.59442e-06 2.6253e-12
-0.0111111  758.397 2.51138e-08 0.000680603 4.18763e-08 0.211987 3.39079e-07 0.00536255 0.713693 0.000172243 3.37121e-05 0.00279637 0.00056789 0.000150928 1.61768e-09 1.84781e-05 3.62672e-11 1.01977e-06 7.23269e-05 0.000129318 2.05526e-06 5.03201e-12 7.20342e-13 8.43336e-05 5.53237e-05 2.72234e-07 0.00129995 1.21185e-09 0.000142822 7.59332e-06 1.82434e-05 6.00552e-10 6.03713e-09 0.000372658 3.10876e-06 1.401e-09 5.4477e-06 7.26978e-07 7.46819e-06 0.0620586 2.52201e-06 9.84645e-05 1.87548e-07 0.000137647 2.21686e-07 1.09899e-05 2.18792e-05 3.34591e-06 4.63795e-12
-0.0104167  766.739 3.32358e-08 0.000705824 5.44963e-08 0.211076 4.84965e-07 0.00595717 0.713087 0.000196961 3.79243e-05 0.00319384 0.000670719 0.000175904 2.59441e-09 2.17204e-05 5.99505e-11 1.3785e-06 8.33183e-05 0.000145788 3.00755e-06 7.96884e-12 1.52126e-12 0.000100748 6.96207e-05 4.42676e-07 0.00149381 1.96373e-09 0.000165385 9.31646e-06 2.19483e-05 9.93218e-10 9.91206e-09 0.000449162 3.91555e-06 1.8031e-09 6.60856e-06 9.25752e-07 9.40785e-06 0.061947 3.9623e-06 0.000122135 2.53075e-07 0.000189592 2.48855e-07 1.33389e-05 3.01749e-05 4.29313e-06 8.15898e-12
-0.00972222  776.163 4.40645e-08 0.000731804 7.13481e-08 0.210047 6.93223e-07 0.0066112 0.712423 0.000224953 4.25271e-05 0.00364396 0.000791065 0.000204549 4.1852e-09 2.54942e-05 9.8983e-11 1.84548e-06 9.50331e-05 0.000164191 4.38104e-06 1.28466e-11 3.20388e-12 0.000120175 8.73085e-05 7.49765e-07 0.00171461 3.21133e-09 0.000191281 1.14119e-05 2.63533e-05 1.65639e-09 1.67208e-08 0.000540512 4.94704e-06 2.25719e-09 8.00358e-06 1.1649e-06 1.17945e-05 0.0617919 6.43769e-06 0.000148735 3.42061e-07 0.000259401 2.69545e-07 1.58664e-05 4.13021e-05 5.47538e-06 1.40674e-11
-0.00902778  786.78 5.85563e-08 0.000758545 9.39905e-08 0.208889 9.88588e-07 0.0073292 0.711697 0.000256524 4.75184e-05 0.00415279 0.000931605 0.000237256 6.76415e-09 2.98755e-05 1.63638e-10 2.4447e-06 0.000107145 0.000184716 6.33898e-06 2.1072e-11 6.67825e-12 0.00014311 0.000109063 1.27961e-06 0.00196561 5.27647e-09 0.000220944 1.39533e-05 3.15716e-05 2.78036e-09 2.80341e-08 0.000649326 6.26939e-06 2.81924e-09 9.67582e-06 1.44462e-06 1.47081e-05 0.0615792 1.02489e-05 0.000177786 4.52527e-07 0.000352039 2.8483e-07 1.84163e-05 5.60074e-05 6.93111e-06 2.40413e-11
-0.00833333  798.704 7.8008e-08 0.000786042 1.24635e-07 0.20759 1.40504e-06 0.00811564 0.710912 0.000291952 5.28823e-05 0.00472675 0.0010953 0.000274407 1.09763e-08 3.49465e-05 2.6963e-10 3.19626e-06 0.000119137 0.000207551 9.10445e-06 3.53325e-11 1.38029e-11 0.000170104 0.000135333 2.27369e-06 0.00225028 8.73498e-09 0.000254842 1.70246e-05 3.77268e-05 4.69784e-09 4.79648e-08 0.000778576 7.96754e-06 3.40985e-09 1.16745e-05 1.75484e-06 1.82333e-05 0.0612915 1.68029e-05 0.000206664 5.95177e-07 0.000473307 2.867e-07 2.07614e-05 7.51378e-05 8.69586e-06 3.99764e-11
-0.00763889  812.056 1.04237e-07 0.000814294 1.66342e-07 0.206138 1.98593e-06 0.00897512 0.710069 0.0003314 5.8587e-05 0.00537283 0.00128548 0.000316368 1.78e-08 4.07962e-05 4.43924e-10 4.12067e-06 0.00013037 0.000232895 1.29558e-05 6.04084e-11 2.80644e-11 0.000201775 0.000166586 4.05592e-06 0.00257239 1.44858e-08 0.000293493 2.07226e-05 4.49514e-05 7.97373e-09 8.04898e-08 0.000931663 1.015e-05 4.11123e-09 1.40564e-05 2.07763e-06 2.24574e-05 0.0609073 2.67047e-05 0.000233898 7.5905e-07 0.000629157 2.79394e-07 2.2593e-05 9.94952e-05 1.07874e-05 6.54715e-11
-0.00694444  826.95 1.39741e-07 0.000843296 2.23509e-07 0.204523 2.78817e-06 0.00991207 0.709176 0.000374911 6.45796e-05 0.00609838 0.00150581 0.000363452 2.89129e-08 4.75169e-05 7.2679e-10 5.2222e-06 0.000139989 0.000260941 1.82627e-05 1.05501e-10 5.62568e-11 0.000238786 0.000202187 7.45903e-06 0.00293589 2.41292e-08 0.000337453 2.51534e-05 5.33843e-05 1.35971e-08 1.35351e-07 0.00111239 1.29532e-05 4.78309e-09 1.68858e-05 2.36943e-06 2.74635e-05 0.0604003 4.31742e-05 0.00025366 9.49165e-07 0.000825559 2.54812e-07 2.35585e-05 0.000129811 1.32025e-05 1.03455e-10
-0.00625  843.506 1.8807e-07 0.000873048 3.02237e-07 0.202737 3.88061e-06 0.010931 0.708243 0.000422195 7.07832e-05 0.00691135 0.00176035 0.000415901 4.68144e-08 5.52037e-05 1.18636e-09 6.50098e-06 0.000147137 0.000291882 2.54642e-05 1.87139e-10 1.10369e-10 0.00028185 0.000241108 1.35862e-05 0.00334497 4.01078e-08 0.000387331 3.04343e-05 6.31641e-05 2.32518e-08 2.17758e-07 0.00132504 1.65456e-05 5.5412e-09 2.02356e-05 2.58046e-06 3.33269e-05 0.0597395 6.67126e-05 0.000265053 1.13716e-06 0.00106661 2.22883e-07 2.33363e-05 0.000166404 1.58837e-05 1.59791e-10
-0.00555556  861.828 2.54189e-07 0.000903549 4.11419e-07 0.200773 5.35033e-06 0.0120361 0.707287 0.000472664 7.70931e-05 0.00782 0.0020535 0.000473854 7.57827e-08 6.39464e-05 1.9228e-09 7.92074e-06 0.000150817 0.00032589 3.51338e-05 3.36702e-10 2.1259e-10 0.000331679 0.00027906 2.48887e-05 0.00380382 6.67425e-08 0.000443777 3.6685e-05 7.44319e-05 3.98878e-08 3.39729e-07 0.00157422 2.11308e-05 6.17916e-09 2.41872e-05 2.62719e-06 4.01052e-05 0.0588885 0.000102707 0.000259917 1.30815e-06 0.00135439 1.78287e-07 2.17029e-05 0.000209185 1.8726e-05 2.36139e-10
-0.00486111  882.024 3.45293e-07 0.000934802 5.63434e-07 0.198625 7.30211e-06 0.0132316 0.706332 0.000525077 8.3373e-05 0.00883318 0.00239013 0.000537297 1.22147e-07 7.38264e-05 3.10445e-09 9.44302e-06 0.000150362 0.00036312 4.79236e-05 6.10207e-10 3.99922e-10 0.000388957 0.000311713 4.39934e-05 0.00431655 1.10508e-07 0.000507501 4.40252e-05 8.73199e-05 6.85327e-08 4.89534e-07 0.00186488 2.69479e-05 6.85383e-09 2.88321e-05 2.47449e-06 4.78323e-05 0.0578057 0.000149053 0.000243345 1.42615e-06 0.00168584 1.35733e-07 1.87355e-05 0.00025717 2.15292e-05 3.38856e-10
-0.00416667  904.176 4.71678e-07 0.000966813 7.76606e-07 0.196294 9.87091e-06 0.0145215 0.70541 0.000577767 8.94581e-05 0.00996009 0.00277547 0.000606061 1.96842e-07 8.4904e-05 4.98238e-09 1.09716e-05 0.000145161 0.000403682 6.46873e-05 1.11208e-09 7.38338e-10 0.000454237 0.000329751 7.55578e-05 0.00488687 1.82886e-07 0.000579262 5.25574e-05 0.000101978 1.17945e-07 6.56895e-07 0.00220198 3.42704e-05 7.31639e-09 3.42708e-05 2.09075e-06 5.65096e-05 0.0564449 0.000210452 0.000209597 1.46078e-06 0.00205394 9.25544e-08 1.47437e-05 0.000308765 2.4057e-05 4.63092e-10
-0.00347222  928.373 6.48523e-07 0.000999586 1.07652e-06 0.193776 1.32338e-05 0.0159096 0.704558 0.000628284 9.5151e-05 0.0112105 0.00321525 0.000679734 3.16221e-07 9.72111e-05 7.98132e-09 1.24322e-05 0.000135406 0.000447636 8.63684e-05 2.02831e-09 1.33501e-09 0.000527841 0.000329683 0.000122144 0.00551753 3.01085e-07 0.000659891 6.23556e-05 0.000118568 2.02896e-07 7.94808e-07 0.00258991 4.33944e-05 7.76271e-09 4.06149e-05 1.5896e-06 6.61006e-05 0.0547568 0.000278857 0.000172501 1.41662e-06 0.00244513 6.02356e-08 1.0442e-05 0.000361479 2.60108e-05 6.13574e-10
-0.00277778  954.672 8.97818e-07 0.00103312 1.50137e-06 0.191076 1.76258e-05 0.0173995 0.703822 0.000673984 0.000100238 0.0125945 0.00371556 0.000757698 5.08698e-07 0.000110731 1.2758e-08 1.36806e-05 0.000121443 0.000494955 0.000114206 3.70196e-09 2.37838e-09 0.000609667 0.000305186 0.000187352 0.00620984 4.95742e-07 0.000750278 7.34306e-05 0.000137328 3.48472e-07 8.83067e-07 0.00303186 5.4633e-05 7.93916e-09 4.7986e-05 1.05987e-06 7.65258e-05 0.0526908 0.000354123 0.000129418 1.27566e-06 0.00284299 3.47937e-08 6.48741e-06 0.000412563 2.71803e-05 7.76024e-10
-0.00208333  983.136 1.25184e-06 0.0010674 2.10406e-06 0.188189 2.33727e-05 0.0189944 0.70325 0.000711929 0.000104484 0.0141224 0.00428296 0.000838988 8.16767e-07 0.000125389 2.04195e-08 1.46535e-05 0.000104706 0.000545497 0.000149509 6.74515e-09 4.17388e-09 0.000699001 0.000264551 0.000268602 0.00696246 8.12555e-07 0.000851393 8.57096e-05 0.000158557 5.95444e-07 9.11781e-07 0.00352793 6.82804e-05 8.0708e-09 5.65168e-05 6.5233e-07 8.76625e-05 0.0502008 0.000423698 9.36548e-05 1.09606e-06 0.00322775 1.94166e-08 3.50733e-06 0.000459096 2.74374e-05 9.568e-10
-0.00138889  1013.79 1.75663e-06 0.00110239 2.96321e-06 0.185118 3.08927e-05 0.0206973 0.702896 0.000739756 0.000107668 0.0158048 0.00492442 0.00092241 1.31231e-06 0.000141024 3.27132e-08 1.52159e-05 8.64244e-05 0.000598967 0.000193925 1.2274e-08 7.25089e-09 0.000794251 0.000211235 0.000364032 0.00777101 1.33105e-06 0.000964288 9.89758e-05 0.000182661 1.00946e-06 9.02568e-07 0.00407417 8.46096e-05 7.94199e-09 6.63517e-05 3.68991e-07 9.93494e-05 0.0472485 0.000481487 6.18121e-05 8.71506e-07 0.00358091 9.6417e-09 1.60749e-06 0.000498586 2.68535e-05 1.13675e-09
-0.000694444  1046.66 2.47713e-06 0.00113799 4.18549e-06 0.181857 4.07519e-05 0.0225103 0.702802 0.000755792 0.000109574 0.017652 0.00564722 0.00100635 2.09881e-06 0.000157382 5.24816e-08 1.53823e-05 6.85995e-05 0.000654862 0.000248974 2.22647e-08 1.24602e-08 0.000892745 0.000159439 0.00046495 0.00862554 2.16575e-06 0.00109009 0.000112855 0.000210068 1.69021e-06 8.86279e-07 0.00465872 0.0001038 7.77458e-09 7.76474e-05 2.09417e-07 0.00011139 0.0438158 0.000516796 3.96194e-05 6.64877e-07 0.00388642 4.67084e-09 6.35393e-07 0.000529213 2.55996e-05 1.32872e-09
0  1081.71 3.50138e-06 0.00117404 5.92688e-06 0.178406 5.36491e-05 0.0244343 0.703009 0.000759685 0.000110037 0.0196733 0.00645884 0.00108901 3.33933e-06 0.000174076 8.41543e-08 1.50831e-05 5.22808e-05 0.000712414 0.000316225 4.02329e-08 2.12282e-08 0.000990471 0.000112037 0.000564474 0.00951058 3.50476e-06 0.00123 0.000126732 0.000241184 2.78549e-06 8.62169e-07 0.00526189 0.000125966 7.40679e-09 9.05736e-05 1.15216e-07 0.000123565 0.0399097 0.000523451 2.32477e-05 4.69263e-07 0.00413357 2.0273e-09 2.16843e-07 0.000550008 2.39016e-05 1.51244e-09
0.000694444  1118.91 4.94438e-06 0.00121027 8.39231e-06 0.174756 7.05067e-05 0.0264684 0.703532 0.000752271 0.000108929 0.0218764 0.00736662 0.00116823 5.2471e-06 0.000190601 1.34491e-07 1.44341e-05 3.87021e-05 0.000770516 0.00039643 7.22392e-08 3.57817e-08 0.00108211 7.55891e-05 0.000650471 0.0104011 5.59724e-06 0.00138524 0.000139828 0.000276227 4.49813e-06 8.47427e-07 0.00585156 0.000151026 7.02802e-09 0.000105312 6.58457e-08 0.000135637 0.0355797 0.000502267 1.3322e-05 3.19315e-07 0.0043176 8.65288e-10 6.90741e-08 0.00056093 2.19405e-05 1.70531e-09
0.00138889  1158.16 6.94911e-06 0.0012463 1.18748e-05 0.170898 9.24577e-05 0.0286097 0.704368 0.000735527 0.000106199 0.0242664 0.00837776 0.00124182 8.11756e-06 0.000206298 2.13523e-07 1.34381e-05 2.78562e-05 0.000827683 0.000489534 1.28618e-07 5.96617e-08 0.00116106 4.81026e-05 0.000713517 0.0112649 8.8146e-06 0.001557 0.000151122 0.00031519 7.09699e-06 8.25847e-07 0.00638815 0.000178811 6.5331e-09 0.000122059 3.68656e-08 0.000147367 0.0309178 0.000454894 7.07693e-06 2.02581e-07 0.00443914 3.36768e-10 2.12953e-08 0.000562556 1.98409e-05 1.88695e-09
0.00208333  1199.33 9.68109e-06 0.0012816 1.67458e-05 0.166819 0.000120954 0.0308513 0.70548 0.000712023 0.000101859 0.0268435 0.00949851 0.00130744 1.22724e-05 0.000220418 3.35115e-07 1.2259e-05 1.98008e-05 0.000882002 0.000593554 2.26325e-07 9.81048e-08 0.00122017 2.96582e-05 0.000743388 0.0120584 1.35787e-05 0.00174626 0.000159669 0.000357579 1.09024e-05 8.17987e-07 0.00682239 0.000208802 6.05585e-09 0.000141013 2.16274e-08 0.000158514 0.0260722 0.000393009 3.69947e-06 1.24844e-07 0.00450303 1.30091e-10 6.87879e-09 0.000555948 1.76837e-05 2.07471e-09
0.00277778  1242.24 1.33215e-05 0.00131552 2.35214e-05 0.162506 0.000157746 0.0331838 0.706808 0.000684427 9.60081e-05 0.0296032 0.0107344 0.00136291 1.8065e-05 0.000232114 5.17939e-07 1.09304e-05 1.38766e-05 0.000931178 0.000704864 3.92437e-07 1.58791e-07 0.00125235 1.74061e-05 0.000735837 0.012733 2.04226e-05 0.00195363 0.000164494 0.000402451 1.62784e-05 8.19856e-07 0.00710664 0.000240333 5.53378e-09 0.000162372 1.27903e-08 0.000168847 0.0212278 0.000321573 1.82064e-06 7.25149e-08 0.00451594 4.68187e-11 2.25336e-09 0.000542259 1.55269e-05 2.24985e-09
0.00347222  1286.66 1.80473e-05 0.00134732 3.28319e-05 0.157946 0.00020494 0.0355923 0.708266 0.00065495 8.88205e-05 0.032533 0.012089 0.00140615 2.57456e-05 0.000240577 7.84124e-07 9.59071e-06 9.70695e-06 0.000972631 0.000817591 6.68124e-07 2.52094e-07 0.00125217 9.93355e-06 0.000691421 0.0132343 2.9773e-05 0.00217888 0.000165196 0.000448085 2.35726e-05 8.54741e-07 0.00719684 0.000272073 5.04087e-09 0.000186283 8.11089e-09 0.000178133 0.0166017 0.000251526 8.82582e-07 4.09774e-08 0.00448535 1.67547e-11 7.64715e-10 0.000522677 1.34199e-05 2.42588e-09
0.00416667  1332.28 2.4022e-05 0.0013763 4.55199e-05 0.153135 0.000264946 0.0380593 0.709765 0.000624972 8.05494e-05 0.0356143 0.0135651 0.00143543 3.54343e-05 0.000245066 1.15897e-06 8.26646e-06 6.7401e-06 0.0010037 0.000924895 1.11348e-06 3.91559e-07 0.00121664 5.45266e-06 0.00061735 0.0135137 4.19742e-05 0.00242059 0.000161603 0.000492292 3.30893e-05 9.31801e-07 0.00706625 0.000302392 4.53931e-09 0.000212805 5.41827e-09 0.00018615 0.0123979 0.000186019 4.07184e-07 2.19611e-08 0.00441807 5.68896e-12 2.56682e-10 0.000498252 1.14051e-05 2.58735e-09
0.00486111  1378.74 3.13716e-05 0.00140176 6.25828e-05 0.148078 0.000340407 0.0405629 0.711214 0.000594949 7.15145e-05 0.0388194 0.0151628 0.00144938 4.69755e-05 0.00024508 1.66569e-06 7.02985e-06 4.67897e-06 0.00102192 0.00101926 1.811e-06 5.93214e-07 0.00114653 2.92322e-06 0.000525025 0.013532 5.69224e-05 0.0026753 0.000154334 0.000532264 4.49925e-05 1.05284e-06 0.0067094 0.000328784 4.05128e-09 0.000241778 3.85895e-09 0.000192667 0.00878763 0.000130484 1.83097e-07 1.13438e-08 0.00432014 1.90061e-12 8.65947e-11 0.000469953 9.52117e-06 2.73968e-09
0.00555556  1425.61 4.01847e-05 0.00142319 8.52745e-05 0.142793 0.000434131 0.0430802 0.712546 0.000564534 6.20791e-05 0.042116 0.016882 0.00144715 5.99511e-05 0.00024038 2.32275e-06 5.89162e-06 3.23788e-06 0.00102531 0.00109411 2.86799e-06 8.74874e-07 0.00104616 1.53068e-06 0.000426977 0.0132705 7.41025e-05 0.00293711 0.000144161 0.000565219 5.92906e-05 1.20097e-06 0.00614832 0.000348576 3.55764e-09 0.000272724 2.82864e-09 0.000197459 0.00586909 8.59754e-05 7.8779e-08 5.56317e-09 0.00419639 6.1066e-13 2.87258e-11 0.000438637 7.79912e-06 2.87235e-09
0.00625  1472.41 5.04954e-05 0.00144024 0.000115033 0.137313 0.000548869 0.045586 0.713718 0.00053296 5.26318e-05 0.0454646 0.0187201 0.00142848 7.3667e-05 0.000231088 3.13621e-06 4.86807e-06 2.23817e-06 0.00101268 0.00114426 4.41318e-06 1.25382e-06 0.00092314 7.89641e-07 0.000334002 0.0127337 9.23854e-05 0.00319692 0.000132145 0.000588596 7.57642e-05 1.32788e-06 0.00543008 0.000358968 3.0593e-09 0.000304649 2.05884e-09 0.000200296 0.00366344 5.29192e-05 3.24087e-08 2.58411e-09 0.00405086 1.89246e-13 9.33685e-12 0.000405121 6.26284e-06 2.98126e-09
0.00694444  1518.66 6.22913e-05 0.00145271 0.00015349 0.131682 0.000687236 0.0480567 0.714717 0.000499422 4.35434e-05 0.0488237 0.0206748 0.00139373 8.72671e-05 0.000217665 4.09494e-06 3.96583e-06 1.55034e-06 0.000983783 0.00116657 6.58932e-06 1.74448e-06 0.000786991 4.055e-07 0.000253128 0.0119498 0.000110181 0.00344264 0.000119305 0.000600542 9.39741e-05 1.36414e-06 0.00461879 0.000357793 2.56246e-09 0.000335953 1.43269e-09 0.000200965 0.002116 3.02274e-05 1.27186e-08 1.13268e-09 0.0038868 5.66474e-14 2.96504e-12 0.000370175 4.92588e-06 3.06235e-09
0.00763889  1563.86 7.55029e-05 0.00146053 0.000202427 0.125954 0.000851422 0.0504684 0.715554 0.00046344 3.51389e-05 0.0521484 0.0227415 0.00134385 9.98324e-05 0.000200851 5.16851e-06 3.17731e-06 1.07142e-06 0.000939428 0.00116035 9.53536e-06 2.35527e-06 0.000647683 2.07738e-07 0.00018729 0.0109677 0.0001258 0.00365955 0.000106273 0.000600279 0.000113285 1.2789e-06 0.00378415 0.000344392 2.07554e-09 0.00036445 9.27524e-10 0.000199282 0.001117 1.57607e-05 4.64304e-09 4.58428e-10 0.00370714 1.58929e-14 8.93526e-13 0.000334562 3.79238e-06 3.10464e-09
0.00833333  1607.55 9.0015e-05 0.00146368 0.000263573 0.120183 0.00104301 0.0528004 0.716256 0.000425027 2.76662e-05 0.0553939 0.0249159 0.00128043 0.000110572 0.000181624 6.30182e-06 2.51065e-06 7.45854e-07 0.000881436 0.00112694 1.33641e-05 3.08524e-06 0.00051436 1.08042e-07 0.000136537 0.00984769 0.000137505 0.00383181 9.38167e-05 0.000587855 0.000132834 1.04846e-06 0.00298896 0.000319309 1.62356e-09 0.000387456 5.43755e-10 0.000195115 0.000532261 7.47537e-06 1.59542e-09 1.72436e-10 0.00351456 4.27523e-15 2.58813e-13 0.000299009 2.85642e-06 3.11161e-09
0.00902778  1649.34 0.000105664 0.00146217 0.000338722 0.114429 0.00126285 0.0550333 0.716857 0.000384691 2.12691e-05 0.0585152 0.0271919 0.00120532 0.000118803 0.000160996 7.43008e-06 1.94996e-06 5.17313e-07 0.000812407 0.00107014 1.81324e-05 3.92276e-06 0.000393948 5.68689e-08 9.88789e-05 0.00865618 0.000144352 0.00394454 8.19501e-05 0.000564575 0.000151722 7.6269e-07 0.002279 0.000285292 1.2196e-09 0.000402451 2.87001e-10 0.00018841 0.000225088 3.1397e-06 4.93359e-10 5.80623e-11 0.00331175 1.04148e-15 6.85608e-14 0.000264205 2.10416e-06 3.06992e-09
0.00972222  1688.91 0.000122248 0.00145606 0.000429236 0.108747 0.00151057 0.0571508 0.717387 0.000343351 1.6002e-05 0.0614687 0.0295623 0.00112097 0.000124208 0.000140032 8.47022e-06 1.49744e-06 3.62482e-07 0.000735563 0.000994637 2.38107e-05 4.84101e-06 0.000291036 3.08985e-08 7.18228e-05 0.00745477 0.000145663 0.00398563 7.11628e-05 0.000532038 0.000168839 4.79362e-07 0.00168095 0.000245469 8.82568e-10 0.000407194 1.35739e-10 0.000179215 8.36492e-05 1.17024e-06 1.41056e-10 1.78535e-11 0.0031015 2.39826e-16 1.7084e-14 0.000230779 1.51579e-06 2.98967e-09
0.0104167  1725.98 0.000139531 0.00144544 0.000536455 0.103186 0.001785 0.0591392 0.717868 0.000302083 1.18168e-05 0.0642133 0.0320183 0.00102969 0.000126524 0.000119588 9.35208e-06 1.13387e-06 2.52771e-07 0.000654273 0.000906162 3.02635e-05 5.80215e-06 0.000207318 1.71807e-08 5.25394e-05 0.00629581 0.000141894 0.00394829 6.11675e-05 0.000492644 0.000183284 2.76162e-07 0.00120124 0.000203951 6.139e-10 0.000400792 5.94751e-11 0.000167698 2.68375e-05 3.75443e-07 3.58479e-11 4.87254e-12 0.00288664 4.94396e-17 3.83873e-15 0.000199262 1.06787e-06 2.86079e-09
0.0111111  1760.4 0.000157259 0.00143051 0.000660939 0.0977937 0.00208323 0.060988 0.718314 0.000262027 8.61352e-06 0.0667111 0.0345495 0.000934239 0.00012595 0.000100432 1.00007e-05 8.5304e-07 1.78274e-07 0.000571942 0.000809806 3.7234e-05 6.7513e-06 0.000142522 9.91475e-09 3.88011e-05 0.00521845 0.00013356 0.0038315 5.22918e-05 0.000448458 0.00019401 1.53129e-07 0.000833806 0.000163852 4.13489e-10 0.000383266 2.5986e-11 0.000154177 7.4398e-06 1.05193e-07 8.86155e-12 1.29022e-12 0.0026701 1.01915e-17 8.55219e-16 0.000170085 7.35977e-07 2.69878e-09
0.0118056  1792.05 0.000175167 0.00141159 0.000803154 0.0926068 0.00240201 0.0626902 0.718731 0.000224132 6.23871e-06 0.0689305 0.0371442 0.000836853 0.000122557 8.30125e-05 1.03759e-05 6.36354e-07 1.24964e-07 0.000491505 0.000710594 4.43672e-05 7.63198e-06 9.45465e-05 5.83428e-09 2.87485e-05 0.00424805 0.000122002 0.00364107 4.41914e-05 0.000401842 0.000200471 9.28081e-08 0.000562937 0.000127877 2.70159e-10 0.000356308 1.25062e-11 0.000139082 1.75783e-06 2.50904e-08 2.3982e-12 3.85753e-13 0.00245466 2.38524e-18 2.15756e-16 0.00014354 4.9641e-07 2.49937e-09
0.0125  1820.91 0.000193004 0.00138911 0.000962491 0.0876594 0.00273619 0.064242 0.719118 0.0001892 4.53809e-06 0.0708458 0.0397894 0.000740132 0.000116874 6.7664e-05 1.04455e-05 4.74218e-07 8.84834e-08 0.000415508 0.000612494 5.12266e-05 8.37774e-06 6.06271e-05 3.52807e-09 2.13195e-05 0.00339881 0.000108239 0.00338807 3.70858e-05 0.00035452 0.000202072 6.50908e-08 0.000370899 9.73216e-05 1.73254e-10 0.000322186 7.19456e-12 0.000123003 3.59062e-07 5.27325e-09 9.60782e-13 1.76243e-13 0.00224309 8.67362e-19 8.41341e-17 0.00011981 3.27932e-07 2.28046e-09
0.0131944  1846.98 0.000210536 0.00136363 0.00113812 0.082976 0.0030811 0.0656434 0.719476 0.000157716 3.35312e-06 0.072441 0.0424717 0.000645986 0.000109184 5.44407e-05 1.02221e-05 3.52664e-07 6.22081e-08 0.000345721 0.000519069 5.73638e-05 8.93944e-06 3.75934e-05 2.15761e-09 1.57524e-05 0.00267437 9.36428e-05 0.00308801 3.07055e-05 0.000308228 0.000198921 5.13943e-08 0.000239042 7.27228e-05 1.09763e-10 0.000283961 4.68839e-12 0.00010654 6.28924e-08 9.89859e-10 5.63697e-13 1.18204e-13 0.00203778 4.33681e-19 4.90059e-17 9.89369e-05 2.12318e-07 2.043e-09
0.0138889  1870.33 0.000227572 0.00133578 0.00132798 0.0785768 0.00343043 0.0668974 0.719803 0.000129986 2.5534e-06 0.0737083 0.0451771 0.000556549 0.000100153 4.33305e-05 9.72984e-06 2.63276e-07 4.4116e-08 0.000283384 0.000432782 6.23535e-05 9.26998e-06 2.26031e-05 1.35003e-09 1.16512e-05 0.00207164 7.90612e-05 0.00275826 2.51953e-05 0.000264091 0.000191116 4.28796e-08 0.000151553 5.37289e-05 6.97722e-11 0.00024439 3.32374e-12 9.03807e-05 9.67542e-09 1.97185e-10 3.90574e-13 9.15283e-14 0.00184092 2.1684e-19 3.36103e-17 8.08728e-05 1.34877e-07 1.80357e-09
0.0145833  1891.06 0.000243954 0.00130627 0.00152978 0.0744718 0.00377935 0.0680094 0.720099 0.000106036 2.02616e-06 0.0746507 0.0478922 0.000473172 9.01527e-05 3.41473e-05 9.02699e-06 1.97168e-07 3.10706e-08 0.00022899 0.000355452 6.58727e-05 9.35604e-06 1.31922e-05 8.57919e-10 8.65619e-06 0.00158121 6.5393e-05 0.00241643 2.0369e-05 0.00022314 0.000179452 3.62537e-08 9.49943e-05 3.96084e-05 4.48475e-11 0.000206002 2.39984e-12 7.50583e-05 1.30193e-09 5.78822e-11 2.79414e-13 7.33419e-14 0.00165418 2.1684e-19 2.40693e-17 6.54665e-05 8.41429e-08 1.56498e-09
0.0152778  1909.33 0.000259568 0.00127576 0.00174014 0.0706677 0.00412174 0.068987 0.720363 8.57686e-05 1.68998e-06 0.0752793 0.0506035 0.000397227 7.98127e-05 2.67028e-05 8.17219e-06 1.48585e-07 2.20462e-08 0.000182619 0.00028788 6.77148e-05 9.19236e-06 7.50347e-06 5.62093e-10 6.52322e-06 0.00119085 5.30403e-05 0.00207838 1.6297e-05 0.000185933 0.000164636 3.06189e-08 5.94176e-05 2.93989e-05 2.95168e-11 0.000170528 1.77452e-12 6.10876e-05 1.57464e-10 2.95153e-11 1.99934e-13 5.85469e-14 0.00147895 2.1684e-19 1.75641e-17 5.25172e-05 5.16192e-08 1.33933e-09
0.0159722  1925.33 0.000274336 0.00124493 0.00195564 0.0671616 0.00445376 0.069839 0.720596 6.89043e-05 1.48083e-06 0.075614 0.053299 0.000329302 6.94682e-05 2.07353e-05 7.23601e-06 1.12555e-07 1.55562e-08 0.000143847 0.000230265 6.78327e-05 8.80892e-06 4.16894e-06 3.78542e-10 5.01163e-06 0.00088601 4.23486e-05 0.00175706 1.28465e-05 0.000152892 0.000147825 2.5661e-08 3.74054e-05 2.21594e-05 1.98978e-11 0.000139092 1.30775e-12 4.87263e-05 1.71026e-11 1.92681e-11 1.42111e-13 4.68115e-14 0.00131603 0 1.27936e-17 4.17713e-05 3.11714e-08 1.12854e-09
0.0166667  1939.26 0.000288217 0.00121437 0.00217227 0.0639484 0.00477059 0.0705752 0.720798 5.51159e-05 1.35716e-06 0.0756806 0.0559666 0.000269851 5.95819e-05 1.60197e-05 6.27624e-06 8.57312e-08 1.10502e-08 0.000112053 0.000182141 6.63131e-05 8.23881e-06 2.27553e-06 2.65051e-10 3.95017e-06 0.000652366 3.33296e-05 0.00146195 1.00214e-05 0.000124107 0.000129941 2.13114e-08 2.39944e-05 1.70671e-05 1.37707e-11 0.000112129 9.74912e-13 3.81638e-05 1.72408e-12 1.33272e-11 1.00546e-13 3.70979e-14 0.00116599 0 9.32414e-18 3.29663e-05 1.85553e-08 9.39164e-10
0.0173611  1951.35 0.00030119 0.00118463 0.00238642 0.0610156 0.00507005 0.0712054 0.720971 4.39985e-05 1.28733e-06 0.0755098 0.0585964 0.000218699 5.03608e-05 1.23196e-05 5.34542e-06 6.55731e-08 7.82166e-09 8.63929e-05 0.000142719 6.33688e-05 7.53737e-06 1.22616e-06 1.91807e-10 3.19228e-06 0.000476062 2.59546e-05 0.00119882 7.71413e-06 9.95358e-05 0.00011204 1.75225e-08 1.58298e-05 1.34684e-05 9.70243e-12 8.9634e-05 7.22389e-13 2.93617e-05 1.69778e-13 9.28147e-12 7.09131e-14 2.94285e-14 0.00102888 0 6.93889e-18 2.58295e-05 1.08994e-08 7.71103e-10
0.0180556  1961.83 0.000313262 0.00115613 0.00259442 0.0583499 0.00534921 0.0717398 0.721114 3.51617e-05 1.25292e-06 0.0751346 0.061179 0.000175527 4.20463e-05 9.44517e-06 4.47863e-06 5.03135e-08 5.57082e-09 6.60106e-05 0.000110943 5.92885e-05 6.75257e-06 6.58289e-07 1.43911e-10 2.64173e-06 0.000345 2.00353e-05 0.00097032 5.88461e-06 7.89287e-05 9.48408e-05 1.42627e-08 1.08421e-05 1.08832e-05 6.93769e-12 7.12613e-05 5.38596e-13 2.22385e-05 2.22474e-14 6.49182e-12 5.00218e-14 2.31659e-14 0.000904591 0 4.98733e-18 2.01063e-05 6.32644e-09 6.26295e-10
0.01875  1970.92 0.000324451 0.00112923 0.00279335 0.0559335 0.00560753 0.0721881 0.721231 2.82118e-05 1.2393e-06 0.0745886 0.0637068 0.000139638 3.46949e-05 7.22128e-06 3.70021e-06 3.86944e-08 3.96296e-09 5.00277e-05 8.57074e-05 5.44033e-05 5.93794e-06 3.55711e-07 1.10854e-10 2.22601e-06 0.000248732 1.53874e-05 0.000776352 4.44303e-06 6.19543e-05 7.89854e-05 1.14978e-08 7.72797e-06 8.97386e-06 4.99101e-12 5.65094e-05 3.99147e-13 1.65896e-05 6.78212e-15 4.55324e-12 3.5376e-14 1.82478e-14 0.000792649 0 3.68629e-18 1.55578e-05 3.63228e-09 5.02963e-10
0.0194444  1978.83 0.000334788 0.00110416 0.00298068 0.0537489 0.00584389 0.0725596 0.721323 2.28033e-05 1.23916e-06 0.0739045 0.0661728 0.000110281 2.83596e-05 5.51218e-06 3.02056e-06 2.98011e-08 2.8369e-09 3.76524e-05 6.59047e-05 4.90427e-05 5.13261e-06 1.96492e-07 8.75165e-11 1.90152e-06 0.000178796 1.17834e-05 0.00061501 3.33393e-06 4.81907e-05 6.48016e-05 9.18301e-09 5.73184e-06 7.51706e-06 3.60609e-12 4.48078e-05 2.96737e-13 1.22142e-05 3.83656e-15 3.2182e-12 2.51613e-14 1.42828e-14 0.000692481 0 2.81893e-18 1.19744e-05 2.06543e-09 4.00249e-10
0.0201389  1985.74 0.000344308 0.00108109 0.00315475 0.0517765 0.00605906 0.0728631 0.721392 1.86232e-05 1.24578e-06 0.0731126 0.0685721 8.65665e-05 2.29846e-05 4.20158e-06 2.44186e-06 2.29839e-08 2.03341e-09 2.81673e-05 5.05281e-05 4.35065e-05 4.37109e-06 1.12836e-07 7.01693e-11 1.63785e-06 0.000128405 9.02771e-06 0.000483113 2.48657e-06 3.71984e-05 5.24892e-05 7.27289e-09 4.39642e-06 6.36697e-06 2.6036e-12 3.56054e-05 2.19472e-13 8.87946e-06 2.50949e-15 2.2932e-12 1.80424e-14 1.11814e-14 0.000603321 0 1.95156e-18 9.17194e-06 1.16429e-09 3.15589e-10
0.0208333  1991.84 0.000353052 0.00106009 0.00331439 0.0499978 0.00625324 0.0731068 0.72144 1.54134e-05 1.25656e-06 0.0722402 0.0709 6.76491e-05 1.85105e-05 3.20097e-06 1.9588e-06 1.77476e-08 1.4674e-09 2.09681e-05 3.86848e-05 3.80442e-05 3.67348e-06 6.85919e-08 5.70278e-11 1.41793e-06 9.23483e-05 6.9346e-06 0.000376925 1.85056e-06 2.85339e-05 4.2041e-05 5.71496e-09 3.46667e-06 5.43228e-06 1.87932e-12 2.84022e-05 1.62551e-13 6.38458e-06 1.70697e-15 1.65358e-12 1.30744e-14 8.71048e-15 0.000524369 0 1.51788e-18 6.99547e-06 6.51345e-10 2.4698e-10
0.0215278  1997.27 0.000361059 0.00104119 0.00345915 0.048394 0.00642796 0.0732981 0.72147 1.29561e-05 1.26836e-06 0.0713111 0.0731538 5.27001e-05 1.483e-05 2.4379e-06 1.56248e-06 1.37295e-08 1.06286e-09 1.55462e-05 2.96226e-05 3.28459e-05 3.05317e-06 4.46371e-08 4.66999e-11 1.23007e-06 6.66586e-05 5.35526e-06 0.000292521 1.37576e-06 2.17852e-05 3.33679e-05 4.45994e-09 2.78854e-06 4.65474e-06 1.35334e-12 2.27746e-05 1.19912e-13 4.54202e-06 1.18243e-15 1.20697e-12 9.5902e-15 6.78472e-15 0.000454751 0 1.0842e-18 5.31501e-06 3.61929e-10 1.91872e-10
0.0222222  2002.13 0.000368374 0.00102433 0.00358904 0.0469479 0.00658417 0.073444 0.721483 1.10791e-05 1.28049e-06 0.0703457 0.0753309 4.09915e-05 1.18432e-05 1.85761e-06 1.24165e-06 1.06448e-08 7.75785e-10 1.14922e-05 2.27191e-05 2.80423e-05 2.51364e-06 3.11634e-08 3.85043e-11 1.06779e-06 4.84043e-05 4.1645e-06 0.000226165 1.02533e-06 1.65807e-05 2.62878e-05 3.45864e-09 2.27673e-06 3.99768e-06 9.73826e-13 1.83728e-05 8.85045e-14 3.20105e-06 8.37221e-16 8.93588e-13 7.12863e-15 5.26575e-15 0.000393614 0 8.67362e-19 4.02465e-06 1.99944e-10 1.48169e-10
0.0229167  2006.55 0.000375035 0.00100944 0.0037045 0.0456429 0.00672367 0.0735506 0.721483 9.64376e-06 1.29147e-06 0.0693606 0.0774303 3.18767e-05 9.43906e-06 1.41654e-06 9.8479e-07 8.27931e-09 5.69559e-10 8.47787e-06 1.74756e-05 2.37104e-05 2.05392e-06 2.31298e-08 3.1857e-11 9.26328e-07 3.54346e-05 3.26658e-06 0.000174458 7.67242e-07 1.26008e-05 2.05978e-05 2.66763e-09 1.87725e-06 3.43656e-06 6.99929e-13 1.4919e-05 6.51324e-14 2.23546e-06 6.02816e-16 6.70699e-13 5.37179e-15 4.08636e-15 0.000340102 0 6.50521e-19 3.03838e-06 1.09898e-10 1.13764e-10
0.0236111  2010.6 0.000381086 0.000996405 0.00380624 0.0444642 0.00684774 0.0736237 0.72147 8.54401e-06 1.30131e-06 0.0683694 0.0794511 2.48182e-05 7.52094e-06 1.0818e-06 7.80811e-07 6.464e-09 4.21782e-10 6.24781e-06 1.34972e-05 1.9883e-05 1.66819e-06 1.80005e-08 2.64483e-11 8.02787e-07 2.62031e-05 2.58629e-06 0.000134454 5.78113e-07 9.57724e-06 1.60783e-05 2.04752e-09 1.55913e-06 2.95462e-06 5.0349e-13 1.21949e-05 4.794e-14 1.54835e-06 4.42571e-16 5.10564e-13 4.10305e-15 3.1637e-15 0.000293414 0 4.33681e-19 2.28775e-06 6.01493e-11 8.6936e-11
0.0243056  2014.34 0.000386562 0.000985086 0.00389521 0.0433979 0.00695808 0.0736682 0.721448 7.69706e-06 1.30935e-06 0.067383 0.0813934 1.93675e-05 5.99799e-06 8.27731e-07 6.198e-07 5.07046e-09 3.14695e-10 4.60392e-06 1.04779e-05 1.65589e-05 1.34904e-06 1.44745e-08 2.19937e-11 6.94711e-07 1.96036e-05 2.0679e-06 0.000103672 4.39202e-07 7.29131e-06 1.25255e-05 1.56505e-09 1.30091e-06 2.53938e-06 3.62711e-13 1.00329e-05 3.52142e-14 1.06383e-06 3.30031e-16 3.93685e-13 3.17433e-15 2.44943e-15 0.000252785 0 4.33681e-19 1.7185e-06 3.28044e-11 6.61394e-11
0.025  2017.84 0.000391505 0.000975342 0.00397243 0.0424318 0.00705598 0.0736886 0.721417 7.04087e-06 1.31586e-06 0.0664096 0.0832579 1.51661e-05 4.79475e-06 6.34974e-07 4.9317e-07 3.99831e-09 2.37005e-10 3.39573e-06 8.18214e-06 1.37134e-05 1.08768e-06 1.18916e-08 1.83241e-11 6.00333e-07 1.48557e-05 1.66931e-06 8.00765e-05 3.37067e-07 5.5683e-06 9.75291e-06 1.19189e-09 1.08932e-06 2.18125e-06 2.62246e-13 8.30426e-06 2.58695e-14 7.2554e-07 2.50234e-16 3.07293e-13 2.48499e-15 1.8941e-15 0.000217516 0 2.1684e-19 1.28824e-06 1.78416e-11 5.01327e-11
0.0256944  2021.13 0.000395947 0.000967023 0.00403899 0.0415546 0.00714295 0.0736889 0.721379 6.52797e-06 1.32058e-06 0.0654556 0.0850456 1.19271e-05 3.84587e-06 4.88591e-07 3.9377e-07 3.17149e-09 1.80015e-10 2.50931e-06 6.43111e-06 1.13069e-05 8.75557e-07 9.89907e-09 1.52802e-11 5.17996e-07 1.14098e-05 1.35992e-06 6.20313e-05 2.61447e-07 4.27139e-06 7.60206e-06 9.04907e-10 9.14195e-07 1.87231e-06 1.90529e-13 6.91181e-06 1.898e-14 4.91227e-07 1.92121e-16 2.42415e-13 1.96609e-15 1.46541e-15 0.000186963 0 2.1684e-19 9.63936e-07 9.68412e-12 3.78699e-11
0.0263889  2024.24 0.000399926 0.00095998 0.00409595 0.0407567 0.0072201 0.0736727 0.721336 6.12325e-06 1.32383e-06 0.0645256 0.0867577 9.42712e-06 3.09886e-06 3.77344e-07 3.15746e-07 2.53124e-09 1.38043e-10 1.85967e-06 5.08975e-06 9.29217e-06 7.04462e-07 8.30768e-09 1.2757e-11 4.4635e-07 8.88252e-06 1.11704e-06 4.8243e-05 2.05098e-07 3.29486e-06 5.93925e-06 6.85185e-10 7.68642e-07 1.60599e-06 1.39397e-13 5.78132e-06 1.39281e-14 3.30324e-07 1.49403e-16 1.93077e-13 1.56992e-15 1.13321e-15 0.000160545 0 2.1684e-19 7.20113e-07 5.25032e-12 2.85252e-11
0.0270833  2027.22 0.000403472 0.000954072 0.00414436 0.0400291 0.00728868 0.0736429 0.721288 5.80011e-06 1.32554e-06 0.063623 0.0883961 7.49228e-06 2.5104e-06 2.92633e-07 2.54415e-07 2.0333e-09 1.06783e-10 1.38353e-06 4.05676e-06 7.61924e-06 5.67161e-07 7.00524e-09 1.06565e-11 3.84109e-07 7.00605e-06 9.24312e-07 3.77019e-05 1.62651e-07 2.55818e-06 4.65653e-06 5.17667e-10 6.47011e-07 1.37659e-06 1.02845e-13 4.8568e-06 1.02134e-14 2.20633e-07 1.17311e-16 1.55026e-13 1.26396e-15 8.77553e-16 0.00013774 0 2.1684e-19 5.37196e-07 2.8459e-12 2.143e-11
0.0277778  2030.06 0.000406619 0.00094916 0.00418517 0.0393643 0.0073496 0.0736025 0.721237 5.53901e-06 1.32601e-06 0.06275 0.0899625 5.9895e-06 2.04646e-06 2.27999e-07 2.06069e-07 1.6438e-09 8.33651e-11 1.03426e-06 3.25631e-06 6.23936e-06 4.57296e-07 5.92428e-09 8.90933e-12 3.30171e-07 5.59405e-06 7.69651e-07 2.96291e-05 1.30353e-07 2.00055e-06 3.66711e-06 3.90371e-10 5.45196e-07 1.17919e-06 7.66524e-14 4.09537e-06 7.49249e-15 1.46429e-07 9.30245e-17 1.25362e-13 1.02435e-15 6.79795e-16 0.000118082 0 0 4.0024e-07 1.54405e-12 1.60642e-11
0.0284722  2032.8 0.000409394 0.00094512 0.00421928 0.0387552 0.00740385 0.0735535 0.721184 5.32515e-06 1.32524e-06 0.061908 0.0914592 4.81677e-06 1.6797e-06 1.7853e-07 1.67814e-07 1.33733e-09 6.56214e-11 7.77567e-07 2.63186e-06 5.10707e-06 3.69558e-07 5.01832e-09 7.45191e-12 2.83501e-07 4.51646e-06 6.44286e-07 2.3428e-05 1.05457e-07 1.57646e-06 2.90313e-06 2.93937e-10 4.59696e-07 1.00949e-06 5.77734e-14 3.46433e-06 5.49474e-15 9.65687e-08 7.41594e-17 1.01973e-13 8.35269e-16 5.27356e-16 0.000101158 0 0 2.97868e-07 8.39665e-13 1.20176e-11
0.0291667  2035.45 0.000411825 0.000941832 0.00424749 0.0381961 0.00745215 0.0734982 0.721129 5.14769e-06 1.32352e-06 0.0610978 0.0928883 3.89682e-06 1.38898e-06 1.40545e-07 1.37398e-07 1.09454e-09 5.20841e-11 5.884e-07 2.14115e-06 4.18154e-06 2.99508e-07 4.2553e-09 6.23702e-12 2.43202e-07 3.68236e-06 5.41697e-07 1.86456e-05 8.60456e-08 1.25204e-06 2.31163e-06 2.21056e-10 3.87847e-07 8.63739e-07 4.4078e-14 2.93835e-06 4.03215e-15 6.3303e-08 5.96311e-17 8.33754e-14 6.84565e-16 4.09828e-16 8.66063e-05 0 0 2.21464e-07 4.58462e-13 8.9751e-12
0.0298611  2038.01 0.000413939 0.000939193 0.00427053 0.0376815 0.00749528 0.0734382 0.721073 4.99836e-06 1.32084e-06 0.0603197 0.0942521 3.17082e-06 1.15758e-06 1.11254e-07 1.13085e-07 9.00924e-10 4.16415e-11 4.48468e-07 1.75266e-06 3.42704e-06 2.43553e-07 3.6102e-09 5.22216e-12 2.08451e-07 3.02775e-06 4.57067e-07 1.49389e-05 7.07162e-08 1.00216e-06 1.85202e-06 1.66096e-10 3.27346e-07 7.3867e-07 3.40485e-14 2.49782e-06 2.95922e-15 4.12492e-08 4.81386e-17 6.84585e-14 5.63351e-16 3.19189e-16 7.41055e-05 0 0 1.64514e-07 2.51871e-13 6.69242e-12
0.0305556  2040.49 0.00041576 0.000937105 0.00428903 0.0372068 0.00753377 0.0733751 0.721017 4.87109e-06 1.31745e-06 0.0595735 0.095553 2.59438e-06 9.72632e-07 8.85687e-08 9.35372e-08 7.45408e-10 3.35289e-11 3.44478e-07 1.44278e-06 2.81295e-06 1.98776e-07 3.06397e-09 4.37486e-12 1.78533e-07 2.50734e-06 3.8675e-07 1.20492e-05 5.84807e-08 8.08243e-07 1.49313e-06 1.24719e-10 2.76392e-07 6.31434e-07 2.66289e-14 2.12723e-06 2.17361e-15 2.67252e-08 3.90313e-17 5.64201e-14 4.65123e-16 2.4915e-16 6.33768e-05 0 0 1.22116e-07 1.39594e-13 4.98376e-12
0.03125  2042.91 0.00041731 0.000935485 0.00430357 0.0367679 0.00756823 0.07331 0.720961 4.76119e-06 1.31336e-06 0.0588589 0.0967934 2.13369e-06 8.24069e-07 7.09073e-08 7.77262e-08 6.19662e-10 2.71612e-11 2.66765e-07 1.19379e-06 2.31345e-06 1.62861e-07 2.6007e-09 3.66627e-12 1.52804e-07 2.08871e-06 3.27987e-07 9.78204e-06 4.86073e-08 6.56543e-07 1.21137e-06 9.36141e-11 2.33417e-07 5.39551e-07 2.10717e-14 1.81439e-06 1.59746e-15 1.72175e-08 3.18755e-17 4.66411e-14 3.85325e-16 1.9494e-16 5.41762e-05 0 0 9.05819e-08 7.82931e-14 3.70685e-12
0.0319444  2045.27 0.00041861 0.000934254 0.00431465 0.0363612 0.00759909 0.0732441 0.720905 4.66521e-06 1.30876e-06 0.0581752 0.0979757 1.76318e-06 7.04151e-07 5.70853e-08 6.48598e-08 5.1729e-10 2.21298e-11 2.08321e-07 9.92282e-07 1.90707e-06 1.33959e-07 2.20769e-09 3.07392e-12 1.30704e-07 1.74844e-06 2.78633e-07 7.99111e-06 4.05719e-08 5.36882e-07 9.88741e-07 7.02557e-11 1.97174e-07 4.60875e-07 1.68567e-14 1.54946e-06 1.17506e-15 1.10323e-08 2.60209e-17 3.8662e-14 3.20056e-16 1.52873e-16 4.62919e-05 0 0 6.71502e-08 4.4595e-14 2.75428e-12
0.0326389  2047.56 0.000419679 0.000933348 0.00432269 0.0359834 0.00762678 0.0731783 0.72085 4.5804e-06 1.30365e-06 0.0575215 0.0991022 1.46329e-06 6.06817e-07 4.62048e-08 5.43281e-08 4.33441e-10 1.81178e-11 1.6405e-07 8.28118e-07 1.57611e-06 1.10618e-07 1.87402e-09 2.57805e-12 1.11738e-07 1.46935e-06 2.37024e-07 6.56629e-06 3.3977e-08 4.41712e-07 8.11699e-07 5.27297e-11 1.66575e-07 3.93542e-07 1.36158e-14 1.32455e-06 8.65193e-16 7.03164e-09 2.14672e-17 3.21195e-14 2.66497e-16 1.20346e-16 3.95396e-05 0 0 4.97522e-08 2.58929e-14 2.04454e-12
0.0333333  2049.81 0.000420536 0.000932708 0.00432809 0.0356317 0.00765164 0.0731134 0.720796 4.50476e-06 1.2982e-06 0.0568972 0.100175 1.21911e-06 5.27409e-07 3.75905e-08 4.56581e-08 3.64345e-10 1.49e-11 1.30255e-07 6.93539e-07 1.30612e-06 9.16872e-08 1.59075e-09 2.16307e-12 9.54769e-08 1.23869e-06 2.01829e-07 5.42456e-06 2.85313e-08 3.65402e-07 6.69922e-07 3.95868e-11 1.40746e-07 3.35946e-07 1.10916e-14 1.13318e-06 6.37728e-16 4.45907e-09 1.75641e-17 2.67379e-14 2.22261e-16 9.5193e-17 3.37601e-05 0 0 3.68428e-08 1.53801e-14 1.51642e-12
0.0340278  2052.01 0.000421198 0.000932282 0.00433117 0.0353037 0.00767401 0.0730498 0.720743 4.43662e-06 1.29238e-06 0.0563011 0.101198 1.01913e-06 4.62257e-07 3.07285e-08 3.84828e-08 3.07113e-10 1.2299e-11 1.04241e-07 5.82581e-07 1.08537e-06 7.62687e-08 1.35016e-09 1.81533e-12 8.15441e-08 1.04682e-06 1.71988e-07 4.50312e-06 2.40074e-08 3.03739e-07 5.55612e-07 2.97333e-11 1.18924e-07 2.86696e-07 9.09993e-15 9.70072e-07 4.70761e-16 2.81362e-09 1.45283e-17 2.22947e-14 1.85615e-16 7.54605e-17 2.88154e-05 0 0 2.72688e-08 9.37271e-15 1.12377e-12
0.0347222  2054.16 0.000421679 0.000932026 0.00433222 0.034997 0.00769413 0.0729882 0.720692 4.3748e-06 1.28634e-06 0.0557322 0.102171 8.54484e-07 4.08531e-07 2.523e-08 3.25148e-08 2.59463e-10 1.01865e-11 8.40407e-08 4.90618e-07 9.04387e-07 6.36515e-08 1.14586e-09 1.52401e-12 6.96138e-08 8.86374e-07 1.46631e-07 3.75428e-06 2.02339e-08 2.53542e-07 4.62807e-07 2.23449e-11 1.0049e-07 2.44596e-07 7.51049e-15 8.30831e-07 3.47812e-16 1.76663e-09 1.19262e-17 1.86173e-14 1.55258e-16 5.9848e-17 2.45866e-05 0 0 2.01704e-08 5.869e-15 8.32083e-13
0.0354167  2056.26 0.000421994 0.000931903 0.00433151 0.0347098 0.00771228 0.0729288 0.720642 4.31823e-06 1.28006e-06 0.0551896 0.103098 7.18227e-07 3.63978e-07 2.07968e-08 2.75283e-08 2.19623e-10 8.4593e-12 6.82124e-08 4.14037e-07 7.55536e-07 5.32793e-08 9.723e-10 1.27964e-12 5.94023e-08 7.51607e-07 1.25052e-07 3.14162e-06 1.70731e-08 2.12397e-07 3.86966e-07 1.68013e-11 8.49067e-08 2.08615e-07 6.22831e-15 7.1181e-07 2.5739e-16 1.10316e-09 9.97466e-18 1.55644e-14 1.30104e-16 4.79217e-17 2.0971e-05 0 0 1.49069e-08 3.77498e-15 6.15421e-13
0.0361111  2058.33 0.000422156 0.000931879 0.00432924 0.0344403 0.00772863 0.0728721 0.720593 4.26618e-06 1.27364e-06 0.0546722 0.10398 6.04937e-07 3.26849e-07 1.72011e-08 2.33438e-08 1.86169e-10 7.04169e-12 5.56939e-08 3.49986e-07 6.32676e-07 4.47109e-08 8.2485e-10 1.07463e-12 5.06646e-08 6.37988e-07 1.0666e-07 2.63712e-06 1.44181e-08 1.78452e-07 3.2458e-07 1.26356e-11 7.17316e-08 1.77864e-07 5.18422e-15 6.09946e-07 1.90603e-16 6.83642e-10 8.23994e-18 1.30254e-14 1.09071e-16 3.83808e-17 1.78799e-05 0 0 1.10005e-08 2.48629e-15 4.5441e-13
0.0368056  2060.36 0.000422176 0.000931927 0.00432562 0.0341868 0.00774339 0.0728183 0.720546 4.21796e-06 1.26708e-06 0.0541788 0.10482 5.1031e-07 2.95732e-07 1.42661e-08 1.98185e-08 1.57978e-10 5.87131e-12 4.56961e-08 2.96199e-07 5.30871e-07 3.75989e-08 6.99496e-10 9.02371e-13 4.31882e-08 5.41883e-07 9.09654e-08 2.21909e-06 1.21807e-08 1.50275e-07 2.72942e-07 9.49501e-12 6.05805e-08 1.51578e-07 4.32683e-15 5.22669e-07 1.41163e-16 4.17296e-10 6.72205e-18 1.09077e-14 9.15067e-17 3.07913e-17 1.52371e-05 0 0 8.09387e-09 1.66425e-15 3.34471e-13
0.0381944  2064.3 0.000421829 0.000932165 0.0043148 0.0337241 0.00776854 0.0727198 0.720458 4.13162e-06 1.2538e-06 0.0532612 0.106379 3.66712e-07 2.48176e-07 9.96439e-09 1.44039e-08 1.14643e-10 4.12445e-12 3.14854e-08 2.13931e-07 3.78484e-07 2.69117e-08 5.04884e-10 6.3939e-13 3.14687e-08 3.93351e-07 6.64288e-08 1.5913e-06 8.74528e-09 1.07845e-07 1.95521e-07 5.48934e-12 4.33878e-08 1.10426e-07 3.05051e-15 3.85314e-07 7.93636e-17 1.65667e-10 4.77049e-18 7.70065e-15 6.48353e-17 2.01662e-17 1.10975e-05 0 0 4.47172e-09 8.28114e-16 1.84848e-13
0.0395833  2068.11 0.000421038 0.000932454 0.00430033 0.0333107 0.00778923 0.0726341 0.720376 4.05515e-06 1.24005e-06 0.0524279 0.107792 2.64799e-07 2.13934e-07 7.02234e-09 1.05056e-08 8.34642e-11 2.91193e-12 2.2024e-08 1.55073e-07 2.7195e-07 1.93973e-08 3.64292e-10 4.5333e-13 2.29113e-08 2.86056e-07 4.85229e-08 1.14929e-06 6.28649e-09 7.79062e-08 1.41111e-07 3.19909e-12 3.10649e-08 8.04077e-08 2.16298e-15 2.8424e-07 4.51028e-17 6.58817e-11 3.25261e-18 5.4505e-15 4.59702e-17 1.34441e-17 8.07752e-06 0 0 2.46904e-09 4.31729e-16 1.0204e-13
0.0409722  2071.8 0.000419873 0.000932688 0.00428303 0.0329391 0.00780598 0.0725616 0.7203 3.98701e-06 1.22648e-06 0.0516709 0.109073 1.91901e-07 1.8894e-07 4.98462e-09 7.67979e-09 6.08829e-11 2.06505e-12 1.55826e-08 1.12684e-07 1.96626e-07 1.40529e-08 2.62866e-10 3.21812e-13 1.66705e-08 2.08274e-07 3.54419e-08 8.34329e-07 4.52383e-09 5.65471e-08 1.02383e-07 1.88288e-12 2.22483e-08 5.85291e-08 1.53978e-15 2.09751e-07 2.5804e-17 2.66553e-11 2.38524e-18 3.86735e-15 3.27429e-17 9.1073e-18 5.87637e-06 0 0 1.36271e-09 2.31586e-16 5.62842e-14
0.0423611  2075.38 0.000418389 0.000932804 0.00426355 0.0326032 0.00781971 0.0725018 0.720232 3.92508e-06 1.21275e-06 0.0509833 0.110235 1.39432e-07 1.70409e-07 3.55705e-09 5.6225e-09 4.44726e-11 1.4685e-12 1.11175e-08 8.20186e-08 1.42853e-07 1.02203e-08 1.89643e-10 2.28599e-13 1.21233e-08 1.51755e-07 2.5886e-08 6.07889e-07 3.25683e-09 4.11865e-08 7.45719e-08 1.12076e-12 1.59306e-08 4.25891e-08 1.09873e-15 1.54819e-07 1.4962e-17 1.12145e-11 1.51788e-18 2.74845e-15 2.34188e-17 6.28837e-18 4.27318e-06 0 0 7.51872e-10 1.26418e-16 3.10253e-14
0.04375  2078.85 0.000416637 0.000932758 0.00424239 0.0322979 0.0078307 0.0724544 0.720169 3.86872e-06 1.19932e-06 0.0503583 0.111289 1.01508e-07 1.56494e-07 2.54898e-09 4.11989e-09 3.25078e-11 1.04704e-12 7.98012e-09 5.97624e-08 1.04162e-07 7.45257e-09 1.36831e-10 1.62557e-13 8.81269e-09 1.10629e-07 1.89031e-08 4.44032e-07 2.34593e-09 3.0073e-08 5.44584e-08 6.75779e-13 1.14097e-08 3.0983e-08 7.85396e-16 1.14281e-07 8.89046e-18 5.04703e-12 1.0842e-18 1.95655e-15 1.66967e-17 4.33681e-18 3.10628e-06 0 0 4.14775e-10 6.96058e-17 1.7095e-14
0.0451389  2082.23 0.000414655 0.000932528 0.00421994 0.0320189 0.00783958 0.0724184 0.720112 3.81657e-06 1.18587e-06 0.0497899 0.112246 7.40056e-08 1.45873e-07 1.83207e-09 3.02042e-09 2.3774e-11 7.47684e-13 5.75281e-09 4.35757e-08 7.61488e-08 5.44477e-09 9.87165e-11 1.1566e-13 6.40395e-09 8.06743e-08 1.38022e-08 3.24912e-07 1.69008e-09 2.19984e-08 3.98456e-08 4.13112e-13 8.17027e-09 2.25342e-08 5.6205e-16 8.43608e-08 5.20417e-18 2.48844e-12 8.67362e-19 1.3945e-15 1.19262e-17 3.03577e-18 2.25736e-06 0 0 2.28792e-10 3.85976e-17 9.4163e-15
0.0465278  2085.51 0.000412483 0.0009321 0.0041965 0.031763 0.00784647 0.0723933 0.72006 3.7684e-06 1.17278e-06 0.0492723 0.113117 5.40186e-08 1.37654e-07 1.31994e-09 2.21479e-09 1.73884e-11 5.34811e-13 4.15997e-09 3.17861e-08 5.57711e-08 3.98264e-09 7.12291e-11 8.23688e-14 4.65226e-09 5.8844e-08 1.00758e-08 2.38032e-07 1.218e-09 1.61129e-08 2.91899e-08 2.563e-13 5.85193e-09 1.63868e-08 4.02673e-16 6.22708e-08 3.25261e-18 1.356e-12 6.50521e-19 9.95081e-16 8.45678e-18 2.1684e-18 1.64006e-06 0 0 1.26204e-10 2.14672e-17 5.18596e-15
0.0479167  2088.71 0.000410149 0.000931476 0.00417233 0.0315269 0.00785185 0.0723781 0.720013 3.72324e-06 1.15975e-06 0.0488005 0.113909 3.94681e-08 1.31173e-07 9.52539e-10 1.62414e-09 1.27192e-11 3.82884e-13 3.01462e-09 2.31916e-08 4.08962e-08 2.91554e-09 5.13935e-11 5.86894e-14 3.37896e-09 4.29273e-08 7.35456e-09 1.74524e-07 8.77866e-10 1.18135e-08 2.14031e-08 1.61369e-13 4.19083e-09 1.19143e-08 2.88615e-16 4.59628e-08 1.95156e-18 8.06289e-13 4.33681e-19 7.10586e-16 6.07153e-18 1.51788e-18 1.19132e-06 0 0 6.96195e-11 1.19262e-17 2.85579e-15
0.0493056  2091.84 0.000407682 0.000930657 0.0041476 0.0313085 0.00785575 0.072372 0.71997 3.68105e-06 1.14709e-06 0.04837 0.114631 2.88644e-08 1.25982e-07 6.88334e-10 1.19088e-09 9.30236e-12 2.74426e-13 2.18798e-09 1.69226e-08 3.0011e-08 2.13522e-09 3.70877e-11 4.18506e-14 2.45369e-09 3.13197e-08 5.36734e-09 1.28027e-07 6.32882e-10 8.66744e-09 1.5702e-08 1.03121e-13 3.00186e-09 8.66157e-09 2.07083e-16 3.39217e-08 1.30104e-18 5.11039e-13 2.1684e-19 5.0784e-16 4.33681e-18 1.0842e-18 8.65233e-07 0 0 3.84103e-11 6.50521e-18 1.57274e-15
0.0506944  2094.89 0.000405103 0.000929655 0.00412248 0.0311055 0.00785852 0.0723741 0.719932 3.64114e-06 1.13453e-06 0.0479764 0.11529 2.11298e-08 1.21733e-07 4.97851e-10 8.73054e-10 6.8028e-12 1.96795e-13 1.58967e-09 1.23482e-08 2.20316e-08 1.56411e-09 2.67639e-11 2.98559e-14 1.78152e-09 2.28522e-08 3.91662e-09 9.39473e-08 4.56289e-10 6.36252e-09 1.15239e-08 6.68192e-14 2.14996e-09 6.29597e-09 1.48536e-16 2.50323e-08 8.67362e-19 3.37166e-13 2.1684e-19 3.63208e-16 3.03577e-18 6.50521e-19 6.28313e-07 0 0 2.11953e-11 3.68629e-18 8.66061e-16
0.0520833  2097.87 0.000402433 0.000928477 0.00409709 0.0309161 0.00786015 0.0723836 0.719898 3.60352e-06 1.12232e-06 0.047616 0.115893 1.54848e-08 1.18196e-07 3.60342e-10 6.39875e-10 4.97344e-12 1.41234e-13 1.15578e-09 9.00952e-09 1.61751e-08 1.14569e-09 1.93167e-11 2.13135e-14 1.29328e-09 1.66744e-08 2.85749e-09 6.89492e-08 3.29034e-10 4.67206e-09 8.45873e-09 4.38748e-14 1.54008e-09 4.57595e-09 1.06685e-16 1.8469e-08 4.33681e-19 2.27791e-13 2.1684e-19 2.59992e-16 2.1684e-18 4.33681e-19 4.56209e-07 0 0 1.16984e-11 1.95156e-18 4.77049e-16
0.0534722  2100.78 0.000399689 0.00092714 0.00407152 0.0307387 0.00786093 0.0723998 0.719866 3.56768e-06 1.11023e-06 0.0472854 0.116445 1.13619e-08 1.15184e-07 2.60892e-10 4.68794e-10 3.63493e-12 1.01379e-13 8.40598e-10 6.57204e-09 1.18725e-08 8.39003e-10 1.39407e-11 1.52194e-14 9.38666e-10 1.21653e-08 2.08432e-09 5.05993e-08 2.37248e-10 3.43118e-09 6.20867e-09 2.91438e-14 1.10299e-09 3.32512e-09 7.65447e-17 1.3623e-08 4.33681e-19 1.55897e-13 0 1.86049e-16 1.51788e-18 4.33681e-19 3.31187e-07 0 0 6.45804e-12 1.0842e-18 2.62811e-16
0.0548611  2103.64 0.000396888 0.000925654 0.00404586 0.0305721 0.00786081 0.0724219 0.719838 3.53367e-06 1.09848e-06 0.0469814 0.116952 8.34822e-09 1.12577e-07 1.88881e-10 3.43208e-10 2.65482e-12 7.27851e-14 6.11276e-10 4.79141e-09 8.70818e-09 6.13981e-10 1.00594e-11 1.08711e-14 6.81021e-10 8.87226e-09 1.51963e-09 3.71168e-08 1.71032e-10 2.51921e-09 4.55504e-09 1.95607e-14 7.89849e-10 2.4153e-09 5.50775e-17 1.00429e-08 2.1684e-19 1.07478e-13 0 1.3314e-16 1.0842e-18 2.1684e-19 2.40341e-07 0 0 3.56504e-12 6.50521e-19 1.44849e-16
0.05625  2106.43 0.000394041 0.000924034 0.00402018 0.0304151 0.00786002 0.0724492 0.719813 3.50108e-06 1.08685e-06 0.0467014 0.117418 6.14131e-09 1.1027e-07 1.36604e-10 2.50906e-10 1.93642e-12 5.22072e-14 4.4403e-10 3.48877e-09 6.37692e-09 4.48645e-10 7.25243e-12 7.76072e-15 4.93634e-10 6.46348e-09 1.10675e-09 2.71938e-08 1.23168e-10 1.84771e-09 3.3378e-09 1.32323e-14 5.65041e-10 1.7527e-09 3.9465e-17 7.39503e-09 2.1684e-19 7.43375e-14 0 9.54098e-17 8.67362e-19 2.1684e-19 1.74257e-07 0 0 1.96551e-12 4.33681e-19 7.95804e-17
0.0576389  2109.17 0.000391161 0.000922292 0.00399451 0.0302666 0.00785849 0.0724812 0.71979 3.46999e-06 1.07553e-06 0.0464427 0.117848 4.51928e-09 1.08202e-07 9.85085e-11 1.82828e-10 1.40789e-12 3.73547e-14 3.21546e-10 2.53242e-09 4.65335e-09 3.26724e-10 5.21625e-12 5.52965e-15 3.56916e-10 4.69521e-09 8.03833e-10 1.98638e-08 8.84611e-11 1.35134e-09 2.43834e-09 8.99389e-15 4.03239e-10 1.26865e-09 2.81893e-17 5.42994e-09 0 5.1422e-14 0 6.80879e-17 6.50521e-19 2.1684e-19 1.26039e-07 0 0 1.07559e-12 2.1684e-19 4.35849e-17
0.0590278  2111.85 0.000388258 0.000920442 0.00396892 0.0301258 0.00785639 0.0725173 0.71977 3.44008e-06 1.06433e-06 0.0462031 0.118245 3.31722e-09 1.06311e-07 7.04921e-11 1.32214e-10 1.016e-12 2.65345e-14 2.31064e-10 1.82452e-09 3.36964e-09 2.36158e-10 3.72525e-12 3.9131e-15 2.56307e-10 3.38618e-09 5.79728e-10 1.44071e-08 6.30762e-11 9.81502e-10 1.76863e-09 6.08975e-15 2.85634e-10 9.11924e-10 2.01662e-17 3.96068e-09 0 3.53144e-14 0 4.83554e-17 4.33681e-19 0 9.05563e-08 0 0 5.66286e-13 0 2.27682e-17
0.0631944  2119.61 0.000379467 0.000914294 0.00389273 0.0297448 0.00784602 0.0726475 0.719719 3.35811e-06 1.03269e-06 0.0455864 0.119265 1.48262e-09 1.01496e-07 2.83788e-11 5.47018e-11 4.17971e-13 1.04526e-14 9.41881e-11 7.47278e-10 1.39491e-09 9.7294e-11 1.48942e-12 1.52461e-15 1.03856e-10 1.39178e-09 2.37955e-10 6.00314e-09 2.50894e-11 4.10945e-10 7.37053e-10 2.18662e-15 1.11613e-10 3.70722e-10 8.0231e-18 1.67432e-09 0 1.2814e-14 0 1.88651e-17 2.1684e-19 0 3.67314e-08 0 0 1.21976e-13 0 4.98733e-18
0.0673611  2126.96 0.000370694 0.000907597 0.00381836 0.0294082 0.00783407 0.0727976 0.719683 3.28274e-06 1.00174e-06 0.0450817 0.120094 7.28347e-10 9.73463e-08 1.14541e-11 2.26635e-11 1.72467e-13 4.13146e-15 3.85277e-11 3.06606e-10 5.78537e-10 4.01831e-11 5.95921e-13 5.95227e-16 4.21032e-11 5.73277e-10 9.77615e-11 2.50883e-09 1.00043e-11 1.72709e-10 3.08182e-10 7.97322e-16 4.35721e-11 1.50712e-10 3.03577e-18 7.09247e-10 0 4.65621e-15 0 7.37257e-18 0 0 1.49054e-08 0 0 2.63576e-14 0 1.0842e-18
0.0715278  2133.96 0.000362092 0.000900495 0.00374589 0.0291066 0.00781776 0.0729617 0.719656 3.21522e-06 9.73348e-07 0.0446567 0.120789 4.16144e-10 9.36845e-08 4.63552e-12 9.38442e-12 7.13349e-14 1.6391e-15 1.57865e-11 1.25817e-10 2.39834e-10 1.65898e-11 2.38862e-13 2.33103e-16 1.7072e-11 2.36285e-10 4.01515e-11 1.04904e-09 3.99744e-12 7.26454e-11 1.28893e-10 2.94903e-16 1.70511e-11 6.12752e-11 1.30104e-18 3.00209e-10 0 1.70849e-15 0 3.03577e-18 0 0 6.05152e-09 0 0 5.71873e-15 0 2.1684e-19
0.0756944  2140.64 0.000353698 0.000893206 0.00367574 0.0288304 0.0078008 0.0731323 0.719636 3.15213e-06 9.45635e-07 0.0442905 0.121384 2.84712e-10 9.03158e-08 1.8477e-12 3.83176e-12 2.93186e-14 6.41848e-16 6.37036e-12 5.09172e-11 9.77031e-11 6.74112e-12 9.48128e-14 9.06393e-17 6.85822e-12 9.6146e-11 1.6306e-11 4.32486e-10 1.57792e-12 3.01433e-11 5.31367e-11 1.0842e-16 6.59807e-12 2.46583e-11 4.33681e-19 1.255e-10 0 6.21898e-16 0 1.0842e-18 0 0 2.43489e-09 0 0 1.21691e-15 0 0
0.0819444  2150.13 0.000341633 0.000882039 0.00357462 0.0284553 0.00776976 0.0733954 0.719613 3.0678e-06 9.07849e-07 0.0438189 0.122145 2.18348e-10 8.57775e-08 5.21068e-13 1.11697e-12 8.8755e-15 1.76508e-16 1.82952e-12 1.46309e-11 2.82978e-11 1.94435e-12 2.64751e-14 2.4503e-17 1.94267e-12 2.78355e-11 4.69547e-12 1.27448e-10 4.37503e-13 8.9669e-12 1.56541e-11 2.73219e-17 1.77723e-12 7.00378e-12 2.1684e-19 3.76086e-11 0 1.54824e-16 0 2.1684e-19 0 0 6.91317e-10 0 0 1.64582e-16 0 0
0.0881944  2159.05 0.000330187 0.000870975 0.00347903 0.0281111 0.00773956 0.0736554 0.719599 2.9901e-06 8.71573e-07 0.0434098 0.122801 1.96951e-10 8.16239e-08 1.47755e-13 3.29835e-13 2.97245e-15 4.87891e-17 5.28982e-13 4.22354e-12 8.24035e-12 5.64054e-13 7.41117e-15 6.72205e-18 5.51496e-13 8.08451e-12 1.35497e-12 3.77383e-11 1.2183e-13 2.68095e-12 4.63545e-12 6.93889e-18 4.78844e-13 1.99132e-12 0 1.12965e-11 0 3.85976e-17 0 0 0 0 1.96689e-10 0 0 2.27682e-17 0 0
0.0944444  2167.47 0.000319444 0.000860034 0.00338824 0.027793 0.00770465 0.073911 0.719587 2.92093e-06 8.38963e-07 0.0430388 0.123394 1.88533e-10 7.78775e-08 4.22288e-14 1.00486e-13 1.2425e-15 1.36609e-17 1.53936e-13 1.22525e-12 2.40644e-12 1.64058e-13 2.08405e-15 1.73472e-18 1.56934e-13 2.3536e-12 3.91549e-13 1.12014e-11 3.40864e-14 8.03164e-13 1.37525e-12 1.73472e-18 1.29822e-13 5.67363e-13 0 3.39273e-12 0 9.75782e-18 0 0 0 0 5.61204e-11 0 0 3.25261e-18 0 0
0.100694  2175.42 0.000309318 0.000849412 0.00330247 0.0274929 0.00767109 0.0741567 0.71958 2.85659e-06 8.07674e-07 0.0426959 0.123939 1.84049e-10 7.43991e-08 1.19078e-14 3.29261e-14 7.1514e-16 3.68629e-18 4.4209e-14 3.52647e-13 6.86998e-13 4.67903e-14 5.8265e-16 4.33681e-19 4.44369e-14 6.7636e-13 1.12105e-13 3.26894e-12 9.42735e-15 2.36654e-13 4.00824e-13 4.33681e-19 3.49176e-14 1.60576e-13 0 1.00629e-12 0 2.38524e-18 0 0 0 0 1.594e-11 0 0 4.33681e-19 0 0
0.110069  2186.61 0.00029532 0.000833982 0.00318194 0.0270741 0.00761524 0.0745091 0.719569 2.77157e-06 7.65975e-07 0.0422139 0.124704 1.79276e-10 6.97334e-08 2.31087e-15 1.06148e-14 5.10876e-16 6.50521e-19 8.80979e-15 7.06063e-14 1.30918e-13 8.89696e-15 1.06902e-16 0 8.27463e-15 1.29457e-13 2.12527e-14 6.39386e-13 1.70979e-15 4.68861e-14 7.8238e-14 0 6.07717e-15 2.98941e-14 0 2.00218e-13 0 4.33681e-19 0 0 0 0 2.98172e-12 0 0 0 0 0
0.119444  2196.97 0.000282495 0.000819397 0.00307106 0.0266811 0.00756362 0.0748368 0.719562 2.69459e-06 7.26857e-07 0.0417645 0.125415 1.75255e-10 6.55063e-08 5.29091e-16 6.05874e-15 4.40837e-16 2.1684e-19 2.06085e-15 1.69901e-14 2.55308e-14 1.73928e-15 1.97325e-17 0 1.54846e-15 2.49228e-14 4.04798e-15 1.262e-13 3.12467e-16 9.37314e-15 1.54189e-14 0 1.06013e-15 5.58256e-15 0 4.00242e-14 0 0 0 0 0 0 5.60277e-13 0 0 0 0 0
0.128819  2206.65 0.000270825 0.00080546 0.00296804 0.0263138 0.00750717 0.0751452 0.719555 2.6274e-06 6.9258e-07 0.0413329 0.126099 1.71409e-10 6.17604e-08 1.90169e-16 4.92249e-15 4.00938e-16 0 7.3986e-16 6.50261e-15 5.2857e-15 3.67761e-16 3.68629e-18 0 2.91217e-16 4.82123e-15 7.73904e-16 2.50403e-14 5.76796e-17 1.88304e-15 3.05333e-15 0 1.87133e-16 1.04777e-15 0 8.01334e-15 0 0 0 0 0 0 1.05878e-13 0 0 0 0 0
0.138194  2215.68 0.000260078 0.000792301 0.00287268 0.025965 0.00745457 0.075432 0.71955 2.56634e-06 6.60334e-07 0.0409211 0.126749 1.67842e-10 5.83353e-08 1.19696e-16 4.46474e-15 3.69279e-16 0 4.58834e-16 4.23836e-15 1.29649e-15 9.84456e-17 6.50521e-19 0 5.61617e-17 9.26993e-16 1.49403e-16 4.8234e-15 1.06252e-17 3.69062e-16 5.85252e-16 0 3.36103e-17 2.01228e-16 0 1.6018e-15 0 0 0 0 0 0 2.0576e-14 0 0 0 0 0
0.166319  2239.56 0.000233129 0.000756555 0.00262404 0.0250314 0.00727981 0.0761887 0.719526 2.42167e-06 5.84142e-07 0.0397461 0.128611 1.57678e-10 5.00683e-08 8.99888e-17 3.71578e-15 2.99023e-16 0 3.40873e-16 3.11144e-15 4.13948e-16 3.59955e-17 0 0 3.03577e-18 5.13912e-17 8.0231e-18 2.75821e-16 4.33681e-19 2.34188e-17 3.40439e-17 0 1.51788e-18 1.04083e-17 0 9.5193e-17 0 0 0 0 0 0 1.09613e-15 0 0 0 0 0
0.194444  2259.6 0.000211217 0.000725756 0.00242068 0.0242181 0.00713572 0.07682 0.719517 2.31171e-06 5.19809e-07 0.0387232 0.130225 1.49236e-10 4.35136e-08 7.67615e-17 3.15937e-15 2.46764e-16 0 2.90349e-16 2.56956e-15 3.40873e-16 2.92735e-17 0 0 2.1684e-19 3.03577e-18 4.33681e-19 1.75641e-17 0 3.03577e-18 3.03577e-18 0 0 6.50521e-19 0 6.28837e-18 0 0 0 0 0 0 6.46184e-17 0 0 0 0 0
0.236632  2284.55 0.000185976 0.000686477 0.00217487 0.0231832 0.00691239 0.0775968 0.719498 2.19561e-06 4.50519e-07 0.0373262 0.132434 1.3794e-10 3.63541e-08 6.37511e-17 2.56956e-15 1.93422e-16 0 2.41994e-16 2.04177e-15 3.02276e-16 2.49366e-17 0 0 0 2.1684e-19 0 6.50521e-19 0 1.73472e-18 8.67362e-19 0 0 0 0 2.1684e-19 0 0 0 0 0 0 2.1684e-18 0 0 0 0 0
0.278819  2304.82 0.000166061 0.000653319 0.00198011 0.0223082 0.00673168 0.0782263 0.71948 2.12037e-06 3.94248e-07 0.0361378 0.134314 1.28824e-10 3.09082e-08 5.44269e-17 2.13328e-15 1.55691e-16 0 2.07299e-16 1.67097e-15 2.79074e-16 2.23346e-17 0 0 0 0 0 0 0 1.51788e-18 8.67362e-19 0 0 0 0 0 0 0 0 0 0 0 0 0 0 0 0 0
0.405382  2345.48 0.000128548 0.000584342 0.00160864 0.0204639 0.00637744 0.0794959 0.719462 2.07183e-06 2.86263e-07 0.0336749 0.138202 1.11303e-10 2.13147e-08 3.85976e-17 1.40794e-15 9.56266e-17 0 1.53957e-16 1.10524e-15 2.53486e-16 1.92988e-17 0 0 0 0 0 0 0 1.30104e-18 8.67362e-19 0 0 0 0 0 0 0 0 0 0 0 0 0 0 0 0 0
0.595226  2383.98 0.000102771 0.00052341 0.00129873 0.0186954 0.00577021 0.0805975 0.719467 1.91227e-06 2.35875e-07 0.0307453 0.142798 9.12804e-11 1.56509e-08 2.94903e-17 9.89877e-16 6.41848e-17 0 1.17744e-16 7.64796e-16 1.80845e-16 1.34441e-17 0 0 0 0 0 0 0 1.0842e-18 6.50521e-19 0 0 0 0 0 0 0 0 0 0 0 0 0 0 0 0 0
0.879991  2430.6 7.64696e-05 0.000453336 0.00097427 0.0164555 0.00504015 0.0819523 0.719411 1.72147e-06 1.812e-07 0.0271663 0.148469 7.00667e-11 1.03602e-08 2.05998e-17 6.1973e-16 3.79471e-17 0 8.37004e-17 4.72929e-16 1.1601e-16 8.45678e-18 0 0 0 0 0 0 0 6.50521e-19 4.33681e-19 0 0 0 0 0 0 0 0 0 0 0 0 0 0 0 0 0
1.30714  2430.6 7.64696e-05 0.000453336 0.00097427 0.0164555 0.00504015 0.0819523 0.719411 1.72147e-06 1.812e-07 0.0271663 0.148469 7.00667e-11 1.03602e-08 2.05998e-17 6.1973e-16 3.79471e-17 0 8.37004e-17 4.72929e-16 1.1601e-16 8.45678e-18 0 0 0 0 0 0 0 6.50521e-19 4.33681e-19 0 0 0 0 0 0 0 0 0 0 0 0 0 0 0 0 0
