TITLE="Graphics"
VARIABLES= "x", "T", "Y_AR", "Y_HE", "Y_H", "Y_H2", "Y_O", "Y_O2", "Y_OH", "Y_H2O", "Y_N2", "Y_HO2", "Y_H2O2", "Y_CO", "Y_CO2", "Y_CH2O", "Y_HCO", "Y_CH3OH", "Y_CH2OH", "Y_CH3O", "Y_CH3O2", "Y_CH4", "Y_CH3", "Y_CH2", "Y_CH2(S)", "Y_C2H6", "Y_C2H5O2", "Y_C2H5", "Y_C2H4", "Y_C2H3", "Y_C2H2", "Y_CH2CHO", "Y_CH2CO", "Y_HCCO", "Y_NC3H7", "Y_C3H6", "Y_C3H5-A", "Y_C3H5O", "Y_C3H4-A", "Y_NC3H7O2", "Y_C2H3CHO", "Y_NC7H16", "Y_C7H15", "Y_C7H15O2", "Y_C7H14OOH", "Y_C7H14", "Y_C7H14OOHO2", "Y_NC7KET", "Y_C7H14O", "Y_NC3H7CHO", "Y_NC3H7CO"
-0.109896  300 0 0 0 0 0 0.218435 0 0 0.719386 0 0 0 0 0 0 0 0 0 0 0 0 0 0 0 0 0 0 0 0 0 0 0 0 0 0 0 0 0 0 0.0621786 0 0 0 0 0 0 0 0 0
-0.0677083  300 0 0 0 0 0 0.218435 0 0 0.719386 0 0 0 0 0 0 0 0 0 0 0 0 0 0 0 0 0 0 0 0 0 0 0 0 0 0 0 0 0 0 0.0621786 0 0 0 0 0 0 0 0 0
-0.0395833  300 0 0 0 0 0 0.218435 0 0 0.719386 0 0 0 0 0 0 0 0 0 0 0 0 0 0 0 0 0 0 0 0 0 0 0 0 0 0 0 0 0 0 0.0621786 0 0 0 0 0 0 0 0 0
-0.0208333  300 0 0 0 0 0 0.218435 0 0 0.719386 0 0 0 0 0 0 0 0 0 0 0 0 0 0 0 0 0 0 0 0 0 0 0 0 0 0 0 0 0 0 0.0621786 0 0 0 0 0 0 0 0 0
-0.00833333  300 0 0 0 0 0 0.218435 0 0 0.719386 0 0 0 0 0 0 0 0 0 0 0 0 0 0 0 0 0 0 0 0 0 0 0 0 0 0 0 0 0 0 0.0621786 0 0 0 0 0 0 0 0 0
0  300 0 0 0 0 0 0.218435 0 0 0.719386 0 0 0 0 0 0 0 0 0 0 0 0 0 0 0 0 0 0 0 0 0 0 0 0 0 0 0 0 0 0 0.0621786 0 0 0 0 0 0 0 0 0
0.00138889  300.221 2.60209e-18 0 0 4.07572e-06 0 0.218231 0 8.65017e-05 0.719414 7.05265e-14 6.37857e-06 0.000132067 1.38038e-05 4.23346e-05 2.1684e-19 1.56023e-06 0 0 4.53023e-15 1.59491e-05 4.33681e-19 0 0 2.48295e-05 7.89516e-15 1.73472e-18 0.000359729 0 8.6814e-06 3.24784e-15 2.01785e-05 0 0 0.000100871 1.41053e-12 0 9.05342e-06 2.90566e-17 1.27932e-05 0.0615115 0 0 0 3.62574e-06 2.36139e-16 1.37254e-07 2.55701e-07 1.43762e-09 0
0.00277778  300.441 5.20417e-18 0 0 8.15145e-06 0 0.218028 0 0.000173003 0.719442 1.41053e-13 1.27571e-05 0.000264135 2.76075e-05 8.46692e-05 4.33681e-19 3.12046e-06 0 0 9.06024e-15 3.18981e-05 8.67362e-19 0 0 4.96591e-05 1.57905e-14 3.46945e-18 0.000719458 0 1.73628e-05 6.49546e-15 4.03569e-05 0 0 0.000201742 2.82105e-12 0 1.81068e-05 5.81132e-17 2.55865e-05 0.0608445 0 0 0 7.25148e-06 4.72278e-16 2.74508e-07 5.11402e-07 2.87523e-09 0
0.00416667  300.662 7.80626e-18 0 0 1.22272e-05 0 0.217824 0 0.000259505 0.71947 2.11579e-13 1.91357e-05 0.000396202 4.14113e-05 0.000127004 6.50521e-19 4.68069e-06 0 0 1.35903e-14 4.78472e-05 1.30104e-18 0 0 7.44886e-05 2.36859e-14 5.20417e-18 0.00107919 0 2.60442e-05 9.74307e-15 6.05354e-05 0 0 0.000302613 4.23158e-12 0 2.71603e-05 8.71699e-17 3.83797e-05 0.0601774 0 0 0 1.08772e-05 7.08418e-16 4.11762e-07 7.67103e-07 4.31285e-09 0
0.00555556  300.883 1.04083e-17 0 0 1.63029e-05 0 0.21762 0 0.000346007 0.719498 2.82106e-13 2.55143e-05 0.000528269 5.5215e-05 0.000169338 8.67362e-19 6.24091e-06 0 0 1.81205e-14 6.37963e-05 1.95156e-18 0 0 9.93181e-05 3.15811e-14 6.93889e-18 0.00143892 0 3.47256e-05 1.29909e-14 8.07138e-05 0 0 0.000403484 5.6421e-12 2.1684e-19 3.62137e-05 1.16443e-16 5.1173e-05 0.0595104 0 0 0 1.4503e-05 9.44557e-16 5.49016e-07 1.0228e-06 5.75047e-09 0
0.00694444  301.103 1.30104e-17 0 0 2.03786e-05 0 0.217417 0 0.000432509 0.719526 3.52632e-13 3.18928e-05 0.000660337 6.90188e-05 0.000211673 1.0842e-18 7.80114e-06 0 0 2.26507e-14 7.97454e-05 2.60209e-18 0 0 0.000124148 3.94765e-14 8.67362e-18 0.00179864 0 4.3407e-05 1.62387e-14 0.000100892 0 0 0.000504355 7.05263e-12 4.33681e-19 4.52671e-05 1.45717e-16 6.39662e-05 0.0588433 0 0 0 1.81287e-05 1.1807e-15 6.8627e-07 1.2785e-06 7.18808e-09 0
0.00833333  301.324 1.56125e-17 0 0 2.44543e-05 0 0.217213 0 0.00051901 0.719554 4.23158e-13 3.82714e-05 0.000792404 8.28226e-05 0.000254008 1.30104e-18 9.36137e-06 0 0 2.71809e-14 9.56944e-05 3.03577e-18 0 0 0.000148977 4.73718e-14 1.04083e-17 0.00215837 0 5.20884e-05 1.94864e-14 0.000121071 0 0 0.000605227 8.46315e-12 4.33681e-19 5.43205e-05 1.74773e-16 7.67595e-05 0.0581762 0 0 0 2.17544e-05 1.41684e-15 8.23524e-07 1.53421e-06 8.6257e-09 0
0.00972222  301.545 1.82146e-17 0 0 2.85301e-05 0 0.217009 0 0.000605512 0.719582 4.93685e-13 4.465e-05 0.000924471 9.66263e-05 0.000296342 1.73472e-18 1.09216e-05 0 0 3.17112e-14 0.000111644 3.46945e-18 0 0 0.000173807 5.5267e-14 1.21431e-17 0.0025181 0 6.07698e-05 2.2734e-14 0.000141249 0 0 0.000706098 9.87368e-12 4.33681e-19 6.3374e-05 2.0383e-16 8.95527e-05 0.0575092 0 0 0 2.53802e-05 1.65297e-15 9.60778e-07 1.78991e-06 1.00633e-08 0
0.0111111  301.766 2.10335e-17 0 2.1684e-19 3.26058e-05 0 0.216806 0 0.000692014 0.71961 5.64211e-13 5.10285e-05 0.00105654 0.00011043 0.000338677 1.95156e-18 1.24818e-05 0 0 3.62412e-14 0.000127593 3.90313e-18 0 0 0.000198636 6.31624e-14 1.40946e-17 0.00287783 0 6.94512e-05 2.59818e-14 0.000161428 2.1684e-19 0 0.000806969 1.12842e-11 4.33681e-19 7.24274e-05 2.32887e-16 0.000102346 0.0568421 0 0 0 2.90059e-05 1.88911e-15 1.09803e-06 2.04561e-06 1.15009e-08 0
0.0125  302.018 2.42861e-17 0 0 3.67951e-05 0 0.216623 0 0.000790057 0.719811 6.36906e-13 5.83483e-05 0.00120792 0.000126986 0.000389543 1.73472e-18 1.43631e-05 0 0 3.52578e-14 0.000145667 3.46945e-18 0 0 0.000228797 6.43283e-14 1.21431e-17 0.00329618 0 7.96466e-05 2.51923e-14 0.00018642 0 0 0.000931172 1.30285e-11 4.33681e-19 8.36662e-05 2.72785e-16 0.000119474 0.0558327 0 0 0 3.45084e-05 2.31239e-15 1.32307e-06 2.44541e-06 1.34664e-08 0
0.0138889  302.27 2.73219e-17 0 0 4.09845e-05 0 0.21644 0 0.0008881 0.720013 7.09602e-13 6.5668e-05 0.00135931 0.000143542 0.00044041 1.30104e-18 1.62444e-05 0 0 3.42742e-14 0.000163742 2.81893e-18 0 0 0.000258958 6.54941e-14 1.04083e-17 0.00371453 0 8.9842e-05 2.44028e-14 0.000211413 0 0 0.00105538 1.47728e-11 6.50521e-19 9.49051e-05 3.12467e-16 0.000136603 0.0548232 0 0 0 4.00109e-05 2.73566e-15 1.54812e-06 2.84521e-06 1.5432e-08 0
0.0152778  302.522 3.03577e-17 0 0 4.51738e-05 0 0.216257 0 0.000986143 0.720215 7.82298e-13 7.29877e-05 0.00151069 0.000160098 0.000491276 1.0842e-18 1.81257e-05 0 0 3.32906e-14 0.000181817 2.1684e-18 0 0 0.000289119 6.666e-14 8.67362e-18 0.00413288 0 0.000100037 2.36133e-14 0.000236405 0 0 0.00117958 1.65171e-11 8.67362e-19 0.000106144 3.52149e-16 0.000153731 0.0538137 0 0 0 4.55134e-05 3.15893e-15 1.77316e-06 3.24501e-06 1.73975e-08 0
0.0166667  302.774 3.33934e-17 0 0 4.93632e-05 0 0.216074 0 0.00108419 0.720417 8.54993e-13 8.03074e-05 0.00166207 0.000176654 0.000542143 8.67362e-19 2.0007e-05 0 0 3.23071e-14 0.000199892 1.73472e-18 0 0 0.00031928 6.7826e-14 6.93889e-18 0.00455123 0 0.000110233 2.28238e-14 0.000261398 0 0 0.00130378 1.82614e-11 8.67362e-19 0.000117383 3.92048e-16 0.00017086 0.0528042 0 0 0 5.10159e-05 3.5822e-15 1.9982e-06 3.64481e-06 1.9363e-08 0
0.0180556  303.026 3.64292e-17 0 0 5.35525e-05 0 0.215891 0 0.00118223 0.720618 9.27689e-13 8.76271e-05 0.00181346 0.00019321 0.00059301 6.50521e-19 2.18883e-05 0 0 3.13235e-14 0.000217967 1.30104e-18 0 0 0.000349441 6.89917e-14 5.20417e-18 0.00496957 0 0.000120428 2.20342e-14 0.000286391 0 0 0.00142798 2.00058e-11 8.67362e-19 0.000128622 4.31729e-16 0.000187988 0.0517947 0 0 0 5.65184e-05 4.00548e-15 2.22324e-06 4.04461e-06 2.13285e-08 0
0.0194444  303.278 3.9465e-17 0 0 5.77419e-05 0 0.215708 0 0.00128027 0.72082 1.00038e-12 9.49469e-05 0.00196484 0.000209766 0.000643876 4.33681e-19 2.37696e-05 0 0 3.03399e-14 0.000236042 8.67362e-19 0 0 0.000379602 7.01576e-14 3.46945e-18 0.00538792 0 0.000130624 2.12447e-14 0.000311383 0 0 0.00155219 2.17501e-11 8.67362e-19 0.000139861 4.71411e-16 0.000205117 0.0507853 0 0 0 6.20208e-05 4.42875e-15 2.44828e-06 4.44442e-06 2.3294e-08 0
0.0208333  303.53 4.25007e-17 0 0 6.19312e-05 0 0.215525 0 0.00137832 0.721022 1.07308e-12 0.000102267 0.00211622 0.000226322 0.000694743 2.1684e-19 2.56509e-05 0 0 2.93563e-14 0.000254116 4.33681e-19 0 0 0.000409763 7.13236e-14 1.73472e-18 0.00580627 0 0.000140819 2.04552e-14 0.000336376 0 0 0.00167639 2.34944e-11 8.67362e-19 0.000151099 5.1131e-16 0.000222245 0.0497758 0 0 0 6.75233e-05 4.85202e-15 2.67333e-06 4.84422e-06 2.52595e-08 0
0.0222222  303.782 4.55365e-17 0 0 6.61206e-05 0 0.215342 0 0.00147636 0.721224 1.14578e-12 0.000109586 0.00226761 0.000242878 0.000745609 0 2.75322e-05 0 0 2.83727e-14 0.000272191 0 0 0 0.000439924 7.24893e-14 0 0.00622462 0 0.000151014 1.96657e-14 0.000361369 0 0 0.00180059 2.52387e-11 1.0842e-18 0.000162338 5.50992e-16 0.000239374 0.0487663 0 0 0 7.30258e-05 5.27551e-15 2.89837e-06 5.24402e-06 2.7225e-08 0
0.0236111  304.061 4.90059e-17 0 0 7.02979e-05 0 0.215215 0 0.00158508 0.721706 1.22792e-12 0.000117825 0.00243784 0.000262386 0.000805637 0 2.97606e-05 0 0 2.76131e-14 0.000292275 0 0 0 0.000475939 7.41698e-14 0 0.00670184 0 0.00016277 1.90399e-14 0.000391799 0 0 0.00195094 2.73596e-11 1.30104e-18 0.000176057 6.04985e-16 0.000261941 0.0472664 0 0 0 8.12412e-05 5.96658e-15 3.26107e-06 5.85882e-06 2.98693e-08 0
0.025  304.339 5.24754e-17 0 0 7.44752e-05 0 0.215087 0 0.0016938 0.722189 1.31007e-12 0.000126064 0.00260807 0.000281894 0.000865664 0 3.19891e-05 0 0 2.68535e-14 0.000312359 0 0 0 0.000511955 7.58506e-14 0 0.00717905 0 0.000174525 1.84141e-14 0.00042223 0 0 0.00210128 2.94805e-11 1.51788e-18 0.000189777 6.58761e-16 0.000284508 0.0457665 0 0 0 8.94566e-05 6.65787e-15 3.62376e-06 6.47361e-06 3.25137e-08 0
0.0263889  304.618 5.59448e-17 0 0 7.86525e-05 0 0.21496 0 0.00180251 0.722672 1.39221e-12 0.000134303 0.0027783 0.000301401 0.000925692 0 3.42175e-05 0 0 2.60941e-14 0.000332443 0 0 0 0.000547971 7.75313e-14 0 0.00765627 0 0.000186281 1.77883e-14 0.000452661 0 0 0.00225163 3.16015e-11 1.73472e-18 0.000203496 7.12538e-16 0.000307075 0.0442666 0 0 0 9.7672e-05 7.34916e-15 3.98646e-06 7.08841e-06 3.5158e-08 0
0.0277778  304.897 5.94143e-17 0 0 8.28299e-05 0 0.214833 0 0.00191123 0.723154 1.47436e-12 0.000142541 0.00294853 0.000320909 0.000985719 0 3.64459e-05 0 0 2.53346e-14 0.000352526 0 0 0 0.000583987 7.92118e-14 0 0.00813348 0 0.000198036 1.71627e-14 0.000483092 0 0 0.00240197 3.37224e-11 1.95156e-18 0.000217215 7.66314e-16 0.000329642 0.0427667 0 0 0 0.000105887 8.04023e-15 4.34916e-06 7.7032e-06 3.78023e-08 0
0.0291667  305.176 6.28837e-17 0 0 8.70072e-05 0 0.214706 0 0.00201995 0.723637 1.5565e-12 0.00015078 0.00311876 0.000340417 0.00104575 0 3.86743e-05 0 0 2.4575e-14 0.00037261 0 0 0 0.000620003 8.08923e-14 0 0.00861069 0 0.000209792 1.65371e-14 0.000513522 0 0 0.00255231 3.58433e-11 2.1684e-18 0.000230934 8.20091e-16 0.000352209 0.0412669 0 0 0 0.000114103 8.7313e-15 4.71185e-06 8.318e-06 4.04467e-08 0
0.0305556  305.454 6.63532e-17 0 0 9.11845e-05 0 0.214579 0 0.00212867 0.724119 1.63865e-12 0.000159019 0.00328899 0.000359924 0.00110577 0 4.09027e-05 0 0 2.38156e-14 0.000392694 0 0 0 0.000656018 8.25728e-14 0 0.00908791 0 0.000221547 1.59113e-14 0.000543953 0 0 0.00270266 3.79643e-11 2.38524e-18 0.000244653 8.73867e-16 0.000374776 0.039767 0 0 0 0.000122318 9.42258e-15 5.07455e-06 8.93279e-06 4.3091e-08 0
0.0319444  305.733 6.98226e-17 0 0 9.53618e-05 0 0.214451 0 0.00223739 0.724602 1.72079e-12 0.000167258 0.00345922 0.000379432 0.0011658 0 4.31312e-05 0 0 2.3056e-14 0.000412778 0 0 0 0.000692034 8.42534e-14 0 0.00956512 0 0.000233303 1.52855e-14 0.000574384 0 0 0.002853 4.00852e-11 2.60209e-18 0.000258372 9.27643e-16 0.000397343 0.0382671 0 0 0 0.000130534 1.01139e-14 5.43725e-06 9.54759e-06 4.57354e-08 0
0.0333333  306.012 7.35089e-17 0 0 9.95391e-05 0 0.214324 0 0.0023461 0.725085 1.80294e-12 0.000175497 0.00362945 0.00039894 0.00122583 0 4.53596e-05 0 0 2.22964e-14 0.000432861 0 0 0 0.00072805 8.59341e-14 0 0.0100423 0 0.000245058 1.46597e-14 0.000604815 0 0 0.00300334 4.22061e-11 2.81893e-18 0.000272091 9.81637e-16 0.00041991 0.0367672 0 0 0 0.000138749 1.08049e-14 5.79995e-06 1.01624e-05 4.83797e-08 0
0.0347222  306.253 7.76289e-17 0 0 0.000103112 0 0.214251 0 0.00244479 0.725662 1.88424e-12 0.000183139 0.00378776 0.000417373 0.00128242 0 4.74665e-05 0 0 2.23419e-14 0.000451466 0 0 0 0.000762467 8.86262e-14 0 0.0104852 0 0.000256081 1.46311e-14 0.000633972 0 0 0.00314728 4.42434e-11 3.03577e-18 0.000285297 1.04257e-15 0.000442406 0.035192 0 0 0 0.000147414 1.15134e-14 6.19477e-06 1.08188e-05 5.10364e-08 0
0.0361111  306.495 8.1532e-17 0 0 0.000106684 0 0.214178 0 0.00254348 0.72624 1.96555e-12 0.000190782 0.00394607 0.000435806 0.00133902 0 4.95734e-05 0 0 2.23877e-14 0.000470071 0 0 0 0.000796885 9.1318e-14 0 0.010928 0 0.000267103 1.46025e-14 0.00066313 0 0 0.00329123 4.62807e-11 3.46945e-18 0.000298503 1.10328e-15 0.000464902 0.0336169 0 0 0 0.000156079 1.22216e-14 6.58959e-06 1.14752e-05 5.36932e-08 0
0.0375  306.737 8.5652e-17 0 0 0.000110256 0 0.214105 0 0.00264217 0.726817 2.04686e-12 0.000198425 0.00410438 0.00045424 0.00139561 0 5.16803e-05 0 0 2.24334e-14 0.000488676 0 0 0 0.000831302 9.40099e-14 0 0.0113708 0 0.000278126 1.45738e-14 0.000692287 0 0 0.00343517 4.8318e-11 3.68629e-18 0.000311709 1.164e-15 0.000487399 0.0320417 0 0 0 0.000164744 1.29298e-14 6.98442e-06 1.21316e-05 5.63499e-08 0
0.0388889  306.978 8.97719e-17 0 0 0.000113829 0 0.214032 0 0.00274085 0.727394 2.12817e-12 0.000206067 0.0042627 0.000472673 0.00145221 0 5.37872e-05 0 0 2.2479e-14 0.000507281 0 0 0 0.000865719 9.67017e-14 0 0.0118137 0 0.000289149 1.45452e-14 0.000721444 0 0 0.00357911 5.03553e-11 3.90313e-18 0.000324915 1.22493e-15 0.000509895 0.0304666 0 0 0 0.000173409 1.36382e-14 7.37924e-06 1.2788e-05 5.90066e-08 0
0.0402778  307.22 9.38919e-17 0 0 0.000117401 0 0.213959 0 0.00283954 0.727972 2.20948e-12 0.00021371 0.00442101 0.000491106 0.0015088 0 5.58941e-05 0 0 2.25247e-14 0.000525886 0 0 0 0.000900136 9.93936e-14 2.1684e-19 0.0122565 0 0.000300171 1.45166e-14 0.000750602 0 0 0.00372305 5.23926e-11 4.33681e-18 0.000338121 1.28586e-15 0.000532391 0.0288914 0 0 0 0.000182074 1.43466e-14 7.77406e-06 1.34444e-05 6.16633e-08 0
0.0416667  307.461 9.80119e-17 0 2.1684e-19 0.000120974 0 0.213886 0 0.00293823 0.728549 2.29079e-12 0.000221353 0.00457932 0.00050954 0.0015654 0 5.8001e-05 0 0 2.25705e-14 0.000544491 0 0 0 0.000934554 1.02085e-13 4.33681e-19 0.0126993 0 0.000311194 1.4488e-14 0.000779759 0 0 0.00386699 5.44299e-11 4.55365e-18 0.000351327 1.34658e-15 0.000554887 0.0273163 0 0 0 0.000190739 1.50548e-14 8.16889e-06 1.41008e-05 6.43201e-08 0
0.0430556  307.703 1.02132e-16 0 4.33681e-19 0.000124546 0 0.213813 0 0.00303691 0.729127 2.3721e-12 0.000228996 0.00473763 0.000527973 0.00162199 0 6.01079e-05 0 0 2.2616e-14 0.000563096 0 0 0 0.000968971 1.04777e-13 8.67362e-19 0.0131422 0 0.000322217 1.44594e-14 0.000808917 0 0 0.00401093 5.64672e-11 4.77049e-18 0.000364533 1.40729e-15 0.000577383 0.0257411 0 0 0 0.000199404 1.5763e-14 8.56371e-06 1.47572e-05 6.69768e-08 0
0.0444444  307.944 1.06252e-16 0 4.33681e-19 0.000128119 0 0.21374 0 0.0031356 0.729704 2.45341e-12 0.000236638 0.00489595 0.000546406 0.00167859 0 6.22148e-05 0 2.1684e-19 2.26618e-14 0.000581701 0 0 0 0.00100339 1.07469e-13 1.0842e-18 0.013585 0 0.000333239 1.44305e-14 0.000838074 0 0 0.00415487 5.85045e-11 5.20417e-18 0.00037774 1.46823e-15 0.000599879 0.024166 0 0 0 0.000208069 1.64714e-14 8.95853e-06 1.54136e-05 6.96335e-08 0
0.0458333  308.124 7.97973e-17 0 4.33681e-19 0.000130319 0 0.213704 0 0.00320231 0.73015 2.50517e-12 0.000241776 0.00500236 0.000558964 0.00171724 0 6.36543e-05 0 0 2.277e-14 0.000594172 0 0 0 0.00102695 1.09031e-13 8.67362e-19 0.0138849 0 0.000340714 1.44598e-14 0.00085812 0 0 0.00425367 5.99045e-11 5.42101e-18 0.000386825 1.47929e-15 0.000615641 0.0230294 0 0 0 0.000214318 1.70636e-14 9.24811e-06 1.589e-05 7.15031e-08 0
0.0472222  308.303 5.31259e-17 0 4.33681e-19 0.000132518 0 0.213667 0 0.00326902 0.730595 2.55693e-12 0.000246914 0.00510878 0.000571521 0.00175588 0 6.50938e-05 0 0 2.2878e-14 0.000606643 0 0 0 0.0010505 1.10592e-13 8.67362e-19 0.0141848 0 0.000348189 1.44893e-14 0.000878166 0 0 0.00435247 6.13046e-11 5.63785e-18 0.00039591 1.49034e-15 0.000631404 0.0218929 0 0 0 0.000220566 1.7656e-14 9.53768e-06 1.63665e-05 7.33727e-08 0
0.0486111  308.482 2.64545e-17 0 4.33681e-19 0.000134718 0 0.213631 0 0.00333573 0.731041 2.6087e-12 0.000252052 0.00521519 0.000584078 0.00179453 0 6.65333e-05 0 0 2.29862e-14 0.000619114 0 0 0 0.00107406 1.12153e-13 8.67362e-19 0.0144846 0 0.000355664 1.45186e-14 0.000898211 0 0 0.00445127 6.27047e-11 5.85469e-18 0.000404995 1.5014e-15 0.000647166 0.0207563 0 0 0 0.000226814 1.82484e-14 9.82725e-06 1.68429e-05 7.52423e-08 0
0.05  308.661 0 0 2.1684e-19 0.000136918 0 0.213595 0 0.00340244 0.731487 2.66046e-12 0.000257189 0.00532161 0.000596636 0.00183318 0 6.79727e-05 0 0 2.30944e-14 0.000631585 0 0 0 0.00109762 1.13714e-13 8.67362e-19 0.0147845 0 0.000363138 1.45478e-14 0.000918257 0 0 0.00455007 6.41047e-11 6.07153e-18 0.000414081 1.51246e-15 0.000662928 0.0196198 0 0 0 0.000233063 1.88408e-14 1.01168e-05 1.73194e-05 7.71118e-08 0
0.0513889  308.84 0 0 0 0.000139117 0 0.213558 0 0.00346914 0.731932 2.71222e-12 0.000262327 0.00542803 0.000609193 0.00187182 0 6.94122e-05 0 0 2.32024e-14 0.000644056 0 0 0 0.00112117 1.15276e-13 8.67362e-19 0.0150844 0 0.000370613 1.45771e-14 0.000938303 0 0 0.00464887 6.55048e-11 6.28837e-18 0.000423166 1.52352e-15 0.00067869 0.0184832 0 0 0 0.000239311 1.94332e-14 1.04064e-05 1.77958e-05 7.89814e-08 0
0.0527778  309.019 0 0 0 0.000141317 0 0.213522 0 0.00353585 0.732378 2.76399e-12 0.000267465 0.00553444 0.00062175 0.00191047 0 7.08517e-05 0 0 2.33106e-14 0.000656527 0 0 0 0.00114473 1.16837e-13 8.67362e-19 0.0153843 0 0.000378088 1.46064e-14 0.000958349 0 0 0.00474767 6.69048e-11 6.50521e-18 0.000432251 1.53458e-15 0.000694452 0.0173466 0 0 0 0.000245559 2.00256e-14 1.0696e-05 1.82723e-05 8.0851e-08 0
0.0541667  309.198 0 0 0 0.000143517 0 0.213486 0 0.00360256 0.732824 2.81575e-12 0.000272603 0.00564086 0.000634308 0.00194912 0 7.22912e-05 0 0 2.34188e-14 0.000668998 0 0 0 0.00116829 1.18398e-13 8.67362e-19 0.0156842 0 0.000385562 1.46356e-14 0.000978395 0 0 0.00484647 6.83049e-11 6.93889e-18 0.000441336 1.54564e-15 0.000710214 0.0162101 0 0 0 0.000251808 2.06181e-14 1.09855e-05 1.87487e-05 8.27206e-08 0
0.0555556  309.377 0 0 0 0.000145717 0 0.213449 0 0.00366927 0.73327 2.86752e-12 0.000277741 0.00574728 0.000646865 0.00198776 0 7.37307e-05 0 0 2.35268e-14 0.000681469 0 0 0 0.00119185 1.19959e-13 8.67362e-19 0.0159841 0 0.000393037 1.46649e-14 0.00099844 0 0 0.00494527 6.9705e-11 7.15573e-18 0.000450422 1.5567e-15 0.000725976 0.0150735 0 0 0 0.000258056 2.12102e-14 1.12751e-05 1.92251e-05 8.45902e-08 0
0.0583333  309.599 0 0 0 0.000146552 0 0.213417 0 0.00372515 0.733678 2.90986e-12 0.000281842 0.00583173 0.000657218 0.00202006 0 7.49312e-05 0 0 2.37275e-14 0.00069127 0 0 0 0.00121128 1.2071e-13 6.50521e-19 0.0162308 0 0.000399144 1.47451e-14 0.00101523 0 0 0.00502749 7.08701e-11 7.37257e-18 0.000457988 1.52114e-15 0.000739241 0.0141007 0 0 0 0.000263339 2.16827e-14 1.15213e-05 1.96289e-05 8.61679e-08 0
0.0611111  309.821 0 0 0 0.000147388 0 0.213385 0 0.00378102 0.734086 2.9522e-12 0.000285944 0.00591618 0.000667571 0.00205235 0 7.61316e-05 0 0 2.39283e-14 0.00070107 0 0 0 0.00123072 1.21461e-13 4.33681e-19 0.0164775 0 0.000405252 1.48252e-14 0.00103201 0 0 0.00510971 7.20352e-11 7.37257e-18 0.000465554 1.48557e-15 0.000752506 0.0131278 0 0 0 0.000268622 2.21555e-14 1.17675e-05 2.00326e-05 8.77456e-08 0
0.0638889  310.042 0 0 0 0.000148223 0 0.213352 0 0.0038369 0.734494 2.99454e-12 0.000290046 0.00600062 0.000677924 0.00208464 0 7.73321e-05 0 0 2.41291e-14 0.000710871 0 0 0 0.00125016 1.22213e-13 2.1684e-19 0.0167243 0 0.000411359 1.49052e-14 0.0010488 0 0 0.00519192 7.32004e-11 7.37257e-18 0.00047312 1.45001e-15 0.00076577 0.012155 0 0 0 0.000273905 2.26279e-14 1.20137e-05 2.04363e-05 8.93233e-08 0
0.0652778  310.153 0 0 0 0.000148641 0 0.213336 0 0.00386483 0.734699 3.01572e-12 0.000292097 0.00604285 0.000683101 0.00210079 0 7.79324e-05 0 0 2.42295e-14 0.000715771 0 0 0 0.00125987 1.22588e-13 0 0.0168476 0 0.000414412 1.49453e-14 0.00105719 0 0 0.00523303 7.37829e-11 7.37257e-18 0.000476903 1.43223e-15 0.000772403 0.0116686 0 0 0 0.000276547 2.28641e-14 1.21368e-05 2.06382e-05 9.01122e-08 0
0.0666667  310.264 0 0 0 0.000149059 0 0.21332 0 0.00389277 0.734903 3.03689e-12 0.000294148 0.00608507 0.000688277 0.00211694 0 7.85326e-05 0 2.1684e-19 2.43299e-14 0.000720671 0 0 0 0.00126959 1.22964e-13 0 0.016971 0 0.000417466 1.49854e-14 0.00106558 0 0 0.00527414 7.43655e-11 7.58942e-18 0.000480686 1.41445e-15 0.000779035 0.0111821 0 0 0 0.000279188 2.31004e-14 1.22599e-05 2.084e-05 9.0901e-08 0
0.0722222  310.325 0 0 0 0.000150254 0 0.213284 0 0.00390705 0.734917 3.04841e-12 0.000295081 0.0061043 0.000690201 0.00212294 0 7.87522e-05 0 2.1684e-19 2.43373e-14 0.000723056 0 0 0 0.00127301 1.23019e-13 0 0.0170241 0 0.000418705 1.48657e-14 0.00106836 0 0 0.00528799 7.45585e-11 7.58942e-18 0.000481923 1.40838e-15 0.000780781 0.0110795 0 0 0 0.00027972 2.30445e-14 1.22817e-05 2.08786e-05 9.1099e-08 0
0.075  310.355 0 0 0 0.000150852 0 0.213266 0 0.00391419 0.734924 3.05416e-12 0.000295548 0.00611391 0.000691163 0.00212594 0 7.88621e-05 0 2.1684e-19 2.4341e-14 0.000724249 0 0 0 0.00127471 1.23046e-13 0 0.0170506 0 0.000419324 1.48059e-14 0.00106976 0 0 0.00529491 7.4655e-11 7.58942e-18 0.000482541 1.40534e-15 0.000781655 0.0110282 0 0 0 0.000279986 2.30163e-14 1.22926e-05 2.08979e-05 9.1198e-08 0
0.0763889  310.37 0 0 0 0.00015115 0 0.213258 0 0.00391776 0.734927 3.05704e-12 0.000295782 0.00611872 0.000691644 0.00212744 0 7.8917e-05 0 2.1684e-19 2.43429e-14 0.000724845 0 0 0 0.00127556 1.2306e-13 0 0.0170639 0 0.000419634 1.47759e-14 0.00107045 0 0 0.00529837 7.47033e-11 7.58942e-18 0.00048285 1.40382e-15 0.000782091 0.0110025 0 0 0 0.00028012 2.30024e-14 1.22981e-05 2.09076e-05 9.12474e-08 0
0.0777778  310.386 0 0 0 0.000151449 0 0.213249 0 0.00392133 0.734931 3.05992e-12 0.000296015 0.00612352 0.000692125 0.00212894 0 7.89719e-05 0 2.1684e-19 2.43447e-14 0.000725442 0 0 0 0.00127642 1.23073e-13 0 0.0170771 0 0.000419944 1.47462e-14 0.00107115 0 0 0.00530183 7.47515e-11 7.58942e-18 0.000483159 1.40231e-15 0.000782528 0.0109769 0 0 0 0.000280253 2.29883e-14 1.23035e-05 2.09173e-05 9.12969e-08 2.1684e-19
0.0805556  310.388 0 0 0 0.000151568 0 0.213247 0 0.00392185 0.734931 3.06082e-12 0.000296046 0.00612416 0.000692182 0.00212912 0 7.89783e-05 0 2.1684e-19 2.43451e-14 0.000725525 0 0 0 0.00127651 1.23065e-13 0 0.0170788 0 0.000419982 1.47395e-14 0.00107122 0 0 0.00530222 7.47568e-11 7.80626e-18 0.000483193 1.40187e-15 0.00078257 0.0109746 0 0 0 0.000280263 2.29575e-14 1.23039e-05 2.0918e-05 9.13016e-08 0
0.0833333  310.391 0 0 0 0.000151688 0 0.213245 0 0.00392236 0.734931 3.06172e-12 0.000296077 0.0061248 0.000692238 0.0021293 0 7.89846e-05 0 2.1684e-19 2.43455e-14 0.000725608 0 0 0 0.00127661 1.23056e-13 0 0.0170805 0 0.000420021 1.47326e-14 0.0010713 0 0 0.0053026 7.47621e-11 7.80626e-18 0.000483227 1.40144e-15 0.000782612 0.0109723 0 0 0 0.000280273 2.29268e-14 1.23043e-05 2.09187e-05 9.13062e-08 0
0.0888889  310.396 0 0 0 0.000151926 0 0.213242 0 0.00392339 0.734931 3.06351e-12 0.000296139 0.00612608 0.000692351 0.00212965 0 7.89974e-05 0 2.1684e-19 2.43464e-14 0.000725774 0 0 0 0.00127681 1.23039e-13 0 0.0170839 0 0.000420097 1.47189e-14 0.00107145 0 0 0.00530337 7.47728e-11 7.80626e-18 0.000483295 1.40057e-15 0.000782697 0.0109677 0 0 0 0.000280294 2.28652e-14 1.2305e-05 2.09201e-05 9.13154e-08 0
0.1  310.396 0 0 0 0.000151926 0 0.213242 0 0.00392339 0.734931 3.06351e-12 0.000296139 0.00612608 0.000692351 0.00212965 0 7.89974e-05 0 2.1684e-19 2.43464e-14 0.000725774 0 0 0 0.00127681 1.23039e-13 0 0.0170839 0 0.000420097 1.47189e-14 0.00107145 0 0 0.00530337 7.47728e-11 7.80626e-18 0.000483295 1.40057e-15 0.000782697 0.0109677 0 0 0 0.000280294 2.28652e-14 1.2305e-05 2.09201e-05 9.13154e-08 0
0.116667  310.396 0 0 0 0.000151926 0 0.213242 0 0.00392339 0.734931 3.06351e-12 0.000296139 0.00612608 0.000692351 0.00212965 0 7.89974e-05 0 2.1684e-19 2.43464e-14 0.000725774 0 0 0 0.00127681 1.23039e-13 0 0.0170839 0 0.000420097 1.47189e-14 0.00107145 0 0 0.00530337 7.47728e-11 7.80626e-18 0.000483295 1.40057e-15 0.000782697 0.0109677 0 0 0 0.000280294 2.28652e-14 1.2305e-05 2.09201e-05 9.13154e-08 0
0.141667  310.396 0 0 0 0.000151926 0 0.213242 0 0.00392339 0.734931 3.06351e-12 0.000296139 0.00612608 0.000692351 0.00212965 0 7.89974e-05 0 2.1684e-19 2.43464e-14 0.000725774 0 0 0 0.00127681 1.23039e-13 0 0.0170839 0 0.000420097 1.47189e-14 0.00107145 0 0 0.00530337 7.47728e-11 7.80626e-18 0.000483295 1.40057e-15 0.000782697 0.0109677 0 0 0 0.000280294 2.28652e-14 1.2305e-05 2.09201e-05 9.13154e-08 0
0.179167  310.396 0 0 0 0.000151926 0 0.213242 0 0.00392339 0.734931 3.06351e-12 0.000296139 0.00612608 0.000692351 0.00212965 0 7.89974e-05 0 2.1684e-19 2.43464e-14 0.000725774 0 0 0 0.00127681 1.23039e-13 0 0.0170839 0 0.000420097 1.47189e-14 0.00107145 0 0 0.00530337 7.47728e-11 7.80626e-18 0.000483295 1.40057e-15 0.000782697 0.0109677 0 0 0 0.000280294 2.28652e-14 1.2305e-05 2.09201e-05 9.13154e-08 0
0.235417  310.396 0 0 0 0.000151926 0 0.213242 0 0.00392339 0.734931 3.06351e-12 0.000296139 0.00612608 0.000692351 0.00212965 0 7.89974e-05 0 2.1684e-19 2.43464e-14 0.000725774 0 0 0 0.00127681 1.23039e-13 0 0.0170839 0 0.000420097 1.47189e-14 0.00107145 0 0 0.00530337 7.47728e-11 7.80626e-18 0.000483295 1.40057e-15 0.000782697 0.0109677 0 0 0 0.000280294 2.28652e-14 1.2305e-05 2.09201e-05 9.13154e-08 0
0.319792  310.396 0 0 0 0.000151926 0 0.213242 0 0.00392339 0.734931 3.06351e-12 0.000296139 0.00612608 0.000692351 0.00212965 0 7.89974e-05 0 2.1684e-19 2.43464e-14 0.000725774 0 0 0 0.00127681 1.23039e-13 0 0.0170839 0 0.000420097 1.47189e-14 0.00107145 0 0 0.00530337 7.47728e-11 7.80626e-18 0.000483295 1.40057e-15 0.000782697 0.0109677 0 0 0 0.000280294 2.28652e-14 1.2305e-05 2.09201e-05 9.13154e-08 0
0.446354  310.396 0 0 0 0.000151926 0 0.213242 0 0.00392339 0.734931 3.06351e-12 0.000296139 0.00612608 0.000692351 0.00212965 0 7.89974e-05 0 2.1684e-19 2.43464e-14 0.000725774 0 0 0 0.00127681 1.23039e-13 0 0.0170839 0 0.000420097 1.47189e-14 0.00107145 0 0 0.00530337 7.47728e-11 7.80626e-18 0.000483295 1.40057e-15 0.000782697 0.0109677 0 0 0 0.000280294 2.28652e-14 1.2305e-05 2.09201e-05 9.13154e-08 0
0.636198  310.396 0 0 0 0.000151926 0 0.213242 0 0.00392339 0.734931 3.06351e-12 0.000296139 0.00612608 0.000692351 0.00212965 0 7.89974e-05 0 2.1684e-19 2.43464e-14 0.000725774 0 0 0 0.00127681 1.23039e-13 0 0.0170839 0 0.000420097 1.47189e-14 0.00107145 0 0 0.00530337 7.47728e-11 7.80626e-18 0.000483295 1.40057e-15 0.000782697 0.0109677 0 0 0 0.000280294 2.28652e-14 1.2305e-05 2.09201e-05 9.13154e-08 0
0.920964  310.396 0 0 0 0.000151926 0 0.213242 0 0.00392339 0.734931 3.06351e-12 0.000296139 0.00612608 0.000692351 0.00212965 0 7.89974e-05 0 2.1684e-19 2.43464e-14 0.000725774 0 0 0 0.00127681 1.23039e-13 0 0.0170839 0 0.000420097 1.47189e-14 0.00107145 0 0 0.00530337 7.47728e-11 7.80626e-18 0.000483295 1.40057e-15 0.000782697 0.0109677 0 0 0 0.000280294 2.28652e-14 1.2305e-05 2.09201e-05 9.13154e-08 0
1.34811  310.396 0 0 0 0.000151926 0 0.213242 0 0.00392339 0.734931 3.06351e-12 0.000296139 0.00612608 0.000692351 0.00212965 0 7.89974e-05 0 2.1684e-19 2.43464e-14 0.000725774 0 0 0 0.00127681 1.23039e-13 0 0.0170839 0 0.000420097 1.47189e-14 0.00107145 0 0 0.00530337 7.47728e-11 7.80626e-18 0.000483295 1.40057e-15 0.000782697 0.0109677 0 0 0 0.000280294 2.28652e-14 1.2305e-05 2.09201e-05 9.13154e-08 0
