TITLE="Graphics"
VARIABLES= "x", "T", "Y_AR", "Y_HE", "Y_H", "Y_H2", "Y_O", "Y_O2", "Y_OH", "Y_H2O", "Y_N2", "Y_HO2", "Y_H2O2", "Y_CO", "Y_CO2", "Y_CH2O", "Y_HCO", "Y_CH3OH", "Y_CH2OH", "Y_CH3O", "Y_CH3O2", "Y_CH4", "Y_CH3", "Y_CH2", "Y_CH2(S)", "Y_C2H6", "Y_C2H5O2", "Y_C2H5", "Y_C2H4", "Y_C2H3", "Y_C2H2", "Y_CH2CHO", "Y_CH2CO", "Y_HCCO", "Y_NC3H7", "Y_C3H6", "Y_C3H5-A", "Y_C3H5O", "Y_C3H4-A", "Y_NC3H7O2", "Y_C2H3CHO", "Y_NC7H16", "Y_C7H15", "Y_C7H15O2", "Y_C7H14OOH", "Y_C7H14", "Y_C7H14OOHO2", "Y_NC7KET", "Y_C7H14O", "Y_NC3H7CHO", "Y_NC3H7CO"
-0.0760045  300 0 0 0 1.98842e-09 0 0.218434 0 0 0.719382 0 0 0 0 0 0 0 0 0 0 0 0 0 0 0 0 0 0 0 0 0 0 0 0 0 0 0 0 0 0 0.0621849 0 0 0 0 0 0 0 0 0
-0.0488839  299.999 0 0 0 4.6859e-06 3.55618e-16 0.218433 3.68629e-18 -7.41489e-08 0.719377 -4.86862e-10 -5.89166e-10 -4.59378e-08 1.22439e-09 1.65771e-10 0 2.60597e-11 0 1.30104e-18 7.0543e-11 -1.18003e-09 0 0 0 1.17103e-10 5.72747e-14 0 -7.86012e-09 0 -5.59345e-10 1.07261e-11 2.20971e-11 0 0 4.17368e-10 9.84037e-14 -1.63387e-14 5.22379e-12 -1.6855e-15 -8.19629e-13 0.0621855 0 -1.84512e-11 0 1.60627e-14 -6.52907e-16 6.44016e-17 1.58077e-15 -1.3014e-13 0
-0.0308036  300 0 0 0 1.90707e-05 -1.47842e-15 0.218431 -1.73472e-18 1.73368e-08 0.719363 6.25584e-11 7.11338e-11 5.9562e-09 1.30179e-10 1.85246e-11 0 3.21071e-12 0 -1.12757e-17 1.2057e-11 2.75138e-10 0 0 0 1.708e-11 1.58447e-14 0 2.44175e-10 0 -1.15411e-11 2.09737e-12 4.29151e-12 0 0 7.55451e-11 1.87853e-14 7.39426e-16 1.04146e-12 -5.59882e-16 -2.59774e-13 0.0621873 0 -7.57305e-12 0 6.31635e-15 -5.41234e-16 2.71051e-17 6.4033e-16 -4.29112e-14 0
-0.01875  299.997 0 0 0 4.20639e-05 2.99082e-14 0.218428 5.44269e-17 -1.91288e-07 0.71934 -9.96126e-10 -1.18497e-09 -9.42116e-08 1.54061e-09 2.0646e-10 0 3.17626e-11 0 1.32923e-16 7.8866e-11 -3.03978e-09 0 0 0 1.36896e-10 5.41414e-14 0 -1.30455e-08 0 -8.33854e-10 1.14717e-11 2.37302e-11 0 0 4.58444e-10 1.06259e-13 -1.45931e-14 5.56139e-12 -1.4808e-15 -7.39902e-13 0.0621902 1.73472e-18 -1.49343e-11 0 1.32091e-14 -6.83915e-16 5.18249e-17 1.28586e-15 -1.14575e-13 0
-0.0107143  300.021 0 0 0 6.85623e-05 1.9615e-13 0.218423 3.43475e-16 3.20386e-06 0.719311 6.54325e-09 7.35673e-09 6.23665e-07 -1.96804e-09 -2.51843e-10 0 -3.4996e-11 0 -1.80823e-15 -5.27601e-11 5.04999e-08 0 0 0 -1.21202e-10 2.01792e-15 0 4.44205e-08 0 2.01613e-09 -5.40201e-12 -1.15355e-11 0 0 -2.69336e-10 -5.42635e-14 8.03958e-15 -2.49121e-12 -4.52112e-16 -1.63718e-13 0.0621938 1.06252e-17 -8.46496e-12 0 7.06661e-15 -6.82831e-16 3.18755e-17 7.35956e-16 -3.3916e-14 0
-0.00535714  300.129 0 0 2.66714e-17 9.37192e-05 5.5605e-13 0.218413 3.31961e-15 1.48554e-05 0.719276 4.08516e-08 4.73224e-08 3.8781e-06 1.33696e-07 1.33648e-08 2.1684e-19 1.28088e-09 0 1.70751e-13 9.68381e-10 2.34542e-07 1.30104e-18 0 0 2.8672e-09 1.47546e-13 0 4.66943e-07 0 3.66222e-08 8.99963e-11 1.93198e-10 0 0 4.67091e-09 9.12573e-13 -4.86748e-14 4.16723e-11 -2.40042e-15 -1.42056e-12 0.0621974 6.63532e-17 -1.39999e-11 0 1.49527e-14 -7.29234e-16 5.33427e-17 1.39233e-15 -1.88658e-13 0
-0.00267857  300.267 0 0 2.2096e-16 0.000109246 9.14093e-13 0.218401 2.11001e-14 2.85976e-05 0.71925 8.57023e-08 1.00009e-07 8.1249e-06 4.23581e-07 4.30814e-08 6.50521e-19 4.29516e-09 0 1.06358e-12 4.01068e-09 4.51778e-07 5.13912e-17 0 0 1.05118e-08 6.15382e-12 8.67362e-19 1.10071e-06 0 9.41076e-08 4.399e-10 9.27476e-10 2.1684e-19 0 2.05205e-08 4.28137e-12 1.0727e-12 2.08068e-10 6.47117e-15 9.11021e-12 0.0622 3.50631e-16 7.59601e-13 0 2.20657e-15 -7.30969e-16 2.86229e-17 4.77483e-16 5.37466e-13 4.33681e-19
0  300.5 0 0 1.11196e-15 0.000127019 1.45498e-12 0.218383 1.00009e-13 5.08947e-05 0.719216 1.61933e-07 1.89831e-07 1.53344e-05 1.01558e-06 1.04169e-07 2.38524e-18 1.05851e-08 0 3.89304e-12 1.08409e-08 8.04428e-07 3.62774e-16 0 0 2.6988e-08 2.38308e-11 5.63785e-18 2.24083e-06 0 2.01692e-07 1.26401e-09 2.64849e-09 8.67362e-19 0 5.67407e-08 1.21289e-11 4.67367e-12 6.02211e-10 4.08044e-14 4.48622e-11 0.0622031 1.58706e-15 5.86633e-11 0 -9.77107e-14 -6.451e-16 -5.05238e-16 -9.18363e-15 3.30134e-12 2.60209e-18
0.00357143  301.058 0 0 7.06987e-15 0.000154705 2.61786e-12 0.21834 6.19108e-13 0.00010216 0.719151 3.46524e-07 4.07795e-07 3.27556e-05 2.76248e-06 2.85671e-07 1.17094e-17 2.95781e-08 0 1.79276e-11 3.31582e-08 1.61588e-06 3.219e-15 2.1684e-19 0 7.84971e-08 1.01405e-10 5.22585e-17 5.17478e-06 2.1684e-19 4.90659e-07 4.09574e-09 8.53149e-09 3.90313e-18 0 1.77271e-07 3.87948e-11 2.19028e-11 1.96482e-09 2.41422e-13 2.25208e-10 0.0622088 9.71272e-15 2.69174e-10 2.1684e-19 -1.28743e-12 -1.52851e-15 -1.79568e-14 -1.64578e-13 1.90101e-11 2.53703e-17
0.00535714  301.551 0 0 1.95601e-14 0.000170587 3.54988e-12 0.218301 1.71534e-12 0.000145485 0.719104 5.12047e-07 6.03123e-07 4.83091e-05 4.73113e-06 4.91877e-07 3.03577e-17 5.15957e-08 4.33681e-19 4.7256e-11 6.18072e-08 2.30241e-06 1.19035e-14 2.1684e-19 0 1.40878e-07 2.56085e-10 2.27899e-16 7.98634e-06 6.50521e-19 7.81622e-07 7.97314e-09 1.65313e-08 8.67362e-18 0 3.35463e-07 7.48391e-11 6.03465e-11 3.8461e-09 9.10938e-13 6.7108e-10 0.0622126 2.69669e-14 1.56658e-09 1.0842e-18 2.97657e-11 1.42746e-15 4.82333e-14 1.04132e-12 6.77484e-11 1.73472e-16
0.00714286  302.245 0 0 5.05232e-14 0.000187945 4.80494e-12 0.218248 4.41368e-12 0.00020493 0.719044 7.46777e-07 8.79603e-07 7.02921e-05 7.85536e-06 8.20283e-07 8.50015e-17 8.69953e-08 2.1684e-18 1.10314e-10 1.10073e-07 3.24524e-06 3.80399e-14 6.50521e-19 0 2.43209e-07 5.68395e-10 8.12718e-16 1.21081e-05 2.81893e-18 1.21893e-06 1.46827e-08 3.03341e-08 1.9082e-17 4.33681e-19 6.04328e-07 1.36954e-10 1.39941e-10 7.11308e-09 2.47589e-12 1.62074e-09 0.0622172 6.9845e-14 4.80317e-09 3.46945e-18 1.26243e-10 1.20787e-14 3.16389e-13 5.17505e-12 1.78013e-10 6.26669e-16
0.00892857  303.218 0 0 1.26432e-13 0.000206904 6.51507e-12 0.218171 1.09808e-11 0.00028637 0.718968 1.07972e-06 1.2702e-06 0.000101324 1.28053e-05 1.34227e-06 2.59124e-16 1.43805e-07 9.32414e-18 2.48323e-10 1.91327e-07 4.53848e-06 1.15153e-13 1.30104e-18 0 4.10787e-07 1.20751e-09 2.71051e-15 1.81417e-05 1.04083e-17 1.87516e-06 2.62696e-08 5.4101e-08 4.33681e-17 1.51788e-18 1.06043e-06 2.44016e-10 3.04281e-10 1.27753e-08 6.18693e-12 3.6378e-09 0.062223 1.75644e-13 1.27342e-08 9.97466e-18 4.24762e-10 5.22579e-14 1.39679e-12 1.92805e-11 4.26756e-10 2.07148e-15
0.0107143  304.58 0 0 3.10405e-13 0.000227593 8.88159e-12 0.218064 2.67269e-11 0.000397708 0.71887 1.55209e-06 1.82055e-06 0.000145055 2.06295e-05 2.16965e-06 8.47846e-16 2.34741e-07 3.90313e-17 5.51036e-10 3.27969e-07 6.30936e-06 3.41394e-13 2.60209e-18 0 6.84545e-07 2.53699e-09 8.76317e-15 2.6956e-05 3.90313e-17 2.85781e-06 4.62231e-08 9.49103e-08 1.0365e-16 5.85469e-18 1.83212e-06 4.28689e-10 6.41865e-10 2.25621e-08 1.51339e-11 7.90587e-09 0.0622301 4.3429e-13 3.19274e-08 2.90566e-17 1.34325e-09 2.19971e-13 5.71661e-12 6.71084e-11 9.85647e-10 6.70709e-15
0.0125  306.483 0 0 7.52659e-13 0.000250142 1.22232e-11 0.217912 6.39881e-11 0.000549477 0.718743 2.2225e-06 2.59311e-06 0.000206533 3.29577e-05 3.47606e-06 2.90761e-15 3.79786e-07 1.60896e-16 1.21217e-09 5.57389e-07 8.72856e-06 1.00728e-12 5.63785e-18 0 1.13026e-06 5.35764e-09 2.77345e-14 3.97961e-05 1.44849e-16 4.32486e-06 8.04508e-08 1.64711e-07 2.69966e-16 2.27682e-17 3.13301e-06 7.47833e-10 1.33005e-09 3.94144e-08 3.71282e-11 1.68906e-08 0.0622391 1.06309e-12 7.79053e-08 8.63025e-17 4.14735e-09 9.87432e-13 2.28083e-11 2.27871e-10 2.23447e-09 2.15002e-14
0.0142857  309.131 0 0 1.809e-12 0.000274678 1.70654e-11 0.217697 1.51012e-10 0.000755528 0.718579 3.17434e-06 3.67206e-06 0.00029268 5.22971e-05 5.52788e-06 1.01967e-14 6.10009e-07 6.46401e-16 2.64444e-09 9.41674e-07 1.20227e-05 2.98312e-12 1.23599e-17 0 1.8526e-06 1.14817e-08 8.58968e-14 5.84282e-05 5.33644e-16 6.50617e-06 1.38851e-07 2.83464e-07 7.79325e-16 8.82541e-17 5.31509e-06 1.30147e-09 2.71796e-09 6.82827e-08 9.24301e-11 3.56716e-08 0.0622504 2.5873e-12 1.86961e-07 2.71701e-16 1.26175e-08 4.70143e-12 8.94707e-11 7.61831e-10 5.00384e-09 6.81039e-14
0.0160714  312.798 0 0 4.31749e-12 0.000301313 2.43129e-11 0.217395 3.51315e-10 0.00103376 0.718364 4.5262e-06 5.16847e-06 0.000412854 8.2454e-05 8.72713e-06 3.58888e-14 9.73018e-07 2.53942e-15 5.71165e-09 1.58311e-06 1.64886e-05 8.90608e-12 2.75387e-17 0 3.01592e-06 2.51226e-08 2.58853e-13 8.53227e-05 1.96414e-15 9.73149e-06 2.37773e-07 4.84044e-07 2.48196e-15 3.4933e-16 8.95045e-06 2.26853e-09 5.47609e-09 1.17388e-07 2.34995e-10 7.45555e-08 0.0622645 6.27808e-12 4.4269e-07 9.27427e-16 3.78371e-08 2.30203e-11 3.44495e-10 2.50697e-09 1.10824e-08 2.11724e-13
0.0178571  317.845 0 0 1.02388e-11 0.000330138 3.55921e-11 0.216973 8.04491e-10 0.00140672 0.718084 6.44661e-06 7.22456e-06 0.000579493 0.000129104 1.36669e-05 1.25032e-13 1.54034e-06 9.73006e-15 1.21796e-08 2.64824e-06 2.25073e-05 2.68307e-11 6.41848e-17 0 4.87375e-06 5.63118e-08 7.52251e-13 0.00012387 7.24811e-15 1.44651e-05 4.03715e-07 8.19568e-07 8.49949e-15 1.40426e-15 1.49521e-05 3.97728e-09 1.08481e-08 2.00133e-07 6.11972e-10 1.54035e-07 0.0622818 1.52185e-11 1.0336e-06 3.5191e-15 1.11499e-07 1.12467e-10 1.2954e-09 8.08948e-09 2.42419e-08 6.39095e-13
0.0196429  324.737 0 0 2.41232e-11 0.000361206 5.39558e-11 0.216389 1.80847e-09 0.00190192 0.717721 9.17432e-06 1.0015e-05 0.000808745 0.000200511 2.11956e-05 4.26542e-13 2.41672e-06 3.61918e-14 2.55498e-08 4.40335e-06 3.05557e-05 8.13655e-11 1.55475e-16 0 7.8081e-06 1.29314e-07 2.08568e-12 0.000178608 2.68769e-14 2.13448e-05 6.7855e-07 1.37373e-06 3.03273e-14 5.73153e-15 2.47426e-05 7.04989e-09 2.10298e-08 3.37844e-07 1.63137e-09 3.13779e-07 0.0623024 3.69018e-11 2.37215e-06 1.5166e-14 3.21316e-07 5.3516e-10 4.72466e-09 2.54538e-08 5.22223e-08 1.84473e-12
0.0214286  334.049 0 0 5.64326e-11 0.000394516 8.53826e-11 0.215586 3.97508e-09 0.00255141 0.717251 1.30458e-05 1.37425e-05 0.00112095 0.000308344 3.24788e-05 1.41174e-12 3.75039e-06 1.29844e-13 5.25038e-08 7.26281e-06 4.12114e-05 2.46825e-10 3.94433e-16 0 1.23773e-05 3.0298e-07 5.46072e-12 0.000255415 1.00218e-13 3.12187e-05 1.12634e-06 2.27418e-06 1.09659e-13 2.37104e-14 4.04701e-05 1.27103e-08 3.96267e-08 5.63417e-07 4.42863e-09 6.27965e-07 0.0623251 8.95394e-11 5.32363e-06 7.52245e-14 9.00098e-07 2.43196e-09 1.65791e-08 7.75714e-08 1.10355e-07 4.98886e-12
0.0232143  346.469 0 0 1.30999e-10 0.000430001 1.42072e-10 0.214499 8.49807e-09 0.00339041 0.716651 1.85308e-05 1.86232e-05 0.00154074 0.00046846 4.90334e-05 4.49435e-12 5.74258e-06 4.45618e-13 1.05206e-07 1.18461e-05 5.51442e-05 7.41579e-10 1.05883e-15 2.1684e-19 1.93673e-05 7.17796e-07 1.34207e-11 0.0003616 3.75136e-13 4.51701e-05 1.84121e-06 3.70793e-06 3.93171e-13 9.90061e-14 6.5256e-05 2.34542e-08 7.19122e-08 9.25648e-07 1.21155e-08 1.22944e-06 0.0623469 2.1714e-10 1.16042e-05 4.27982e-13 2.43451e-06 1.03751e-08 5.54817e-08 2.27251e-07 2.2771e-07 1.23211e-11
0.025  362.773 0 0 3.01707e-10 0.000467512 2.49909e-10 0.21305 1.75563e-08 0.00445474 0.715894 2.62778e-05 2.48611e-05 0.00209661 0.000701432 7.2701e-05 1.36579e-11 8.65269e-06 1.44861e-12 2.04616e-07 1.90278e-05 7.30914e-05 2.17902e-09 3.01842e-15 2.38524e-18 2.98349e-05 1.69637e-06 3.10792e-11 0.000505807 1.40326e-12 6.45158e-05 2.95485e-06 5.93582e-06 1.37429e-12 4.14659e-13 0.000103427 4.45122e-08 1.24068e-07 1.4936e-06 3.28917e-08 2.34403e-06 0.06236 5.2456e-10 2.43823e-05 2.7151e-12 6.31386e-06 4.09005e-08 1.75524e-07 6.35134e-07 4.56581e-07 2.70051e-11
0.0267857  383.782 0 0 6.89794e-10 0.000506823 4.65827e-10 0.211156 3.48282e-08 0.00577721 0.714957 3.71656e-05 3.26108e-05 0.00281974 0.00103256 0.000105524 3.9445e-11 1.27958e-05 4.41423e-12 3.8466e-07 2.99487e-05 9.58143e-05 6.17941e-09 9.15565e-15 1.95156e-17 4.51283e-05 3.93381e-06 6.91221e-11 0.000697671 5.21444e-12 9.07679e-05 4.64161e-06 9.30202e-06 4.62348e-12 1.73095e-12 0.00016067 8.70075e-08 1.99566e-07 2.35992e-06 8.69847e-08 4.33294e-06 0.0623489 1.25623e-09 4.90262e-05 1.8231e-11 1.56022e-05 1.4677e-07 5.20916e-07 1.68186e-06 8.85549e-07 5.12459e-11
0.0285714  410.294 0 0 1.5655e-09 0.000547637 9.19216e-10 0.208732 6.61048e-08 0.00738388 0.713822 5.23599e-05 4.19358e-05 0.0037422 0.00149121 0.000149514 1.08681e-10 1.85301e-05 1.24942e-11 6.96724e-07 4.59506e-05 0.000124044 1.67354e-08 2.94931e-14 1.45066e-16 6.68735e-05 8.80323e-06 1.53014e-10 0.000947262 1.91949e-11 0.000125556 7.11898e-06 1.42339e-05 1.48715e-11 7.19123e-12 0.000244035 1.74591e-07 2.89662e-07 3.64177e-06 2.19913e-07 7.73592e-06 0.0622839 2.96995e-09 9.37817e-05 1.22092e-10 3.65523e-05 4.72146e-07 1.44198e-06 4.19742e-06 1.6552e-06 8.35096e-11
0.0303571  443.009 0 0 3.51287e-09 0.000589619 1.91258e-09 0.205699 1.20357e-07 0.00929121 0.712482 7.33593e-05 5.2771e-05 0.00489495 0.00210952 0.000206355 2.90978e-10 2.62363e-05 3.26778e-11 1.21363e-06 6.84172e-05 0.000158429 4.32355e-08 1.00384e-13 9.93563e-16 9.69219e-05 1.87482e-05 3.52484e-10 0.00126442 7.03832e-11 0.000170528 1.06434e-05 2.12311e-05 4.59084e-11 2.98429e-11 0.000361762 3.56891e-07 3.57228e-07 5.4789e-06 5.23065e-07 1.32988e-05 0.0621132 6.93544e-09 0.000169996 7.78053e-10 8.09395e-05 1.33733e-06 3.71159e-06 9.84249e-06 2.97434e-06 1.19088e-10
0.0321429  482.463 0 0 7.71097e-09 0.000632433 4.16656e-09 0.201991 2.12871e-07 0.0115052 0.71095 0.000102027 6.48992e-05 0.00630613 0.00292084 0.000277111 7.75756e-10 3.62936e-05 7.91545e-11 2.03271e-06 9.85381e-05 0.000199498 1.09237e-07 3.58128e-13 6.41978e-15 0.000137275 3.7648e-05 8.76397e-10 0.00165817 2.55975e-10 0.000227252 1.55041e-05 3.08457e-05 1.38758e-10 1.23436e-10 0.000522978 7.35804e-07 3.35935e-07 8.02902e-06 1.15707e-06 2.1946e-05 0.0617525 1.61737e-08 0.0002913 4.56994e-09 0.000169264 3.24699e-06 8.87782e-06 2.16719e-05 5.13434e-06 1.554e-10
0.0339286  528.996 0 0 1.63548e-08 0.000675778 9.4095e-09 0.19756 3.7604e-07 0.0140227 0.70926 0.000140622 7.7944e-05 0.00800004 0.00395828 0.000362033 2.05088e-09 4.90592e-05 1.80536e-10 3.27836e-06 0.000136967 0.000247653 2.90607e-07 1.32999e-12 4.24469e-14 0.000190006 7.09828e-05 2.40345e-09 0.00213645 8.74044e-10 0.000297154 2.20215e-05 4.36626e-05 4.27356e-10 5.01203e-10 0.000737353 1.51549e-06 2.15481e-07 1.14623e-05 2.36291e-06 3.4616e-05 0.0610725 3.91311e-08 0.000470652 2.40865e-08 0.000334715 6.4294e-06 1.97268e-05 4.48829e-05 8.52053e-06 1.97738e-10
0.0357143  582.741 0 0 3.36379e-08 0.00071943 2.19064e-08 0.19238 6.95171e-07 0.0168342 0.707481 0.00019189 9.13749e-05 0.00999726 0.00525394 0.000460481 5.45714e-09 6.48569e-05 4.03234e-10 5.09959e-06 0.000182975 0.000303182 8.83676e-07 5.20387e-12 3.21296e-13 0.000257211 0.000125646 7.87207e-09 0.00270609 2.78644e-09 0.000381505 3.05576e-05 6.02864e-05 1.40881e-09 2.00062e-09 0.00101484 3.09446e-06 1.09864e-07 1.59565e-05 4.43034e-06 5.20343e-05 0.0598896 1.17369e-07 0.000712528 1.10729e-07 0.000627693 9.39336e-06 4.03501e-05 8.77247e-05 1.36228e-05 2.65085e-10
0.0375  643.637 0 0 6.8509e-08 0.000763263 5.2604e-08 0.186451 1.39719e-06 0.0199277 0.705728 0.000259279 0.000104511 0.0123156 0.00683879 0.000570922 1.54212e-08 8.39731e-05 9.22275e-10 7.6275e-06 0.000232094 0.000366287 2.95025e-06 2.23488e-11 2.75073e-12 0.000341003 0.000209274 4.56809e-08 0.00337337 9.03069e-09 0.000481463 4.15413e-05 8.13493e-05 5.05525e-09 8.67622e-09 0.00136561 6.22118e-06 5.98116e-08 2.16952e-05 7.56664e-06 7.46121e-05 0.057963 7.38034e-07 0.000993052 4.28621e-07 0.00112048 8.55265e-06 7.2843e-05 0.000162437 2.10528e-05 3.97701e-10
0.0392857  711.444 0 0 1.40451e-07 0.000807282 1.2903e-07 0.179807 3.00277e-06 0.0232918 0.704181 0.000347197 0.0001165 0.0149719 0.00874361 0.000690868 4.59501e-08 0.000106642 2.19329e-09 1.08015e-05 0.000271891 0.000437084 9.44279e-06 1.07932e-10 2.28324e-11 0.000443537 0.000327988 5.7902e-07 0.00414481 3.04764e-08 0.000598177 5.54802e-05 0.000107551 1.89841e-08 5.20129e-08 0.00180032 1.22004e-05 3.6529e-08 2.88693e-05 1.15184e-05 0.000102068 0.0550115 8.35005e-06 0.00121384 1.31698e-06 0.00190803 4.52628e-06 0.000105998 0.000285023 3.15756e-05 6.64765e-10
0.0410714  785.717 0 0 2.91327e-07 0.00085164 3.1741e-07 0.172533 6.57972e-06 0.0269188 0.703113 0.000458692 0.000126225 0.0179849 0.0110008 0.000816365 1.38886e-07 0.000132948 5.4258e-09 1.40414e-05 0.000280134 0.000515486 2.64355e-05 5.53436e-10 1.60378e-10 0.000566862 0.000470432 7.7181e-06 0.00502843 1.04358e-07 0.000732964 7.28571e-05 0.00013965 7.04184e-08 3.81436e-07 0.00233097 2.29993e-05 2.39539e-08 3.76808e-05 1.44123e-05 0.000132987 0.0507587 7.29932e-05 0.00113207 2.7842e-06 0.00307092 1.60619e-06 0.000111279 0.000465735 4.59087e-05 1.17245e-09
0.0428571  865.756 0 0 6.10201e-07 0.000896576 7.68984e-07 0.164769 1.34827e-05 0.0308055 0.702878 0.000577463 0.000132126 0.0213771 0.0136467 0.000940655 4.01374e-07 0.000162454 1.3427e-08 1.60845e-05 0.000236116 0.000600764 6.29391e-05 2.64091e-09 8.593e-10 0.000711485 0.00053018 6.17719e-05 0.00603303 3.37885e-07 0.000887524 9.36569e-05 0.000177552 2.4554e-07 1.71736e-06 0.00297174 4.07965e-05 1.60385e-08 4.83386e-05 1.09126e-05 0.000164733 0.0450093 0.000285482 0.000583648 2.939e-06 0.00446932 3.29418e-07 6.82451e-05 0.000667923 6.20048e-05 1.8935e-09
0.0446429  950.806 0 0 1.29781e-06 0.000942023 1.82823e-06 0.156609 2.49823e-05 0.0349449 0.703724 0.00065157 0.00013223 0.0251694 0.0167194 0.00105298 1.09291e-06 0.000193505 3.25281e-08 1.5593e-05 0.000149641 0.000690488 0.000127724 1.08676e-08 3.46968e-09 0.00087009 0.00034893 0.000224489 0.0071474 9.96834e-07 0.00106396 0.000116256 0.00021791 7.92242e-07 2.176e-06 0.00372378 6.6707e-05 1.04959e-08 6.10286e-05 2.60096e-06 0.00019405 0.0377195 0.000459942 0.000156033 1.46288e-06 0.00558564 3.66255e-08 1.7666e-05 0.000798781 6.83575e-05 2.44972e-09
0.0464286  1040.25 0 0 2.81708e-06 0.000987185 4.29142e-06 0.147988 4.49735e-05 0.0393189 0.705721 0.000652779 0.00012507 0.0293717 0.0202555 0.00113967 2.89249e-06 0.000222872 8.07618e-08 1.28041e-05 6.88498e-05 0.000779109 0.000225797 4.02104e-08 1.18527e-08 0.00101599 0.000134585 0.000412376 0.0082891 2.78854e-06 0.0012647 0.000136143 0.000260014 2.35589e-06 1.25578e-06 0.00450964 9.98111e-05 6.84409e-09 7.59082e-05 2.91447e-07 0.0002183 0.029136 0.000451397 3.15403e-05 5.05734e-07 0.00614264 3.20398e-09 1.66274e-06 0.000829313 5.88517e-05 2.72077e-09
0.0482143  1133.09 0 0 6.0438e-06 0.00103003 9.82618e-06 0.138833 8.08281e-05 0.0438835 0.70867 0.000597588 0.000110599 0.0339621 0.0242805 0.00118699 7.19071e-06 0.000245799 2.03692e-07 9.3699e-06 2.57109e-05 0.000856834 0.000357915 1.38078e-07 3.69259e-08 0.00110315 3.97831e-05 0.00050763 0.00927444 7.30026e-06 0.00149215 0.000145932 0.000308587 6.27399e-06 8.24538e-07 0.00510066 0.00013696 4.61298e-09 9.31405e-05 4.26397e-08 0.000235881 0.0200309 0.000322328 5.65551e-06 1.43709e-07 0.00620563 2.62101e-10 6.64995e-08 0.000784418 4.43675e-05 2.90171e-09
0.05  1227.77 0 0 1.21883e-05 0.00106693 2.1523e-05 0.129103 0.000143319 0.0485467 0.711995 0.000520474 9.04533e-05 0.0388537 0.0287936 0.00118703 1.57337e-05 0.000256464 4.90873e-07 6.4011e-06 9.57375e-06 0.000908981 0.000506897 4.33416e-07 1.04588e-07 0.00108308 1.03355e-05 0.00046406 0.00981882 1.69499e-05 0.00174655 0.000139756 0.000360643 1.44841e-05 6.29871e-07 0.00518337 0.0001729 3.18431e-09 0.000112889 9.21024e-09 0.000245831 0.0117395 0.000181948 9.57792e-07 3.59977e-08 0.00594103 2.14137e-11 1.88175e-09 0.000695515 3.08887e-05 3.05218e-09
0.0517857  1322.16 0 0 2.23561e-05 0.00109367 4.45482e-05 0.118833 0.000247425 0.0531706 0.715 0.00044501 6.76486e-05 0.0438742 0.0337629 0.00114015 2.90415e-05 0.000249979 1.06487e-06 4.17019e-06 3.89309e-06 0.000918526 0.000631532 1.21155e-06 2.62102e-07 0.000938102 2.46258e-06 0.0003283 0.00963771 3.32811e-05 0.00201974 0.000119932 0.000402842 2.85206e-05 5.4348e-07 0.00459087 0.000199338 2.19152e-09 0.000134949 2.69015e-09 0.000247728 0.00560733 8.33394e-05 1.54654e-07 8.07407e-09 0.00547858 1.76836e-12 8.81451e-11 0.000584687 1.98106e-05 3.14237e-09
0.0535714  1413.39 0 0 3.71121e-05 0.00110749 8.6703e-05 0.108211 0.000411014 0.0576013 0.717276 0.000375481 4.57865e-05 0.0487822 0.0391371 0.00105285 4.48484e-05 0.000225446 2.00939e-06 2.60445e-06 1.68599e-06 0.000873712 0.000693 2.9632e-06 5.70416e-07 0.000705553 5.67526e-07 0.000192258 0.00864673 5.36686e-05 0.00228219 9.51348e-05 0.000418625 4.7993e-05 5.02704e-07 0.00348194 0.000205105 1.44143e-09 0.000157395 9.84963e-10 0.000241609 0.00209406 3.02093e-05 2.29385e-08 1.57037e-09 0.00489749 1.42786e-13 6.73128e-12 0.000466837 1.1586e-05 3.1256e-09
0.0553571  1498.23 0 0 5.63604e-05 0.00110768 0.00015827 0.0975695 0.000650562 0.0616993 0.718851 0.000307623 2.78903e-05 0.0533068 0.0448599 0.000934649 5.88735e-05 0.000187318 3.25757e-06 1.54927e-06 7.59116e-07 0.00077569 0.000678277 6.28449e-06 1.07188e-06 0.000457413 1.37048e-07 0.000102514 0.00706302 7.06139e-05 0.00247269 7.21012e-05 0.00039969 6.99443e-05 4.02384e-07 0.00225699 0.000183743 8.59793e-10 0.000174719 3.60249e-10 0.000227882 0.000587758 8.36619e-06 2.98573e-09 2.54333e-10 0.00425008 1.08112e-14 5.52659e-13 0.000353369 6.12928e-06 2.96305e-09
0.0571429  1573.97 0 0 7.93123e-05 0.00109449 0.000270267 0.0872844 0.000975064 0.0653511 0.719964 0.000240514 1.53843e-05 0.0571806 0.0508677 0.000795798 6.73138e-05 0.000143559 4.52957e-06 8.71235e-07 3.51604e-07 0.000639819 0.000599076 1.15057e-05 1.74154e-06 0.000255111 3.71703e-08 5.41105e-05 0.00526909 7.68577e-05 0.00251365 5.30614e-05 0.000350856 8.96279e-05 2.38615e-07 0.0012655 0.000142039 4.51118e-10 0.00017879 1.11094e-10 0.000207412 0.000119625 1.70862e-06 3.25867e-10 3.29847e-11 0.00357915 7.34222e-16 4.209e-14 0.000253046 2.92135e-06 2.64506e-09
0.0589286  1638.98 0 0 0.00010455 0.00106865 0.000431057 0.0776879 0.0013801 0.0684759 0.720805 0.000178033 7.90642e-06 0.0601689 0.0570776 0.000646753 6.84819e-05 0.000102091 5.42342e-06 4.6484e-07 1.66001e-07 0.000489906 0.000481864 1.81529e-05 2.45497e-06 0.00012274 1.15518e-08 2.92134e-05 0.00361029 7.09155e-05 0.00235662 3.79306e-05 0.000285179 0.000102039 1.11628e-07 0.000626965 9.59617e-05 2.10862e-10 0.000164744 3.02631e-11 0.000181665 1.73369e-05 2.5193e-07 2.93982e-11 3.40755e-12 0.00292406 4.40186e-17 2.84733e-15 0.000171329 1.25536e-06 2.20292e-09
0.0607143  1692.79 0 0 0.000130336 0.00103203 0.000642416 0.0690301 0.00184539 0.0710356 0.721456 0.000124861 4.04986e-06 0.0621078 0.063384 0.000498785 6.29024e-05 6.80265e-05 5.63755e-06 2.39537e-07 7.92185e-08 0.000349147 0.000355945 2.47215e-05 3.01309e-06 5.13693e-05 4.01649e-09 1.59607e-05 0.00228693 5.69607e-05 0.00202066 2.61166e-05 0.000216224 0.000103748 5.32085e-08 0.000282238 5.85585e-05 9.36249e-11 0.000135979 9.25385e-12 0.000152756 1.81084e-06 2.70629e-08 2.54167e-12 3.34286e-13 0.00231904 2.81893e-18 1.97758e-16 0.000109872 4.89048e-07 1.7028e-09
0.0625  1735.89 0 0 0.00015506 0.000987993 0.00089641 0.0614613 0.00233857 0.0730414 0.721941 8.35953e-05 2.3188e-06 0.0629457 0.0696685 0.000363496 5.26806e-05 4.29784e-05 5.14976e-06 1.2258e-07 3.80048e-08 0.000232925 0.000243789 2.92341e-05 3.23622e-06 1.89791e-05 1.52992e-09 8.77821e-06 0.0013503 4.08579e-05 0.00158542 1.71437e-05 0.000153728 9.45513e-05 3.01633e-08 0.000120016 3.39398e-05 4.39713e-11 0.000101754 3.65343e-12 0.000123218 1.41636e-07 2.21715e-09 3.90703e-13 6.2398e-14 0.0017888 4.33681e-19 2.75387e-17 6.70069e-05 1.74353e-07 1.22111e-09
0.0642857  1769.47 0 0 0.000177576 0.000940812 0.00117511 0.0550266 0.00282383 0.0745454 0.72227 5.41884e-05 1.64558e-06 0.0627623 0.0758148 0.000250267 4.05907e-05 2.60607e-05 4.20141e-06 6.3997e-08 1.8304e-08 0.000146617 0.000156714 3.03396e-05 3.06926e-06 6.32647e-06 6.43752e-10 4.98137e-06 0.00075139 2.68386e-05 0.00114677 1.06604e-05 0.000102905 7.77013e-05 1.85787e-08 5.09413e-05 1.97934e-05 2.38535e-11 7.06306e-05 1.67857e-12 9.54745e-05 8.72342e-09 1.58101e-10 1.36804e-13 2.68492e-14 0.00134582 2.1684e-19 9.32414e-18 3.90864e-05 5.75663e-08 8.15676e-10
0.0660714  1795.24 0 0 0.000197281 0.000894627 0.00145476 0.049678 0.00327118 0.0756239 0.722461 3.47287e-05 1.43274e-06 0.0617459 0.0817214 0.000163522 2.90816e-05 1.53311e-05 3.12048e-06 3.45452e-08 8.86581e-09 8.78694e-05 9.59116e-05 2.80363e-05 2.60548e-06 1.96269e-06 3.04365e-10 3.00709e-06 0.000399526 1.65603e-05 0.000773811 6.28288e-06 6.52027e-05 5.81761e-05 1.13442e-08 2.30155e-05 1.21181e-05 1.48643e-11 4.67119e-05 8.0854e-13 7.12823e-05 4.44449e-10 1.63184e-11 6.10764e-14 1.42659e-14 0.00099092 0 4.11997e-18 2.19489e-05 1.78281e-08 5.11177e-10
0.0678571  1815.04 0 0 0.000214007 0.000852618 0.00171284 0.0453018 0.00366205 0.0763601 0.722532 2.25841e-05 1.39686e-06 0.0601401 0.0873097 0.000102204 1.96166e-05 8.82247e-06 2.15197e-06 1.92189e-08 4.33168e-09 5.05686e-05 5.66948e-05 2.34539e-05 2.01298e-06 5.93809e-07 1.60804e-10 1.93966e-06 0.00020607 9.83881e-06 0.000493778 3.53496e-06 3.94026e-05 4.02397e-05 6.68527e-09 1.1579e-05 7.85482e-06 9.97206e-12 3.01672e-05 3.92919e-13 5.14715e-05 1.95267e-11 4.48391e-12 2.83439e-14 7.72581e-15 0.000716402 0 1.95156e-18 1.19357e-05 5.24089e-09 3.03062e-10
0.0696429  1830.56 0 0 0.000227853 0.000816656 0.00193396 0.0417519 0.00398977 0.0768328 0.72251 1.52929e-05 1.41781e-06 0.0581852 0.0925267 6.16018e-05 1.26087e-05 4.98564e-06 1.40109e-06 1.08825e-08 2.13729e-09 2.80863e-05 3.27257e-05 1.80599e-05 1.43925e-06 1.87807e-07 9.20935e-11 1.30804e-06 0.00010437 5.74274e-06 0.000301605 1.91639e-06 2.2886e-05 2.60857e-05 3.78495e-09 6.48584e-06 5.295e-06 6.82338e-12 1.93629e-05 1.89839e-13 3.6056e-05 7.66227e-13 1.98115e-12 1.35859e-14 4.18741e-15 0.000509901 0 8.67362e-19 6.30041e-06 1.46877e-09 1.70964e-10
0.0714286  1843.15 0 0 0.000239054 0.000787381 0.00211156 0.0388772 0.00425665 0.0771108 0.722418 1.09682e-05 1.44867e-06 0.056081 0.0973432 3.58544e-05 7.77522e-06 2.74632e-06 8.66604e-07 6.14667e-09 1.05532e-09 1.49328e-05 1.84378e-05 1.30177e-05 9.65209e-07 6.46193e-08 5.50506e-11 8.95986e-07 5.15439e-05 3.30927e-06 0.000177214 9.96153e-07 1.27722e-05 1.59982e-05 2.03223e-09 3.88946e-06 3.62116e-06 4.62509e-12 1.24286e-05 8.92797e-14 2.45299e-05 2.25666e-14 9.74084e-13 6.79253e-15 2.24777e-15 0.000357661 0 4.33681e-19 3.18466e-06 3.53141e-10 9.08489e-11
0.075  1862.55 0 0 0.000254434 0.000748099 0.00233734 0.03473 0.00462968 0.0772557 0.722097 7.19168e-06 1.48886e-06 0.0518601 0.105754 1.3122e-05 3.10148e-06 9.24539e-07 3.49601e-07 2.27136e-09 3.09389e-10 4.60631e-06 6.61934e-06 6.18029e-06 4.18508e-07 1.8238e-08 2.20685e-11 4.41256e-07 1.58901e-05 1.30187e-06 6.4706e-05 3.21562e-07 4.36938e-06 6.09714e-06 6.31108e-10 1.66871e-06 1.77856e-06 2.07388e-12 5.65006e-06 2.25917e-14 1.08928e-05 6.68519e-16 3.04391e-13 2.15778e-15 7.40293e-16 0.000176145 0 2.1684e-19 9.0137e-07 3.65116e-11 2.73936e-11
0.0785714  1878.15 0 0 0.000262754 0.000727069 0.00244297 0.0319169 0.0048599 0.0771523 0.721719 5.69276e-06 1.4894e-06 0.0481404 0.112629 4.97338e-06 1.28438e-06 3.21418e-07 1.421e-07 8.90121e-10 1.00817e-10 1.42966e-06 2.52097e-06 2.74917e-06 1.74954e-07 7.19e-09 9.12354e-12 2.13515e-07 5.58556e-06 5.53069e-07 2.4329e-05 1.13457e-07 1.5723e-06 2.33003e-06 1.88185e-10 7.44769e-07 8.64691e-07 8.59314e-13 2.68601e-06 5.75993e-15 4.49425e-06 1.59595e-16 1.12132e-13 8.05345e-16 2.54354e-16 8.50924e-05 0 0 2.48401e-07 3.66909e-12 7.8013e-12
0.0821429  1891.57 0 0 0.00026607 0.00071669 0.00247682 0.0299326 0.00500145 0.0769706 0.721354 4.97341e-06 1.46445e-06 0.0450364 0.118175 1.99237e-06 5.83118e-07 1.17969e-07 5.99865e-08 3.70029e-10 3.6206e-11 4.62196e-07 1.02543e-06 1.20298e-06 7.38226e-08 3.14461e-09 3.83614e-12 1.01789e-07 2.2258e-06 2.47971e-07 9.68389e-06 4.42239e-08 6.11989e-07 9.30634e-07 5.5572e-11 3.36525e-07 4.16433e-07 3.30353e-13 1.3138e-06 1.50075e-15 1.73359e-06 5.83301e-17 4.51618e-14 3.2808e-16 9.15067e-17 4.06238e-05 0 0 6.74191e-08 3.65577e-13 2.15078e-12
0.0857143  1903.54 0 0 0.00026596 0.000711634 0.0024705 0.0284745 0.00508848 0.0767962 0.721032 4.55051e-06 1.4262e-06 0.0425068 0.122619 8.43266e-07 3.02347e-07 4.60315e-08 2.64275e-08 1.61641e-10 1.40509e-11 1.59559e-07 4.41065e-07 5.32396e-07 3.20705e-08 1.40853e-09 1.63226e-12 4.80507e-08 9.66561e-07 1.14416e-07 4.09426e-06 1.85299e-08 2.56916e-07 3.92997e-07 1.66337e-11 1.52627e-07 1.99258e-07 1.18755e-13 6.52306e-07 4.05058e-16 6.27679e-07 2.29851e-17 1.90152e-14 1.39428e-16 3.46945e-17 1.9254e-05 0 0 1.81448e-08 3.69301e-14 5.82224e-13
0.0892857  1914.41 0 0 0.000263561 0.000708734 0.00244229 0.0273615 0.0051414 0.0766657 0.720761 4.25944e-06 1.38211e-06 0.0404647 0.126172 3.72849e-07 1.83121e-07 1.8987e-08 1.20498e-08 7.31617e-11 5.76542e-12 5.94506e-08 1.97477e-07 2.40773e-07 1.43726e-08 6.34618e-10 7.01152e-13 2.2546e-08 4.40266e-07 5.34925e-08 1.81875e-06 8.09315e-09 1.14194e-07 1.74194e-07 5.14098e-12 6.93019e-08 9.49373e-08 4.0256e-14 3.26069e-07 1.14709e-16 2.1395e-07 9.32414e-18 8.19744e-15 6.07153e-17 1.36609e-17 9.08537e-06 0 0 4.86267e-09 3.93457e-15 1.56038e-13
0.0928571  1924.41 0 0 0.000259664 0.000706311 0.00240239 0.0264823 0.00517236 0.0765897 0.720539 4.03729e-06 1.33625e-06 0.0388193 0.129017 1.69931e-07 1.28858e-07 8.17677e-09 5.62166e-09 3.38666e-11 2.45545e-12 2.37935e-08 9.07123e-08 1.11196e-07 6.6024e-09 2.86586e-10 3.03559e-13 1.05394e-08 2.05318e-07 2.51533e-08 8.36375e-07 3.61098e-09 5.26891e-08 7.99439e-08 1.66396e-12 3.14754e-08 4.50984e-08 1.29898e-14 1.63347e-07 3.42608e-17 6.8812e-08 3.90313e-18 3.58329e-15 2.66714e-17 5.63785e-18 4.27523e-06 0 0 1.30095e-09 4.76182e-16 4.16039e-14
0.0964286  1933.68 0 0 0.000254814 0.000703576 0.00235648 0.0257668 0.00518872 0.0765662 0.720361 3.85644e-06 1.29071e-06 0.0374896 0.131305 7.8841e-08 1.02101e-07 3.62246e-09 2.65385e-09 1.58551e-11 1.06937e-12 1.00587e-08 4.22342e-08 5.20746e-08 3.07862e-09 1.29459e-10 1.32117e-13 4.90907e-09 9.66456e-08 1.18429e-08 3.92505e-07 1.62595e-09 2.48253e-08 3.74537e-08 5.67777e-13 1.42754e-08 2.13467e-08 4.03041e-15 8.16902e-08 1.10589e-17 2.0876e-08 1.73472e-18 1.5786e-15 1.19262e-17 2.38524e-18 2.00568e-06 0 0 3.47485e-10 7.1991e-17 1.10511e-14
0.1  1942.31 0 0 0.000249384 0.000700225 0.00230778 0.0251691 0.00519504 0.0765882 0.720219 3.70297e-06 1.24652e-06 0.0364084 0.133156 3.64808e-08 8.75235e-08 1.60972e-09 1.24276e-09 7.36299e-12 4.65847e-13 4.34003e-09 1.95339e-08 2.42546e-08 1.42813e-09 5.77782e-11 5.70731e-14 2.25429e-09 4.50677e-08 5.50826e-09 1.83902e-07 7.2582e-10 1.16803e-08 1.75208e-08 2.00152e-13 6.38631e-09 9.95683e-09 1.18135e-15 4.02999e-08 3.68629e-18 5.73447e-09 6.50521e-19 6.9107e-16 5.20417e-18 1.0842e-18 9.28201e-07 0 0 8.90553e-11 1.32273e-17 2.81285e-15
0.105357  1954.25 0 0 0.000240638 0.000693936 0.00223301 0.0244347 0.00519124 0.0766904 0.720061 3.50891e-06 1.18361e-06 0.0351496 0.1353 1.25897e-08 7.58586e-08 5.28357e-10 4.32438e-10 2.52997e-12 1.47269e-13 1.40621e-09 6.68494e-09 8.4061e-09 4.91709e-10 1.86372e-11 1.76083e-14 7.53802e-10 1.55194e-08 1.88804e-09 6.44776e-08 2.34734e-10 4.11885e-09 6.13076e-09 5.14784e-14 2.0599e-09 3.40411e-09 2.28116e-16 1.48963e-08 8.67362e-19 9.32685e-10 2.1684e-19 2.17274e-16 1.73472e-18 4.33681e-19 3.13951e-07 0 0 1.47554e-11 1.95156e-18 4.60569e-16
0.110714  1965.17 0 0 0.000231709 0.000686407 0.00215933 0.0238302 0.00517734 0.0768485 0.71995 3.34432e-06 1.12516e-06 0.0341916 0.13692 4.44392e-09 6.87255e-08 1.76349e-10 1.51202e-10 8.74117e-13 4.73165e-14 4.68695e-10 2.30376e-09 2.9409e-09 1.70875e-10 6.04311e-12 5.48975e-15 2.5242e-10 5.37087e-09 6.49452e-10 2.28785e-08 7.65026e-11 1.47018e-09 2.17129e-09 1.4061e-14 6.65731e-10 1.16366e-09 4.83554e-17 5.51009e-09 2.1684e-19 1.38723e-10 0 6.89553e-17 4.33681e-19 0 1.06361e-07 0 0 2.45764e-12 2.1684e-19 7.56773e-17
0.116071  1975.24 0 0 0.000222906 0.000678022 0.00208817 0.0233157 0.00515679 0.0770413 0.719872 3.20106e-06 1.07105e-06 0.0334406 0.13818 1.62797e-09 6.35078e-08 5.94288e-11 5.29213e-11 3.02671e-13 1.53556e-14 1.58568e-10 7.96188e-10 1.03214e-09 5.95885e-11 1.96886e-12 1.72627e-15 8.46315e-11 1.86231e-09 2.23741e-10 8.16106e-09 2.50541e-11 5.27754e-10 7.73024e-10 4.00483e-15 2.15497e-10 3.97505e-10 1.17094e-17 2.03297e-09 0 1.89684e-11 0 2.21177e-17 2.1684e-19 0 3.6079e-08 0 0 4.11606e-13 0 1.25767e-17
0.121429  1984.58 0 0 0.000214402 0.000669124 0.00202017 0.0228657 0.00513173 0.0772535 0.719817 3.07406e-06 1.02099e-06 0.0328321 0.139192 6.33114e-10 5.926e-08 1.95778e-11 1.80313e-11 1.02281e-13 4.88715e-15 5.25041e-11 2.68336e-10 3.52218e-10 2.0234e-11 6.2981e-13 5.34945e-16 2.78147e-11 6.3017e-10 7.53522e-11 2.84191e-09 8.02984e-12 1.85075e-10 2.68542e-10 1.1447e-15 6.82708e-11 1.32775e-10 3.25261e-18 7.30712e-10 0 2.2209e-12 0 6.93889e-18 0 0 1.20018e-08 0 0 6.60823e-14 0 1.95156e-18
0.129464  1997.4 0 0 0.000202375 0.000655315 0.00192451 0.0222793 0.00508848 0.077588 0.719762 2.90741e-06 9.52791e-07 0.0321031 0.140393 2.37371e-10 5.39676e-08 4.39715e-12 4.22329e-12 2.38668e-14 1.04474e-15 1.19547e-11 6.19694e-11 8.24455e-11 4.70294e-12 1.35274e-13 1.09721e-16 6.1729e-12 1.46263e-10 1.73272e-11 6.85792e-10 1.72627e-12 4.51695e-11 6.45637e-11 2.14238e-16 1.43902e-11 3.00943e-11 6.50521e-19 1.82822e-10 0 1.38275e-13 0 1.51788e-18 0 0 2.70943e-09 0 0 6.5347e-15 0 2.1684e-19
0.1375  2009.03 0 0 0.000191327 0.000641528 0.0018364 0.021765 0.00504133 0.0779211 0.719726 2.76244e-06 8.91871e-07 0.0315053 0.141368 1.41897e-10 4.9509e-08 1.00215e-12 9.99112e-13 5.80048e-15 2.27466e-16 2.76749e-12 1.44535e-11 1.94937e-11 1.1049e-12 2.93801e-14 2.27682e-17 1.37983e-12 3.42401e-11 4.00656e-12 1.67303e-10 3.76028e-13 1.1148e-11 1.56898e-11 4.09828e-17 3.05465e-12 6.847e-12 2.1684e-19 4.59172e-11 0 8.06733e-15 0 2.1684e-19 0 0 6.15885e-10 0 0 6.54858e-16 0 0
0.145536  2019.67 0 0 0.000181245 0.000628082 0.0017554 0.0213025 0.0049921 0.0782423 0.719702 2.63451e-06 8.37281e-07 0.0309881 0.142205 1.16366e-10 4.56628e-08 2.31084e-13 2.39863e-13 1.58098e-15 5.00901e-17 6.48874e-13 3.39854e-12 4.64034e-12 2.61472e-13 6.45144e-15 4.77049e-18 3.10691e-13 8.06476e-12 9.30756e-13 4.10812e-11 8.27704e-14 2.76939e-12 3.83667e-12 8.0231e-18 6.53439e-13 1.56417e-12 0 1.15367e-11 0 4.99167e-16 0 0 0 0 1.40961e-10 0 0 6.657e-17 0 0
0.153571  2029.45 0 0 0.000172062 0.000615142 0.0016809 0.0208794 0.00494195 0.0785469 0.719684 2.52042e-06 7.88203e-07 0.0305227 0.142954 1.07472e-10 4.22991e-08 5.16544e-14 5.7726e-14 5.61617e-16 1.0842e-17 1.47363e-13 7.7667e-13 1.06314e-12 5.96986e-14 1.39407e-15 1.0842e-18 6.87774e-14 1.8465e-12 2.10962e-13 9.75296e-12 1.77868e-14 6.65601e-13 9.0613e-13 1.51788e-18 1.37066e-13 3.49914e-13 0 2.8103e-12 0 4.05492e-17 0 0 0 0 3.1724e-11 0 0 6.72205e-18 0 0
0.165625  2042.72 0 0 0.000159812 0.000596824 0.00158021 0.0203034 0.00486664 0.0789691 0.719663 2.3707e-06 7.23531e-07 0.0298903 0.143967 1.01103e-10 3.79809e-08 7.52913e-15 1.122e-14 2.75821e-16 1.51788e-18 2.21338e-14 1.17149e-13 1.57921e-13 8.81977e-15 1.91036e-16 2.1684e-19 9.68821e-15 2.74307e-13 3.07488e-14 1.5181e-12 2.41864e-15 1.0541e-13 1.39954e-13 2.1684e-19 1.79325e-14 4.99058e-14 0 4.49614e-13 0 3.25261e-18 0 0 0 0 4.57132e-12 0 0 4.33681e-19 0 0
0.177679  2054.62 0 0 0.000149111 0.000579824 0.00149081 0.0197819 0.00479236 0.0793512 0.719647 2.24143e-06 6.67713e-07 0.0293092 0.144896 9.63702e-11 3.43441e-08 1.19414e-15 4.01285e-15 2.08817e-16 2.1684e-19 3.6453e-15 1.96494e-14 2.40517e-14 1.34029e-15 2.66714e-17 0 1.38366e-15 4.1358e-14 4.53565e-15 2.40694e-13 3.35886e-16 1.69916e-14 2.20165e-14 0 2.38069e-15 7.19043e-15 0 7.26522e-14 0 4.33681e-19 0 0 0 0 6.67161e-13 0 0 0 0 0
0.189732  2065.37 0 0 0.000139707 0.000564065 0.001411 0.0193045 0.00471986 0.0796972 0.719633 2.1287e-06 6.19173e-07 0.0287665 0.145761 9.22273e-11 3.12451e-08 2.54571e-16 2.67624e-15 1.7846e-16 0 8.17272e-16 4.74902e-15 3.81639e-15 2.15323e-16 3.68629e-18 0 2.00361e-16 6.3068e-15 6.76325e-16 3.86338e-14 4.74881e-17 2.771e-15 3.50609e-15 0 3.21141e-16 1.04712e-15 0 1.18035e-14 0 0 0 0 0 0 9.8595e-14 0 0 0 0 0
0.201786  2075.13 0 0 0.000131383 0.000549441 0.00133932 0.0188644 0.00464947 0.0800116 0.71962 2.02955e-06 5.76649e-07 0.0282555 0.146576 8.84669e-11 2.85779e-08 1.02782e-16 2.26034e-15 1.56992e-16 0 3.43692e-16 2.22565e-15 6.25368e-16 3.85976e-17 4.33681e-19 0 2.84061e-17 8.96635e-16 9.58435e-17 5.58126e-15 6.28837e-18 4.08527e-16 5.00685e-16 0 4.18502e-17 1.48102e-16 0 1.79067e-15 0 0 0 0 0 0 1.4272e-14 0 0 0 0 0
0.237946  2099.49 0 0 0.000111701 0.000511946 0.00116561 0.0177383 0.00445645 0.0807873 0.719588 1.79704e-06 4.77814e-07 0.026895 0.148743 7.90435e-11 2.25529e-08 6.04985e-17 1.67965e-15 1.13191e-16 0 2.05782e-16 1.33725e-15 1.14709e-16 8.89046e-18 0 0 1.0842e-18 3.57787e-17 3.68629e-18 2.36573e-16 2.1684e-19 1.86483e-17 2.08167e-17 0 1.30104e-18 5.42101e-18 0 8.00141e-17 0 0 0 0 0 0 5.46872e-16 0 0 0 0 0
0.274107  2118.86 0 0 9.71302e-05 0.000481141 0.00103287 0.0168126 0.00428435 0.0813973 0.719562 1.62777e-06 4.06578e-07 0.0257247 0.150606 7.15238e-11 1.83786e-08 4.66207e-17 1.31058e-15 8.5652e-17 0 1.5851e-16 9.88792e-16 7.67615e-17 6.07153e-18 0 0 0 1.51788e-18 2.1684e-19 1.10589e-17 0 1.51788e-18 1.0842e-18 0 0 2.1684e-19 0 3.90313e-18 0 0 0 0 0 0 2.32019e-17 0 0 0 0 0
0.328348  2141.42 0 0 8.14589e-05 0.000444398 0.000885669 0.0157002 0.00406388 0.0820965 0.719533 1.44953e-06 3.3208e-07 0.0242611 0.152932 6.28197e-11 1.41889e-08 3.44776e-17 9.58435e-16 6.02816e-17 0 1.17094e-16 6.86734e-16 5.74627e-17 4.33681e-18 0 0 0 0 0 4.33681e-19 0 6.50521e-19 2.1684e-19 0 0 0 0 2.1684e-19 0 0 0 0 0 0 6.50521e-19 0 0 0 0 0
0.382589  2158.95 0 0 7.02373e-05 0.000415217 0.000777151 0.0148099 0.00387714 0.0826319 0.71951 1.32571e-06 2.80357e-07 0.0230481 0.154859 5.6141e-11 1.14042e-08 2.68882e-17 7.3574e-16 4.51028e-17 0 9.17235e-17 5.0719e-16 4.59702e-17 3.46945e-18 0 0 0 0 0 0 0 4.33681e-19 2.1684e-19 0 0 0 0 0 0 0 0 0 0 0 0 0 0 0 0 0
0.463951  2178.93 0 0 5.85309e-05 0.00038155 0.000660798 0.013769 0.00364914 0.0832315 0.719487 1.20126e-06 2.27973e-07 0.0215897 0.157172 4.87197e-11 8.71134e-09 2.01662e-17 5.31259e-16 3.14419e-17 0 6.87384e-17 3.51498e-16 3.55618e-17 2.60209e-18 0 0 0 0 0 0 0 4.33681e-19 0 0 0 0 0 0 0 0 0 0 0 0 0 0 0 0 0 0
0.545313  2194.06 0 0 5.03595e-05 0.000355535 0.000577519 0.0129586 0.00346388 0.083678 0.719469 1.11853e-06 1.92575e-07 0.0204208 0.159025 4.32219e-11 6.97513e-09 1.60462e-17 4.06142e-16 2.34188e-17 0 5.46438e-17 2.6151e-16 2.90566e-17 1.95156e-18 0 0 0 0 0 0 0 2.1684e-19 0 0 0 0 0 0 0 0 0 0 0 0 0 0 0 0 0 0
0.789397  2221.49 0 0 3.7058e-05 0.000307046 0.000438007 0.011441 0.0030992 0.0844578 0.719458 9.93946e-07 1.37347e-07 0.018133 0.162628 3.35825e-11 4.43022e-09 1.01915e-17 2.35489e-16 1.27936e-17 0 3.51282e-17 1.4615e-16 1.97325e-17 1.30104e-18 0 0 0 0 0 0 0 2.1684e-19 0 0 0 0 0 0 0 0 0 0 0 0 0 0 0 0 0 0
1.15552  2247.36 0 0 2.69168e-05 0.000263589 0.000326451 0.00997401 0.00274345 0.0852053 0.719412 9.08977e-07 9.67001e-08 0.0159577 0.16609 2.5732e-11 2.76179e-09 6.50521e-18 1.35092e-16 6.93889e-18 0 2.34188e-17 8.32667e-17 1.36609e-17 8.67362e-19 0 0 0 0 0 0 0 2.1684e-19 0 0 0 0 0 0 0 0 0 0 0 0 0 0 0 0 0 0
1.70472  2247.36 0 0 2.69168e-05 0.000263589 0.000326451 0.00997401 0.00274345 0.0852053 0.719412 9.08977e-07 9.67001e-08 0.0159577 0.16609 2.5732e-11 2.76179e-09 6.50521e-18 1.35092e-16 6.93889e-18 0 2.34188e-17 8.32667e-17 1.36609e-17 8.67362e-19 0 0 0 0 0 0 0 2.1684e-19 0 0 0 0 0 0 0 0 0 0 0 0 0 0 0 0 0 0
