TITLE="Graphics"
VARIABLES= "x", "T", "Y_AR", "Y_HE", "Y_H", "Y_H2", "Y_O", "Y_O2", "Y_OH", "Y_H2O", "Y_N2", "Y_HO2", "Y_H2O2", "Y_CO", "Y_CO2", "Y_CH2O", "Y_HCO", "Y_CH3OH", "Y_CH2OH", "Y_CH3O", "Y_CH3O2", "Y_CH4", "Y_CH3", "Y_CH2", "Y_CH2(S)", "Y_C2H6", "Y_C2H5O2", "Y_C2H5", "Y_C2H4", "Y_C2H3", "Y_C2H2", "Y_CH2CHO", "Y_CH2CO", "Y_HCCO", "Y_NC3H7", "Y_C3H6", "Y_C3H5-A", "Y_C3H5O", "Y_C3H4-A", "Y_NC3H7O2", "Y_C2H3CHO", "Y_NC7H16", "Y_C7H15", "Y_C7H15O2", "Y_C7H14OOH", "Y_C7H14", "Y_C7H14OOHO2", "Y_NC7KET", "Y_C7H14O", "Y_NC3H7CHO", "Y_NC3H7CO"
-0.0415365  300 0 0 0 0 0 0.224006 0 0 0.737735 0 0 0 0 0 0 0 0 0 0 0 0 0 0 0 0 0 0 0 0 0 0 0 0 0 0 0 0 0 0 0.0382587 0 0 0 0 0 0 0 0 0
-0.0309896  330.393 -2.71359e-12 2.04825e-14 -2.20348e-11 2.79307e-06 1.17184e-07 0.221325 -4.90039e-08 0.00120919 0.737444 2.32401e-05 0.000101266 0.000241203 0.00166603 -2.80889e-06 -2.21432e-11 2.59727e-05 2.25846e-12 -1.11406e-06 -9.95592e-06 -3.32157e-06 -4.60302e-09 -9.0481e-13 2.1684e-18 2.68551e-05 -1.16906e-05 -3.37251e-09 3.55629e-05 -6.76904e-12 6.68463e-06 4.22084e-06 1.4152e-05 2.08306e-13 -6.90669e-12 -5.13217e-05 4.41026e-05 -2.0674e-05 4.06969e-07 0.000145952 -2.95898e-05 0.0380853 -5.1385e-10 -0.000471808 -2.48869e-12 0.000204315 -4.89335e-07 7.58811e-05 8.69268e-05 2.29702e-05 -6.51556e-09
-0.0239583  353.885 -2.37564e-12 3.46901e-14 -2.19605e-12 4.67811e-06 1.59524e-07 0.219168 -1.66149e-07 0.00212639 0.737057 3.56778e-05 0.00017718 0.000427767 0.00303523 1.81026e-05 -7.29246e-11 4.77044e-05 -6.89791e-12 -2.79455e-06 -1.59882e-06 -5.89378e-06 -9.15153e-09 -3.21695e-12 4.11997e-17 5.06973e-05 -5.96536e-05 -2.76052e-08 6.17452e-05 -3.01418e-11 1.20978e-05 7.79878e-06 2.67887e-05 -1.51539e-11 -6.31107e-11 -9.43361e-05 7.63493e-05 -3.37501e-05 6.1842e-07 0.000277877 -6.07931e-05 0.0377 -2.00244e-09 -0.00078414 -2.42321e-11 0.000431151 -8.01174e-07 0.000171411 0.000189522 4.59691e-05 -2.66124e-08
-0.0192708  381.821 -2.13031e-12 3.48048e-14 2.89021e-10 8.1843e-06 1.67849e-07 0.216674 9.82164e-09 0.00322269 0.736713 2.94409e-05 0.000255184 0.000648571 0.00453973 8.16051e-05 -4.56142e-12 7.1302e-05 5.32847e-11 -1.16505e-06 8.84403e-06 -7.73669e-06 3.68568e-09 -2.9606e-12 1.92988e-17 8.26112e-05 -7.25665e-05 -1.91136e-09 8.52447e-05 2.22344e-12 1.93323e-05 1.04565e-05 4.42752e-05 4.67668e-11 8.55811e-11 -0.0001267 9.12392e-05 -2.45764e-05 8.84837e-07 0.000306839 -6.26689e-05 0.0369908 5.9498e-10 -0.000696688 -1.14711e-10 0.000673504 7.16893e-06 0.000280923 0.000302099 6.83728e-05 5.11808e-09
-0.0145833  409.535 -1.87702e-12 3.49458e-14 5.31834e-10 1.16448e-05 2.14536e-07 0.21417 3.8546e-08 0.00430098 0.736332 2.66176e-05 0.000332332 0.000868323 0.00605687 0.000149282 4.22129e-12 9.51383e-05 1.04741e-10 9.21463e-07 1.96893e-05 -9.63558e-06 1.23544e-08 -4.93892e-12 7.89299e-17 0.000114763 -9.0394e-05 -2.94223e-09 0.000108682 -6.06326e-12 2.65006e-05 1.32291e-05 6.17503e-05 1.11533e-10 2.51422e-10 -0.000161711 0.000104419 -1.41364e-05 1.01589e-06 0.000337782 -7.03816e-05 0.0362014 1.3836e-09 -0.00059973 -3.09663e-10 0.000942326 9.90922e-06 0.000405247 0.000429405 9.3104e-05 5.82108e-09
-0.0114583  428.398 -1.70936e-12 3.51119e-14 1.04882e-09 1.38988e-05 1.02379e-07 0.21245 -2.81471e-08 0.00502112 0.736102 2.50859e-05 0.000379208 0.00101923 0.00712436 0.000188917 2.61035e-10 0.000111786 2.64813e-11 7.10943e-07 3.14026e-05 -1.09339e-05 2.4151e-10 -9.14715e-12 -5.65954e-17 0.000137737 -9.9568e-05 -2.71199e-09 0.00012421 -5.19806e-11 3.14954e-05 1.51236e-05 7.48973e-05 1.25183e-11 7.23726e-11 -0.000186903 0.000116618 -1.13139e-05 9.14703e-07 0.000358036 -7.37579e-05 0.0356104 -4.04194e-10 -0.000585718 -4.99922e-10 0.00115577 1.89751e-05 0.000512856 0.000532294 0.000112802 1.64482e-10
-0.00833333  447.164 -1.54123e-12 3.50139e-14 1.43824e-09 1.61385e-05 9.23444e-08 0.210728 -6.53713e-08 0.00573524 0.735855 2.29568e-05 0.00042598 0.0011696 0.00819635 0.0002302 3.95728e-10 0.000128492 1.57164e-11 -1.06705e-06 4.7847e-05 -1.22554e-05 -3.32576e-09 -1.34941e-11 -2.13371e-16 0.000160779 -0.000106689 -3.31688e-09 0.0001398 -1.37638e-10 3.64568e-05 1.7053e-05 8.7956e-05 -1.48367e-11 7.86472e-11 -0.000213656 0.000133095 -1.62404e-05 8.08826e-07 0.000373983 -8.11463e-05 0.0349731 -1.35015e-09 -0.000549397 -6.80758e-10 0.00138096 2.25781e-05 0.000626119 0.000642111 0.000133565 -8.67728e-10
-0.00625  459.717 -1.43864e-12 3.46125e-14 8.36596e-10 1.75829e-05 7.13601e-08 0.209564 -1.23406e-07 0.00620554 0.735703 2.13432e-05 0.000457139 0.001269 0.00892856 0.000266528 -1.21448e-10 0.000139936 7.93735e-11 -3.44209e-06 6.16942e-05 -1.31495e-05 5.22662e-08 -1.83024e-11 -1.25789e-15 0.000176825 -0.000110294 -5.89687e-09 0.000149479 -2.73622e-10 3.98278e-05 1.83546e-05 9.65065e-05 -2.31828e-11 2.65395e-10 -0.00023248 0.000145379 -2.08356e-05 7.36072e-07 0.000361869 -8.59262e-05 0.0344446 -3.05169e-09 -0.000447711 4.90035e-11 0.00154697 3.01986e-05 0.000715826 0.000724266 0.000147831 -3.04142e-09
-0.00416667  472.25 -1.33132e-12 3.44993e-14 5.63975e-10 1.90217e-05 4.89534e-08 0.208397 -4.52274e-08 0.00667427 0.735543 1.89577e-05 0.000488239 0.0013683 0.00966264 0.000306209 -2.2877e-10 0.000151403 5.00582e-10 -6.19571e-06 7.689e-05 -1.40551e-05 1.4055e-07 -2.45398e-11 -3.33175e-15 0.000192886 -0.000111381 -5.70957e-09 0.000159246 -4.92798e-10 4.31817e-05 1.96696e-05 0.000104977 4.70178e-10 1.54278e-09 -0.000251576 0.000157241 -2.77223e-05 6.31885e-07 0.000343198 -9.05355e-05 0.0338844 4.69638e-10 -0.000319952 1.49915e-09 0.00171816 3.46056e-05 0.000807154 0.000809521 0.000162587 -1.80809e-09
-0.00208333  484.9 -1.23366e-12 3.43115e-14 1.01831e-09 2.0437e-05 1.62116e-07 0.207219 -6.38361e-08 0.00714384 0.735415 1.63071e-05 0.000518815 0.0014688 0.0104156 0.000345768 -1.65265e-10 0.000163178 4.084e-10 -8.81527e-06 9.21488e-05 -1.49729e-05 8.42048e-10 -3.18673e-11 4.29127e-16 0.000209512 -7.3452e-05 -3.05651e-09 0.000169225 -6.34346e-10 4.66068e-05 2.10036e-05 0.000114203 4.9679e-10 1.28758e-09 -0.00027032 0.000166664 -3.34078e-05 3.46191e-07 0.000329804 -9.27689e-05 0.0332854 -1.12682e-09 -0.000192015 5.00935e-09 0.0019029 3.99159e-05 0.000910617 0.000902581 0.000179626 -2.0619e-09
0  497.544 -1.14464e-12 3.42803e-14 1.93314e-09 2.18472e-05 4.38243e-07 0.206036 4.63287e-09 0.00761172 0.735282 1.54433e-05 0.00054939 0.00156919 0.0111704 0.000389438 -2.11903e-10 0.000174996 3.37367e-10 -1.01035e-05 0.000103508 -1.59021e-05 4.4145e-09 -1.44589e-11 3.70559e-15 0.000226148 -2.95125e-05 5.99141e-09 0.000179399 -8.2377e-10 5.00128e-05 2.23472e-05 0.000123347 6.17749e-10 1.42231e-09 -0.000288168 0.000169658 -3.8614e-05 2.85377e-08 0.000312591 -8.93682e-05 0.0326561 7.66384e-10 -3.94763e-05 1.02982e-08 0.00209285 4.40785e-05 0.0010139 0.000998869 0.00019724 1.00142e-09
0.00138889  506.053 -1.08895e-12 3.4096e-14 3.6828e-09 2.27746e-05 3.87927e-07 0.205236 6.01273e-08 0.0079242 0.735193 1.69018e-05 0.000569754 0.00163688 0.0116834 0.00042063 2.89621e-10 0.000183054 3.35661e-10 -1.0067e-05 0.000107921 -1.65283e-05 1.75502e-08 -5.68727e-12 5.0075e-15 0.000237552 -1.64246e-05 9.34729e-09 0.000186475 -6.63284e-10 5.23286e-05 2.32409e-05 0.000129808 5.6447e-10 1.3946e-09 -0.000299388 0.000166556 -4.05837e-05 -1.79771e-07 0.000299725 -8.18518e-05 0.0322035 2.84199e-09 8.10034e-05 1.64474e-08 0.00222707 4.09347e-05 0.00108922 0.00106765 0.00021016 2.33333e-09
0.00277778  514.557 -1.03725e-12 3.39269e-14 6.44591e-09 2.36996e-05 3.46678e-07 0.204434 1.2779e-07 0.00823555 0.735101 2.02114e-05 0.000590144 0.00170444 0.0121971 0.000453145 7.10849e-10 0.000191137 3.46848e-10 -9.17611e-06 0.000109267 -1.71599e-05 4.25582e-08 6.322e-12 6.00388e-15 0.000248959 -3.47087e-06 1.24674e-08 0.000193653 -3.90905e-10 5.4636e-05 2.41357e-05 0.000136266 5.36645e-10 1.37445e-09 -0.000309959 0.000159427 -4.29908e-05 -3.86028e-07 0.000286162 -6.96628e-05 0.0317441 5.78733e-09 0.000202794 2.40783e-08 0.00236362 3.97742e-05 0.00116292 0.00113794 0.0002234 3.29311e-09
0.00416667  523.122 -9.99211e-13 3.37078e-14 1.16608e-08 2.46139e-05 1.81797e-07 0.203623 2.60805e-07 0.00854702 0.735006 2.55754e-05 0.00061069 0.00177273 0.0127192 0.000486698 2.36262e-09 0.000199358 3.97218e-10 -7.37167e-06 0.000107034 -1.77967e-05 7.31832e-08 7.53968e-12 7.35154e-15 0.000260624 -7.63289e-06 1.29806e-08 0.000201154 7.64399e-10 5.69756e-05 2.50348e-05 0.000143001 4.4162e-10 1.75077e-09 -0.000319847 0.000146881 -4.41965e-05 -5.92455e-07 0.000272081 -5.18146e-05 0.0312658 1.20073e-08 0.000330568 3.46452e-08 0.0025067 3.00135e-05 0.00124065 0.00121225 0.000237456 5.16641e-09
0.00555556  531.671 -9.91866e-13 3.32538e-14 1.96866e-08 2.55251e-05 1.56247e-07 0.202811 4.01254e-07 0.00885709 0.734907 3.268e-05 0.000631283 0.00184061 0.0132418 0.000520563 4.24215e-09 0.000207608 4.50165e-10 -4.35223e-06 0.000101421 -1.84387e-05 1.10802e-07 9.68703e-12 1.11378e-14 0.000272293 -1.01054e-05 1.29381e-08 0.000208664 2.69265e-09 5.93076e-05 2.59342e-05 0.00014974 5.44669e-10 2.20983e-09 -0.000329054 0.000130327 -4.52999e-05 -8.26208e-07 0.000257378 -2.91592e-05 0.0307865 1.86844e-08 0.000451157 4.73117e-08 0.00265213 2.5347e-05 0.00131481 0.00128819 0.000251926 6.63994e-09
0.00694444  540.249 -9.80162e-13 3.28537e-14 3.22832e-08 2.64256e-05 2.27161e-07 0.201998 4.84066e-07 0.00916638 0.734818 4.08933e-05 0.000652169 0.00190884 0.0137728 0.000553217 7.93384e-09 0.000216006 6.04858e-10 -2.13337e-07 9.87068e-05 -1.90863e-05 1.84133e-07 -1.43465e-13 2.30736e-14 0.000284246 -2.15926e-05 1.03501e-08 0.000216382 7.11366e-09 6.16634e-05 2.68146e-05 0.00015673 7.30963e-10 2.97233e-09 -0.000337701 0.000109663 -4.42185e-05 -1.10802e-06 0.0002418 -4.05864e-06 0.0303052 2.4666e-08 0.000558736 6.09903e-08 0.00280435 9.26014e-06 0.00139018 0.00136867 0.000267212 7.0632e-09
0.00833333  548.79 -9.45705e-13 3.27884e-14 4.73682e-08 2.73208e-05 3.01294e-07 0.201187 5.44997e-07 0.00947407 0.734727 4.87823e-05 0.000673123 0.00197605 0.0143043 0.000584536 1.36115e-08 0.00022443 7.42826e-10 4.03937e-06 9.43928e-05 -1.974e-05 3.03859e-07 1.8334e-13 4.76297e-14 0.000296205 -2.94234e-05 7.72945e-09 0.000223804 1.45612e-08 6.4015e-05 2.76156e-05 0.000163736 9.30005e-10 3.7089e-09 -0.000345899 8.87544e-05 -4.21677e-05 -1.44008e-06 0.000225069 2.06527e-05 0.029828 3.0536e-08 0.00065216 7.68304e-08 0.00295897 9.30385e-07 0.00145988 0.00145091 0.000283043 7.39612e-09
0.00972222  557.347 -9.30709e-13 3.23372e-14 5.83356e-08 2.82044e-05 3.63733e-07 0.200377 4.72412e-07 0.00978074 0.734642 5.46061e-05 0.000694661 0.00204345 0.0148446 0.000612571 1.52481e-08 0.000232997 8.74008e-10 6.93948e-06 8.78259e-05 -2.04039e-05 3.61344e-07 9.4679e-12 9.02425e-14 0.000308464 -3.34691e-05 4.71059e-09 0.000231283 2.13467e-08 6.63833e-05 2.82341e-05 0.000171055 1.16563e-09 4.29626e-09 -0.000353652 6.99657e-05 -4.07273e-05 -1.82169e-06 0.000207006 4.02904e-05 0.0293553 3.14589e-08 0.00072336 9.21921e-08 0.00312091 -1.59169e-05 0.00152627 0.00153819 0.000299967 7.17163e-09
0.0111111  565.852 -9.063e-13 3.18996e-14 6.7643e-08 2.90795e-05 4.04148e-07 0.199572 3.76854e-07 0.0100859 0.734554 5.75247e-05 0.000716273 0.00210903 0.0153853 0.000637592 2.61231e-08 0.000241578 9.81146e-10 8.59609e-06 8.29854e-05 -2.10804e-05 3.93304e-07 1.71351e-11 1.32411e-13 0.000320731 -3.42404e-05 1.87818e-09 0.00023809 3.75699e-08 6.87523e-05 2.8577e-05 0.000178412 1.37666e-09 4.81527e-09 -0.000360922 5.39465e-05 -3.24243e-05 -2.23396e-06 0.000187709 5.22555e-05 0.02889 3.25498e-08 0.000776966 1.09103e-07 0.00328521 -2.54503e-05 0.00158638 0.00162723 0.000317445 7.68018e-09
0.0125  574.386 -9.03572e-13 3.11166e-14 5.02841e-08 2.99447e-05 3.93069e-07 0.198764 3.12708e-07 0.0103904 0.734469 5.60832e-05 0.000738481 0.00217519 0.0159347 0.000659984 1.44848e-08 0.000250284 1.03312e-09 8.78948e-06 7.61824e-05 -2.17724e-05 2.96338e-07 2.05006e-11 7.54694e-14 0.00033329 -2.5237e-05 2.44222e-09 0.000245028 3.34342e-08 7.11352e-05 2.8423e-05 0.000186141 1.52912e-09 5.85769e-09 -0.000367712 4.15609e-05 -2.66789e-05 -2.66444e-06 0.000167458 5.76618e-05 0.0284216 3.66202e-08 0.000818192 1.27813e-07 0.00345658 -3.56824e-05 0.00163696 0.00172126 0.000336399 7.1368e-09
0.0138889  582.876 -8.98597e-13 3.04678e-14 3.23709e-08 3.08021e-05 3.45824e-07 0.197963 2.51139e-07 0.0106938 0.734386 6.14063e-05 0.000760748 0.0022395 0.0164847 0.000678638 1.29081e-08 0.000258998 1.06042e-09 8.24462e-06 7.16338e-05 -2.24761e-05 1.74181e-07 2.05485e-11 2.04901e-14 0.000345856 -1.48411e-05 5.44278e-09 0.000251436 3.52003e-08 7.35196e-05 2.78404e-05 0.000193908 1.78415e-09 6.73561e-09 -0.000374416 3.14009e-05 -1.6109e-05 -3.10969e-06 0.000146653 5.91369e-05 0.0279593 4.21816e-08 0.000845495 1.4778e-07 0.00363022 -4.44844e-05 0.00168429 0.00181701 0.000355832 6.53186e-09
0.0152778  591.386 -8.95639e-13 2.98357e-14 1.2578e-08 3.16495e-05 2.68836e-07 0.197162 1.99801e-07 0.010997 0.734318 6.93512e-05 0.000783132 0.00230472 0.0170441 0.000696117 5.12879e-09 0.000267839 1.02604e-09 7.25241e-06 6.77326e-05 -2.31887e-05 6.59104e-08 1.72704e-11 1.26205e-14 0.000358726 -1.58995e-06 7.86267e-09 0.000257988 2.55006e-08 7.59241e-05 2.68219e-05 0.000202137 2.06403e-09 7.39899e-09 -0.000381299 2.32941e-05 -8.03195e-06 -3.56763e-06 0.000126933 5.5859e-05 0.0274935 5.21552e-08 0.000859552 1.67793e-07 0.00381121 -3.80611e-05 0.00171722 0.00191789 0.000377215 5.9165e-09
0.0166667  599.87 -8.81292e-13 2.943e-14 6.13591e-09 3.24949e-05 1.86451e-07 0.196365 1.66786e-07 0.0112995 0.734258 7.82519e-05 0.000805469 0.00236897 0.0176043 0.000710602 -7.19038e-09 0.000276687 1.05364e-09 6.12743e-06 6.57915e-05 -2.39075e-05 -1.61786e-08 1.23401e-11 -1.46909e-15 0.0003716 9.26812e-06 9.07994e-09 0.000264468 2.26919e-09 7.83265e-05 2.55163e-05 0.000210366 2.39819e-09 8.05637e-09 -0.000388638 1.74314e-05 -4.47374e-06 -4.03735e-06 0.00010963 5.71591e-05 0.0270293 6.71482e-08 0.000868262 1.89175e-07 0.00399432 -1.8582e-05 0.00175253 0.0020204 0.000398972 5.41512e-09
0.0180556  608.365 -8.63258e-13 2.91585e-14 7.91201e-09 3.33278e-05 1.42469e-07 0.195565 1.80544e-07 0.0116017 0.734191 8.45619e-05 0.000827813 0.0024336 0.0181731 0.000723928 2.18025e-09 0.000285659 9.63668e-10 5.0742e-06 6.62961e-05 -2.46308e-05 -2.35074e-08 1.05408e-11 2.65413e-16 0.000384776 1.67857e-05 9.18639e-09 0.000270913 1.09025e-08 8.07574e-05 2.42488e-05 0.000219082 2.38445e-09 8.38397e-09 -0.000396812 1.35711e-05 -4.53064e-07 -4.519e-06 9.5401e-05 5.45763e-05 0.0265604 9.10136e-08 0.000863575 2.18211e-07 0.0041843 -6.61864e-06 0.00176302 0.002128 0.000422913 4.63639e-09
0.0194444  616.84 -8.51414e-13 2.88595e-14 7.41273e-09 3.41603e-05 1.11374e-07 0.194765 2.07048e-07 0.011903 0.734122 9.21118e-05 0.000850142 0.00249767 0.0187425 0.000735375 3.8342e-10 0.000294639 8.94581e-10 4.13891e-06 6.80037e-05 -2.53587e-05 -1.06838e-08 9.41955e-12 2.76775e-15 0.000397955 2.1668e-05 9.14479e-09 0.000277345 6.66422e-09 8.31828e-05 2.2921e-05 0.000227777 2.45493e-09 9.01228e-09 -0.000405556 1.09815e-05 1.39992e-08 -5.01188e-06 8.40181e-05 5.48706e-05 0.0260914 1.23381e-07 0.000857008 2.48893e-07 0.00437602 1.13534e-08 0.00177198 0.0022371 0.00044719 3.66807e-09
0.0208333  625.338 -8.36734e-13 2.86399e-14 1.09914e-08 3.4981e-05 9.61496e-08 0.193963 2.36424e-07 0.0122044 0.734055 9.83713e-05 0.000872429 0.0025623 0.0193213 0.000745703 3.56338e-09 0.000303756 8.28776e-10 3.53035e-06 7.14091e-05 -2.60915e-05 9.93269e-09 9.64863e-12 6.4703e-15 0.000411446 2.32708e-05 9.01226e-09 0.000283776 1.04221e-08 8.56404e-05 2.15975e-05 0.000236903 2.55134e-09 9.78389e-09 -0.000414711 9.32677e-06 7.46322e-07 -5.51562e-06 7.51834e-05 5.26698e-05 0.0256195 1.73203e-07 0.000836084 2.83213e-07 0.00457465 2.90939e-06 0.00175586 0.00235152 0.000473552 2.94437e-09
0.0222222  633.812 -8.12749e-13 2.85635e-14 1.26556e-08 3.58004e-05 8.5316e-08 0.193162 2.65239e-07 0.0125047 0.733987 0.000105079 0.000894741 0.00262627 0.0199004 0.000754381 4.45616e-09 0.000312885 7.45762e-10 3.05626e-06 7.53867e-05 -2.68292e-05 3.32873e-08 9.99091e-12 9.5e-15 0.000424943 2.31216e-05 9.02355e-09 0.000290137 1.20529e-08 8.80928e-05 2.02382e-05 0.000246012 2.63624e-09 1.08634e-08 -0.000424204 8.29638e-06 1.06188e-06 -6.02986e-06 6.85096e-05 5.09662e-05 0.0251498 2.34963e-07 0.000811787 3.17882e-07 0.00477456 3.28602e-06 0.00173599 0.00246734 0.000500271 2.01431e-09
0.0236111  642.316 -8.01635e-13 2.82517e-14 1.82383e-08 3.66078e-05 7.28657e-08 0.192361 2.82149e-07 0.0128054 0.733936 0.00011159 0.000916885 0.00269095 0.0204895 0.000762104 3.95413e-09 0.000322161 7.03546e-10 2.95879e-06 8.06281e-05 -2.75731e-05 5.70726e-08 9.7101e-12 1.31097e-14 0.000438758 2.1664e-05 9.14127e-09 0.000296527 1.00244e-08 9.05818e-05 1.88289e-05 0.000255463 3.01664e-09 1.30902e-08 -0.000434011 7.92535e-06 9.57183e-07 -6.55483e-06 6.46214e-05 4.72033e-05 0.0246744 3.30629e-07 0.000782216 3.52818e-07 0.00498049 1.34582e-06 0.0017051 0.0025885 0.000528849 2.06035e-09
0.025  650.797 -7.908e-13 2.8016e-14 2.34592e-08 3.74137e-05 5.96442e-08 0.191564 3.29121e-07 0.0131054 0.733894 0.000118386 0.000939088 0.00275498 0.0210793 0.000768336 3.67484e-09 0.000331456 7.14157e-10 2.97058e-06 8.60217e-05 -2.83231e-05 7.9181e-08 8.90315e-12 1.8959e-14 0.000452585 2.40402e-05 9.38964e-09 0.000302878 6.85891e-09 9.30667e-05 1.73983e-05 0.000264879 3.5172e-09 1.70606e-08 -0.000444125 7.89088e-06 6.49046e-07 -7.09092e-06 6.90837e-05 4.40304e-05 0.0242028 4.46806e-07 0.000749036 3.86499e-07 0.00518708 9.28366e-06 0.0016716 0.00271096 0.000557789 2.23932e-09
0.0263889  659.314 -7.74098e-13 2.80013e-14 2.93542e-08 3.82017e-05 4.83767e-08 0.190768 3.33491e-07 0.0134061 0.73387 0.00012431 0.000961086 0.00281969 0.0216793 0.000773167 4.18733e-09 0.0003409 7.44347e-10 2.94422e-06 9.35944e-05 -2.90804e-05 1.0333e-07 8.0471e-12 2.47597e-14 0.000466732 2.64782e-05 1.01413e-08 0.000309122 5.57118e-09 9.55957e-05 1.59876e-05 0.000274614 3.81604e-09 2.23401e-08 -0.000454541 8.26736e-06 4.97765e-07 -7.6391e-06 7.35284e-05 3.75284e-05 0.0237257 6.11757e-07 0.000713843 4.18438e-07 0.00539842 8.00652e-06 0.00162866 0.00283862 0.000588585 2.25513e-09
0.0277778  667.808 -7.5913e-13 2.79358e-14 3.46366e-08 3.89873e-05 3.82729e-08 0.189973 3.36152e-07 0.0137057 0.733843 0.000130363 0.000983135 0.00288372 0.0222797 0.000776906 3.94319e-09 0.000350361 7.80416e-10 3.00301e-06 0.000101086 -2.98444e-05 1.33833e-07 7.08935e-12 3.22288e-14 0.000480892 2.82993e-05 1.15054e-08 0.000315334 2.9241e-09 9.81194e-05 1.46134e-05 0.000284262 4.08413e-09 2.9527e-08 -0.00046522 8.77854e-06 2.09568e-07 -8.19989e-06 7.87829e-05 3.13804e-05 0.0232535 8.003e-07 0.000675253 4.46921e-07 0.00560927 8.78015e-06 0.00157855 0.0029673 0.00061969 2.25801e-09
0.0291667  676.357 -7.36236e-13 2.77632e-14 2.73289e-08 3.97484e-05 3.14141e-08 0.189174 3.33718e-07 0.0140059 0.733813 0.000133859 0.00100501 0.0029484 0.0228896 0.000779194 3.99867e-09 0.000359953 8.04975e-10 2.29614e-06 0.000112304 -3.06159e-05 1.85157e-07 6.48027e-12 3.85534e-14 0.000495341 2.96506e-05 1.36073e-08 0.000321297 2.58294e-09 0.000100689 1.33071e-05 0.000294106 5.08996e-09 4.72993e-08 -0.000476126 7.12444e-06 1.55535e-07 -8.77417e-06 8.27183e-05 2.10685e-05 0.0227778 1.10016e-06 0.000636139 4.70085e-07 0.00582218 6.81114e-06 0.00151168 0.00310056 0.0006523 2.77572e-09
0.0305556  684.884 -7.04695e-13 2.7614e-14 1.96679e-08 4.05073e-05 2.65068e-08 0.188376 3.38353e-07 0.014305 0.733779 0.000137356 0.0010269 0.00301244 0.0234998 0.00078065 3.74304e-09 0.000369566 1.10023e-09 1.65405e-06 0.000123201 -3.13951e-05 3.03036e-07 6.11829e-12 6.95312e-14 0.000509807 3.06273e-05 1.67902e-08 0.000327228 1.82617e-09 0.000103253 1.20713e-05 0.000303761 6.17386e-09 6.85173e-08 -0.000487295 5.52968e-06 6.72997e-08 -9.36116e-06 8.70784e-05 1.09572e-05 0.0223068 1.42442e-06 0.00059633 4.88535e-07 0.00603318 5.33805e-06 0.00144001 0.00323451 0.000685025 3.36985e-09
0.0319444  693.438 -6.78651e-13 2.73709e-14 1.63529e-08 4.12503e-05 2.36361e-08 0.187584 3.48759e-07 0.0146048 0.733778 0.000139943 0.00104879 0.00307738 0.0241213 0.000779329 3.8121e-09 0.000379375 1.44107e-09 1.29891e-06 0.000133986 -3.21843e-05 4.71327e-07 6.10433e-12 1.2247e-13 0.000524663 3.12919e-05 2.13863e-08 0.000333199 1.66448e-09 0.000105864 1.09124e-05 0.000313497 8.25548e-09 1.00171e-07 -0.000498777 4.14671e-06 3.99718e-08 -9.96068e-06 9.29177e-05 -8.09206e-07 0.0218459 1.81757e-06 0.000543042 4.92449e-07 0.00624305 4.28862e-06 0.00135102 0.00337271 0.000720004 3.83803e-09
0.0333333  701.972 -6.56775e-13 2.68962e-14 1.3133e-08 4.19914e-05 2.21681e-08 0.186792 3.599e-07 0.0149035 0.733774 0.000142416 0.00107065 0.00314167 0.024743 0.000777302 3.84097e-09 0.000389208 1.78433e-09 9.72559e-07 0.000144319 -3.29823e-05 6.52057e-07 6.36701e-12 1.86693e-13 0.000539538 3.16773e-05 2.77813e-08 0.000339129 1.42789e-09 0.00010847 9.82872e-06 0.000322895 1.03636e-08 1.37717e-07 -0.000510557 2.81884e-06 4.75388e-09 -1.05719e-05 9.88413e-05 -1.24031e-05 0.0213895 2.21405e-06 0.000491739 4.91544e-07 0.00644945 2.77997e-06 0.00125984 0.00351131 0.000754774 4.33552e-09
0.0347222  710.534 -6.32133e-13 2.64322e-14 1.16034e-08 4.27195e-05 2.19627e-08 0.185999 3.75596e-07 0.0152021 0.733773 0.000144802 0.00109243 0.00320637 0.0253749 0.000772622 4.01284e-09 0.000399239 1.80116e-09 7.96517e-07 0.000153452 -3.37905e-05 8.79313e-07 6.94841e-12 2.79804e-13 0.000554807 3.17979e-05 3.65456e-08 0.000345068 1.52687e-09 0.000111117 8.81903e-06 0.00033219 1.10823e-08 1.91558e-07 -0.000522651 2.05808e-06 3.76334e-09 -1.11946e-05 0.000103285 -2.54248e-05 0.0209374 2.72039e-06 0.000438729 4.84124e-07 0.00665074 2.27491e-06 0.00115498 0.00365313 0.000791997 4.24211e-09
0.0361111  719.078 -6.04174e-13 2.6123e-14 1.01476e-08 4.34457e-05 2.25327e-08 0.185206 3.87137e-07 0.0154997 0.733767 0.00014698 0.00111416 0.00327038 0.0260069 0.000767293 4.1463e-09 0.000409296 1.81142e-09 6.25097e-07 0.000162029 -3.46095e-05 1.11548e-06 7.75861e-12 3.83175e-13 0.000570097 3.16475e-05 4.8029e-08 0.000350954 1.61161e-09 0.000113758 7.87802e-06 0.000340962 1.17933e-08 2.53208e-07 -0.000535062 1.34281e-06 2.45632e-09 -1.18284e-05 0.000107583 -3.82723e-05 0.0204902 3.19595e-06 0.00038915 4.73471e-07 0.00684726 1.52525e-06 0.00105032 0.00379515 0.000828599 4.11172e-09
0.0375  727.653 -5.7598e-13 2.58819e-14 9.22609e-09 4.41603e-05 2.35837e-08 0.184412 3.95048e-07 0.0157972 0.73377 0.000148907 0.00113578 0.00333485 0.0266496 0.000759424 4.23962e-09 0.000419561 1.81474e-09 5.40722e-07 0.000168379 -3.54411e-05 1.44891e-06 8.78802e-12 5.36148e-13 0.000585811 3.1216e-05 6.28839e-08 0.000356837 1.66591e-09 0.000116441 7.00026e-06 0.00034912 1.2472e-08 3.47415e-07 -0.000547811 1.1077e-06 1.85122e-09 -1.24737e-05 0.000109455 -5.23415e-05 0.0200499 3.76724e-06 0.000340763 4.56025e-07 0.00703417 1.19402e-06 0.0009371 0.00393959 0.000866708 4.06128e-09
0.0388889  736.211 -5.46628e-13 2.56271e-14 8.31461e-09 4.4873e-05 2.49491e-08 0.183619 3.96138e-07 0.0160935 0.733767 0.000150588 0.00115734 0.0033986 0.0272922 0.00075093 4.26794e-09 0.000429854 1.80484e-09 4.49202e-07 0.00017414 -3.62861e-05 1.77826e-06 9.96837e-12 6.88357e-13 0.000601548 3.0488e-05 8.14199e-08 0.000362654 1.68826e-09 0.000119118 6.18e-06 0.00035658 1.31034e-08 4.48844e-07 -0.000560897 9.07168e-07 1.2928e-09 -1.31301e-05 0.000111023 -6.62108e-05 0.0196145 4.26775e-06 0.000296287 4.3797e-07 0.00721565 8.11872e-07 0.00082658 0.00408419 0.00090381 3.97472e-09
0.0402778  744.805 -5.2055e-13 2.53471e-14 7.40329e-09 4.55744e-05 2.65408e-08 0.182822 3.89873e-07 0.0163895 0.733759 0.000151697 0.00117879 0.003463 0.027945 0.000739794 4.18775e-09 0.000440358 1.71323e-09 4.14546e-07 0.000176655 -3.71459e-05 2.21833e-06 1.13202e-11 8.83445e-13 0.000617721 2.94538e-05 1.04158e-07 0.000368457 1.64538e-09 0.000121834 5.41166e-06 0.000362715 1.33132e-08 5.94431e-07 -0.00057433 1.07587e-06 9.87844e-10 -1.37978e-05 0.00010955 -8.11845e-05 0.0191895 4.80072e-06 0.000254989 4.10899e-07 0.00738209 6.37501e-07 0.000714425 0.00423026 0.000941016 3.78039e-09
0.0416667  753.382 -4.94397e-13 2.51001e-14 6.46409e-09 4.62738e-05 2.83722e-08 0.182024 3.75117e-07 0.0166844 0.733744 0.000152619 0.00120016 0.00352667 0.0285977 0.00072806 4.00752e-09 0.000450888 1.60326e-09 3.71147e-07 0.000178663 -3.80215e-05 2.63157e-06 1.27988e-11 1.04165e-12 0.000633918 2.81095e-05 1.3099e-07 0.000374171 1.54786e-09 0.000124544 4.68998e-06 0.000368066 1.34338e-08 7.41785e-07 -0.000588116 1.26444e-06 7.36942e-10 -1.44768e-05 0.000107694 -9.59196e-05 0.018769 5.24416e-06 0.000217134 3.85959e-07 0.00754335 4.57582e-07 0.000606774 0.00437666 0.000977026 3.54491e-09
0.0430556  762.002 -4.68908e-13 2.48404e-14 5.22435e-09 4.69618e-05 3.05158e-08 0.181225 3.52654e-07 0.016979 0.733733 0.000152256 0.00122147 0.00359127 0.029261 0.000713861 3.69584e-09 0.000461647 1.45829e-09 3.60913e-07 0.000176557 -3.89143e-05 3.17695e-06 1.44622e-11 1.21357e-12 0.000650571 2.64626e-05 1.61883e-07 0.000379857 1.37399e-09 0.000127295 4.00997e-06 0.000371238 1.34007e-08 9.40857e-07 -0.000602268 1.73194e-06 4.71594e-10 -1.51675e-05 0.000102478 -0.000111734 0.0183625 5.6869e-06 0.000184821 3.54449e-07 0.00768405 3.61834e-07 0.000505554 0.00452376 0.0010112 3.32909e-09
0.0444444  770.607 -4.43202e-13 2.45914e-14 4.63361e-09 4.76478e-05 3.31224e-08 0.180426 3.24311e-07 0.0172727 0.733714 0.000151846 0.00124269 0.00365515 0.0299242 0.000699108 3.32087e-09 0.00047243 1.2996e-09 3.48215e-07 0.000174138 -3.98249e-05 3.67251e-06 1.6313e-11 1.29984e-12 0.000667254 2.4531e-05 1.95697e-07 0.000385425 1.15149e-09 0.000130039 3.36691e-06 0.000373691 1.32463e-08 1.13181e-06 -0.000616784 2.20001e-06 2.45325e-10 -1.58697e-05 9.69029e-05 -0.000127256 0.0179598 6.06682e-06 0.000154742 3.26567e-07 0.00782073 2.659e-07 0.000409135 0.00467149 0.00104435 3.08792e-09
0.0458333  779.262 -4.16659e-13 2.43516e-14 4.50706e-09 4.83223e-05 3.63816e-08 0.179624 2.93619e-07 0.0175661 0.733693 0.000149676 0.0012639 0.00372038 0.0305979 0.000681912 2.89612e-09 0.000483458 1.09866e-09 3.30363e-07 0.000167156 -4.07538e-05 4.25714e-06 1.84387e-11 1.34804e-12 0.000684369 2.23465e-05 2.31193e-07 0.000390927 8.96423e-10 0.000132821 2.7565e-06 0.000373179 1.28412e-08 1.3509e-06 -0.000631665 2.82839e-06 1.76672e-10 -1.65837e-05 8.79809e-05 -0.000143795 0.0175752 6.31253e-06 0.000130174 2.9333e-07 0.00793193 2.09154e-07 0.000327152 0.00481914 0.00107388 2.82506e-09
0.0472222  787.903 -3.89383e-13 2.41205e-14 4.38391e-09 4.89948e-05 4.0489e-08 0.178821 2.6467e-07 0.0178586 0.733665 0.000147627 0.00128501 0.00378495 0.0312713 0.000664221 2.46151e-09 0.000494508 8.96312e-10 3.18921e-07 0.000160057 -4.17013e-05 4.78633e-06 2.09507e-11 1.3166e-12 0.000701529 1.99549e-05 2.65541e-07 0.000396283 6.53497e-10 0.000135597 2.17451e-06 0.000372145 1.24072e-08 1.55805e-06 -0.000646909 3.43805e-06 1.46753e-10 -1.73094e-05 7.87786e-05 -0.000159979 0.0171933 6.57113e-06 0.000106476 2.63425e-07 0.00804068 1.51394e-07 0.000248804 0.00496774 0.00110283 2.55812e-09
0.0486111  796.603 -3.59633e-13 2.39129e-14 4.2723e-09 4.96557e-05 4.56177e-08 0.178015 2.40532e-07 0.0181511 0.73364 0.000143704 0.00130616 0.00385129 0.0319557 0.000644178 2.05529e-09 0.000505822 7.60169e-10 2.77066e-07 0.000148626 -4.26683e-05 5.29402e-06 2.39298e-11 1.25137e-12 0.00071908 1.74141e-05 2.95832e-07 0.000401467 4.73154e-10 0.00013841 1.61631e-06 0.000367759 1.11848e-08 1.70581e-06 -0.000662517 3.99358e-06 -1.38166e-10 -1.80472e-05 6.7155e-05 -0.000177137 0.0168324 6.55695e-06 8.70237e-05 2.29868e-07 0.00812089 1.14795e-07 0.00019006 0.0051158 0.00112729 2.2216e-09
0.05  805.29 -3.34661e-13 2.36961e-14 4.15048e-09 5.03147e-05 5.17876e-08 0.17721 2.2513e-07 0.0184429 0.733607 0.00014002 0.0013272 0.00391701 0.0326398 0.000623697 1.71666e-09 0.000517157 7.15736e-10 2.4506e-07 0.000137121 -4.36557e-05 5.77352e-06 2.75518e-11 1.21518e-12 0.000736709 1.47963e-05 3.17442e-07 0.000406499 3.7905e-10 0.000141218 1.07634e-06 0.000363056 1.00232e-08 1.85977e-06 -0.000678477 4.52223e-06 -2.20622e-10 -1.87967e-05 5.52189e-05 -0.000193892 0.0164733 6.65432e-06 6.73783e-05 1.97958e-07 0.00820001 7.69471e-08 0.0001334 0.00526503 0.00115165 1.89311e-09
0.0513889  814.046 -3.11986e-13 2.34641e-14 3.97398e-09 5.09623e-05 5.88727e-08 0.176398 2.14242e-07 0.0187349 0.733574 0.000134876 0.00134821 0.00398501 0.0333348 0.000601138 1.42884e-09 0.000528754 6.71686e-10 2.36623e-07 0.000122315 -4.46653e-05 6.0644e-06 3.16983e-11 1.17396e-12 0.000754643 1.21776e-05 3.26317e-07 0.000411175 3.84434e-10 0.000144056 5.47901e-07 0.000355176 6.65908e-09 1.8166e-06 -0.000694782 4.52069e-06 -1.42651e-10 -1.95581e-05 4.31858e-05 -0.000211376 0.0161341 6.10502e-06 5.20908e-05 1.62082e-07 0.0082499 5.54384e-08 9.67932e-05 0.00541358 0.00117182 1.44744e-09
0.0527778  822.79 -2.87993e-13 2.32644e-14 3.64902e-09 5.16081e-05 6.64514e-08 0.175587 2.09398e-07 0.0190262 0.733534 0.000130001 0.00136913 0.00405242 0.0340294 0.000578179 1.17839e-09 0.000540371 6.32158e-10 2.58281e-07 0.000107243 -4.56994e-05 6.38688e-06 3.64123e-11 1.24219e-12 0.000772699 9.63598e-06 3.1685e-07 0.000415706 4.62608e-10 0.00014689 2.30435e-08 0.000347071 6.00651e-09 1.80163e-06 -0.00071142 4.5068e-06 -7.99672e-11 -2.0331e-05 3.07262e-05 -0.000228444 0.015796 5.71733e-06 3.61939e-05 1.25694e-07 0.00829946 3.34501e-08 6.15125e-05 0.00556342 0.00119206 9.9823e-10
0.0541667  831.619 -2.58736e-13 2.31208e-14 3.0587e-09 5.2246e-05 7.38786e-08 0.174767 1.96125e-07 0.0193185 0.733496 0.000124601 0.00139002 0.00412266 0.0347352 0.000553719 8.20515e-10 0.000552247 5.68904e-10 2.66113e-07 9.01345e-05 -4.67617e-05 6.12257e-06 4.11084e-11 1.12938e-12 0.000790982 7.23745e-06 2.84884e-07 0.000419775 5.0911e-10 0.000149744 -5.07281e-07 0.00033654 5.64053e-09 1.51167e-06 -0.000728391 2.93303e-06 -4.94751e-11 -2.11157e-05 2.10592e-05 -0.000245506 0.0154707 4.66178e-06 2.43694e-05 9.01865e-08 0.00832453 2.08994e-08 4.1421e-05 0.00571322 0.0012095 6.70446e-10
0.0555556  840.437 -2.3103e-13 2.29732e-14 2.07466e-09 5.28824e-05 8.01637e-08 0.173947 1.7665e-07 0.01961 0.73345 0.000119441 0.00141083 0.00419236 0.0354405 0.000528897 3.43102e-10 0.000564139 4.88181e-10 2.50175e-07 7.24507e-05 -4.78534e-05 5.93881e-06 4.5631e-11 1.03462e-12 0.000809404 5.02875e-06 2.24156e-07 0.000423644 4.76775e-10 0.000152594 -1.05245e-06 0.000325772 5.00552e-09 1.22629e-06 -0.000745681 1.36387e-06 -7.89013e-11 -2.1912e-05 1.13202e-05 -0.000262159 0.0151459 3.76993e-06 1.21758e-05 5.35141e-08 0.00834957 8.54551e-09 2.27576e-05 0.0058644 0.00122691 5.50862e-10
0.0569444  849.36 -1.97921e-13 2.29755e-14 5.84838e-10 5.35198e-05 8.41048e-08 0.173116 1.33e-07 0.0199035 0.733411 0.000115256 0.00143157 0.00426561 0.0361575 0.000503562 -4.13923e-10 0.000576268 3.58079e-10 1.89239e-07 5.42762e-05 -4.8977e-05 4.57977e-06 4.90369e-11 5.38229e-13 0.000828053 3.02467e-06 1.28142e-07 0.000427354 2.3786e-10 0.000155449 -1.62194e-06 0.000313264 3.94635e-09 7.63437e-07 -0.000763306 -4.41177e-07 -1.58338e-10 -2.27203e-05 6.63152e-06 -0.000277511 0.0148221 1.93981e-06 4.47105e-06 2.17843e-08 0.00835828 2.82813e-09 1.38227e-05 0.00601656 0.00124268 3.89826e-10
0.0583333  858.277 -1.62665e-13 2.30449e-14 -1.43956e-09 5.41564e-05 8.40504e-08 0.172284 7.46442e-08 0.0201963 0.733366 0.000111264 0.00145226 0.0043384 0.0368741 0.000477969 -1.2848e-09 0.00058841 1.99743e-10 9.89094e-08 3.55333e-05 -5.01265e-05 3.23077e-06 5.1136e-11 1.33842e-13 0.000846802 1.19692e-06 -2.09264e-08 0.000430713 -6.29501e-11 0.000158301 -2.22461e-06 0.000300518 2.51002e-09 5.13042e-07 -0.000781274 -6.07709e-07 -1.79227e-10 -2.35403e-05 3.81714e-06 -0.000292411 0.0144979 5.413e-07 1.47017e-06 6.94015e-09 0.00836734 9.24462e-10 6.37566e-06 0.00617019 0.00125829 2.15143e-10
0.0597222  867.317 -1.16296e-13 2.33427e-14 -4.00765e-09 5.48092e-05 7.78783e-08 0.171437 -6.68496e-09 0.0204919 0.733331 0.000110731 0.00147278 0.00441554 0.0376027 0.000453241 -2.36938e-09 0.00060071 1.97452e-12 -2.22211e-08 1.84292e-05 -5.12962e-05 -8.81259e-09 5.10114e-11 -1.17956e-13 0.000865909 -4.72526e-07 -2.44447e-07 0.000435134 -5.30204e-10 0.000161126 -2.87022e-06 0.000286578 6.88049e-10 3.1e-07 -0.0007996 -8.33802e-07 -1.97549e-10 -2.43723e-05 1.91148e-06 -0.000298909 0.014156 7.27573e-09 2.93498e-07 1.14678e-09 0.00837424 2.06751e-10 3.16147e-06 0.00632621 0.00127288 1.78312e-11
0.0611111  876.354 -7.34061e-14 2.35001e-14 -7.0616e-09 5.54627e-05 6.27879e-08 0.17059 -8.34191e-08 0.0207872 0.733296 0.000111321 0.00149324 0.00449239 0.0383312 0.000428483 -3.43996e-09 0.000613015 -1.77626e-10 -9.08775e-08 7.22964e-06 -5.24661e-05 -8.22192e-07 4.74933e-11 -1.72176e-14 0.000885062 -1.96741e-06 -5.60505e-07 0.000439365 -1.0536e-09 0.000163948 -3.56922e-06 0.000272448 -1.31782e-09 1.38229e-07 -0.000818221 -1.12862e-06 -2.07858e-10 -2.52159e-05 7.44848e-07 -0.00028889 0.0138121 -5.28079e-07 -4.41822e-07 -3.0792e-09 0.00838342 -1.6319e-10 1.15341e-06 0.00648394 0.00128721 -1.41887e-10
0.0625  885.535 -2.67117e-14 2.38158e-14 -1.07306e-08 5.61554e-05 3.60928e-08 0.169723 -1.69005e-07 0.0210867 0.733278 0.000116946 0.00151326 0.00457476 0.0390726 0.000405636 -4.64273e-09 0.000625314 -3.6503e-10 -1.31799e-07 3.60412e-06 -5.36319e-05 -1.58485e-06 3.88086e-11 6.28414e-14 0.000904745 -3.28223e-06 -9.96712e-07 0.000446763 -1.74857e-09 0.000166694 -4.33428e-06 0.00025716 -3.64756e-09 6.30602e-09 -0.000837077 -1.50068e-06 -2.09179e-10 -2.60714e-05 1.04739e-07 -0.000278593 0.0134267 -1.09553e-06 -8.91759e-07 -6.22981e-09 0.00840674 -3.3639e-10 4.64901e-07 0.00664484 0.00129974 -2.89614e-10
0.0638889  894.716 1.41425e-14 2.4068e-14 -1.53008e-08 5.68507e-05 -5.18159e-09 0.168854 -2.78728e-07 0.0213858 0.733253 0.000124071 0.00153315 0.00465695 0.0398134 0.000382894 -6.10347e-09 0.000637599 -5.92016e-10 -1.65145e-07 7.41293e-07 -5.47872e-05 -2.65299e-06 2.28208e-11 4.60864e-14 0.000924469 -4.42766e-06 -1.58643e-06 0.000454262 -2.7551e-09 0.000169434 -5.18038e-06 0.000241754 -6.55541e-09 -9.03787e-08 -0.000856041 -1.95862e-06 -2.03905e-10 -2.69376e-05 -2.05024e-07 -0.000267994 0.0130374 -1.73401e-06 -1.16729e-06 -8.70315e-09 0.00843381 -4.03978e-10 1.58067e-07 0.00680748 0.00131193 -4.51158e-10
0.0652778  904.043 5.2679e-14 2.4253e-14 -2.11525e-08 5.76138e-05 -6.43403e-08 0.16796 -4.34604e-07 0.0216909 0.733248 0.000141995 0.00155205 0.00474648 0.0405678 0.00036237 -8.06712e-09 0.000649514 -8.94211e-10 -2.03018e-07 -1.52856e-06 -5.59282e-05 -3.97365e-06 -1.16372e-11 6.57159e-11 0.000944173 -5.40849e-06 -2.3737e-06 0.00046833 -4.38455e-09 0.000172016 -6.12517e-06 0.000224891 -1.03061e-08 -1.62782e-07 -0.000874999 -2.51044e-06 -1.97168e-10 -2.78151e-05 -3.32006e-07 -0.0002571 0.0125752 -2.48099e-06 -1.32921e-06 -1.07195e-08 0.00849234 -4.13441e-10 3.34746e-08 0.00697248 0.00131999 -6.47419e-10
0.0666667  913.371 7.87807e-14 2.40708e-14 -2.87691e-08 5.83825e-05 -1.44707e-07 0.167064 -6.61583e-07 0.021996 0.733238 0.00016113 0.0015707 0.00483602 0.0413217 0.000342088 -1.07251e-08 0.000661391 -1.32016e-09 -2.50188e-07 -3.30826e-06 -5.7043e-05 -5.51786e-06 -5.95581e-11 1.32785e-10 0.000963901 -6.23773e-06 -3.40197e-06 0.000482949 -6.96756e-09 0.000174589 -7.18813e-06 0.000207936 -1.52064e-08 -2.23432e-07 -0.000893705 -3.1664e-06 -1.9027e-10 -2.87025e-05 -3.71795e-07 -0.000245888 0.0121069 -3.36229e-06 -1.41963e-06 -1.24255e-08 0.00855611 -3.94367e-10 -1.0927e-08 0.00713913 0.00132744 -9.06591e-10
0.0680556  922.836 1.03905e-13 2.40476e-14 -3.87285e-08 5.92544e-05 -2.49481e-07 0.166139 -1.00096e-06 0.0223107 0.733262 0.000194598 0.00158729 0.00493621 0.042091 0.000324132 -1.45663e-08 0.000672126 -1.93055e-09 -3.17752e-07 -4.66537e-06 -5.81227e-05 -7.26437e-06 -1.38231e-10 3.06131e-10 0.000981172 -6.90352e-06 -4.7174e-06 0.00050972 -1.12333e-08 0.000176884 -8.39097e-06 0.000188863 -2.14724e-08 -2.82494e-07 -0.000911885 -3.93844e-06 -1.914e-10 -2.96009e-05 -3.74472e-07 -0.000234369 0.0115241 -4.3749e-06 -1.44729e-06 -1.37763e-08 0.00866689 -3.57517e-10 -2.29065e-08 0.00730385 0.00132582 -1.25202e-09
0.0694444  932.306 1.27782e-13 2.38351e-14 -5.17185e-08 6.01363e-05 -3.82118e-07 0.165211 -1.49435e-06 0.0226257 0.733283 0.000230038 0.00160335 0.00503678 0.0428598 0.000306677 -1.9923e-08 0.000682779 -2.80517e-09 -4.05062e-07 -5.65748e-06 -5.91441e-05 -9.202e-06 -2.3543e-10 4.76279e-10 0.000998386 -7.39916e-06 -6.3431e-06 0.000537807 -1.78932e-08 0.000179162 -9.75479e-06 0.000169693 -2.93121e-08 -3.47389e-07 -0.000929024 -4.84557e-06 -1.99137e-10 -3.05084e-05 -3.65801e-07 -0.000222507 0.0109315 -5.4939e-06 -1.42662e-06 -1.47602e-08 0.00878453 -3.13071e-10 -2.30482e-08 0.00746977 0.00132295 -1.72058e-09
0.0708333  941.894 1.57581e-13 2.35029e-14 -6.85316e-08 6.11558e-05 -5.45678e-07 0.164252 -2.20873e-06 0.0229563 0.733357 0.000279655 0.00161556 0.00515311 0.0436466 0.000293136 -2.7793e-08 0.000690851 -4.02508e-09 -5.2221e-07 -6.33e-06 -6.00867e-05 -1.13149e-05 -3.72658e-10 7.74691e-10 0.00100841 -7.68737e-06 -8.27538e-06 0.000585803 -2.85057e-08 0.000181012 -1.13005e-05 0.000147627 -3.85482e-08 -4.19883e-07 -0.000944525 -5.912e-06 -2.23282e-10 -3.14264e-05 -3.52192e-07 -0.000210304 0.0101777 -6.6043e-06 -1.34384e-06 -1.51236e-08 0.00895743 -2.61236e-10 -1.92956e-08 0.00762337 0.00130328 -2.32086e-09
0.0722222  951.495 1.95516e-13 2.3036e-14 -9.00538e-08 6.21921e-05 -7.44144e-07 0.163289 -3.20342e-06 0.0232882 0.733432 0.000331965 0.00162674 0.00527052 0.0444332 0.000280599 -3.87771e-08 0.000698743 -5.70086e-09 -6.61226e-07 -6.73019e-06 -6.09086e-05 -1.35943e-05 -5.34995e-10 1.06939e-09 0.00101817 -7.74451e-06 -1.04496e-05 0.00063642 -4.45039e-08 0.000182833 -1.30412e-05 0.000125467 -4.8922e-08 -5.01646e-07 -0.000957432 -7.17292e-06 -2.60232e-10 -3.2352e-05 -3.37654e-07 -0.000197696 0.00940849 -7.58846e-06 -1.20723e-06 -1.47967e-08 0.00913855 -2.07028e-10 -1.4622e-08 0.00777677 0.00128116 -3.09258e-09
0.0736111  961.228 2.38121e-13 2.26869e-14 -1.17315e-07 6.33714e-05 -9.80849e-07 0.1623 -4.56112e-06 0.0236433 0.73359 0.000391347 0.0016314 0.0054101 0.0452415 0.000275709 -5.55531e-08 0.000702013 -7.87205e-09 -8.21113e-07 -6.89611e-06 -6.1572e-05 -1.60228e-05 -4.42085e-10 1.40117e-09 0.00101549 -7.5296e-06 -1.27369e-05 0.000713508 -6.87867e-08 0.000184055 -1.49832e-05 0.000100036 -5.93166e-08 -5.84417e-07 -0.000942401 -8.6732e-06 -3.15404e-10 -3.32877e-05 -3.17913e-07 -0.00018466 0.00845675 -8.12717e-06 -9.94046e-07 -1.33641e-08 0.00936232 -1.48234e-10 -9.80286e-09 0.00789908 0.00123429 -3.97547e-09
0.075  970.985 2.61317e-13 2.21695e-14 -1.51383e-07 6.4576e-05 -1.26232e-06 0.161309 -6.34676e-06 0.0240013 0.73376 0.000453586 0.0016343 0.00555196 0.0460503 0.000272651 -7.93168e-08 0.000704913 -1.06576e-08 -9.90206e-07 -6.86826e-06 -6.20129e-05 -1.85759e-05 2.7186e-10 1.7319e-09 0.00101218 -7.04392e-06 -1.49313e-05 0.000795077 -1.03831e-07 0.00018523 -1.71099e-05 7.45692e-05 -6.89443e-08 -6.67255e-07 -0.000906151 -1.04376e-05 -3.86782e-10 -3.4229e-05 -2.95128e-07 -0.000171089 0.00748253 -7.86804e-06 -7.04476e-07 -1.06214e-08 0.00959431 -8.71967e-11 -4.9806e-09 0.00801806 0.00118307 -5.00229e-09
0.0763889  980.964 2.86334e-13 2.18417e-14 -1.93593e-07 6.58566e-05 -1.5987e-06 0.160296 -8.62039e-06 0.0243879 0.734018 0.00051021 0.00162747 0.00572119 0.0468828 0.000281381 -1.14684e-07 0.000701297 -1.39338e-08 -1.14742e-06 -6.67521e-06 -6.21701e-05 -2.12186e-05 1.28675e-09 2.02096e-09 0.000993919 -6.29834e-06 -1.68194e-05 0.000900235 -1.53592e-07 0.000185621 -1.9382e-05 4.69686e-05 -7.69289e-08 -7.32291e-07 -0.000854889 -1.24549e-05 -4.62197e-10 -3.51771e-05 -2.64514e-07 -0.000156914 0.00637951 -4.86195e-06 -2.31383e-07 -4.83016e-09 0.00982931 -1.07457e-11 9.25414e-10 0.00808089 0.00110608 -5.99687e-09
0.0777778  990.991 2.94152e-13 2.13651e-14 -2.45179e-07 6.71703e-05 -2.00052e-06 0.15928 -1.14199e-05 0.0247795 0.734291 0.000568645 0.00161776 0.0058946 0.0477163 0.000292951 -1.62919e-07 0.000696973 -1.77858e-08 -1.288e-06 -6.35261e-06 -6.19676e-05 -2.3878e-05 2.24694e-09 2.3119e-09 0.00097445 -5.28178e-06 -1.83449e-05 0.00101153 -2.21324e-07 0.00018594 -2.17183e-05 1.95588e-05 -4.89908e-08 -7.80228e-07 -0.000796724 -1.46415e-05 -5.44717e-10 -3.61265e-05 -2.30918e-07 -0.000142 0.00524984 1.2319e-05 1.77813e-06 2.45231e-08 0.0100673 2.3459e-10 1.2582e-08 0.00813415 0.00102254 -6.98031e-09
0.0805556  1012.02 2.98963e-13 2.10778e-14 -3.81196e-07 6.95793e-05 -3.04195e-06 0.157205 -1.8543e-05 0.0256487 0.735059 0.000633027 0.00156117 0.00632675 0.0494556 0.000350632 -3.21641e-07 0.000666166 -2.58059e-08 -1.39903e-06 -5.38612e-06 -6.02723e-05 -2.90209e-05 5.27175e-09 2.6398e-09 0.000895291 3.72461e-06 1.93409e-06 0.00125999 -4.19373e-07 0.000183576 -2.62014e-05 -3.29556e-05 2.11218e-07 -7.6486e-07 -0.00064873 -1.90611e-05 -6.2306e-10 -3.80264e-05 -1.51742e-07 -0.000109629 0.0030119 3.70776e-05 3.35825e-06 5.19755e-08 0.0103667 3.73539e-10 2.10339e-08 0.00800343 0.000806636 -8.11081e-09
0.0833333  1033.33 2.94719e-13 2.09052e-14 -5.42833e-07 7.2123e-05 -4.39604e-06 0.155138 -2.71739e-05 0.026554 0.735954 0.000683932 0.00148388 0.00679197 0.0512046 0.000422309 -5.17356e-07 0.000629581 -2.82651e-08 -1.34381e-06 -4.10738e-06 -5.63746e-05 -3.19834e-05 7.98971e-09 2.93604e-09 0.000807283 1.47699e-05 3.78011e-05 0.00154731 -7.12054e-07 0.000180721 -2.88716e-05 -8.102e-05 5.13566e-07 -3.3314e-07 -0.000447634 -1.97291e-05 -5.75804e-10 -3.98849e-05 -1.36097e-08 -7.3161e-05 0.000724964 6.58811e-05 4.42354e-06 7.50418e-08 0.0105547 4.24552e-10 2.33582e-08 0.0077685 0.000560444 -5.57123e-09
0.0861111  1055.92 2.92694e-13 2.03756e-14 -6.55029e-07 7.29957e-05 -6.17332e-06 0.153039 -3.0971e-05 0.027508 0.736795 0.000655985 0.0013568 0.00731949 0.0530225 0.000477915 -4.90315e-07 0.00057579 -1.54084e-08 -8.88522e-07 -2.29383e-06 -4.34873e-05 -2.35325e-05 1.18928e-08 2.8961e-09 0.000699252 1.20868e-05 4.95572e-05 0.0016807 -9.66097e-07 0.000171408 -2.69438e-05 -9.6368e-05 4.43465e-07 9.43148e-09 -0.000317757 1.2414e-05 8.8161e-10 -4.15902e-05 2.79017e-08 -3.25823e-05 -0.000306861 5.4689e-05 2.78822e-06 5.17226e-08 0.0102106 2.30208e-10 1.22968e-08 0.0071982 0.000374084 -1.86377e-09
0.0888889  1079.13 2.87654e-13 1.95718e-14 -4.99876e-07 7.38533e-05 -8.64798e-06 0.150962 -1.86675e-05 0.0285089 0.73784 0.000598374 0.00120279 0.00789843 0.0548604 0.000536396 -4.50888e-07 0.000514502 -5.64374e-10 4.8647e-07 1.50908e-06 -2.75565e-05 4.118e-06 1.22757e-08 9.61372e-10 0.000581825 8.04834e-06 5.44156e-05 0.00181252 -9.77879e-07 0.00016134 -1.00136e-05 -0.000100499 1.07382e-07 4.4143e-07 -0.000169931 4.99422e-05 2.37388e-09 -4.2071e-05 4.75511e-08 1.765e-05 -0.00073912 3.38209e-05 1.17351e-06 2.45952e-08 0.00968943 7.9245e-11 4.05627e-09 0.00647093 0.000186561 4.76689e-09
0.0916667  1102.42 2.93277e-13 1.87339e-14 -2.06096e-07 7.31035e-05 -9.09443e-06 0.148843 -9.24574e-06 0.0294784 0.738548 0.000534294 0.00103496 0.00844036 0.0567308 0.00054442 -5.5238e-07 0.000465092 -3.38408e-09 9.08194e-07 2.26557e-06 -1.40911e-05 2.62444e-05 6.66826e-09 -6.69373e-10 0.000473145 4.79095e-06 4.63858e-05 0.00179434 -7.78885e-07 0.000146452 5.59465e-06 -7.69582e-05 -9.00952e-08 4.3419e-07 -8.0478e-05 6.48502e-05 2.20203e-09 -3.98114e-05 3.19859e-08 6.06178e-05 -0.000960468 1.94182e-05 5.46037e-07 1.22342e-08 0.00889348 3.29003e-11 1.62336e-09 0.00566532 8.26793e-05 6.00203e-09
0.0944444  1126.59 2.98836e-13 1.80379e-14 2.55542e-08 7.23187e-05 -4.01898e-06 0.146665 -3.44494e-06 0.030478 0.739243 0.000471141 0.00085767 0.00903365 0.0586176 0.000541058 -6.51823e-07 0.00041458 -7.54338e-09 1.15829e-06 2.48498e-06 -7.79781e-08 5.00384e-05 -1.54051e-09 -2.42812e-09 0.000362067 2.17339e-06 3.31526e-05 0.00172721 -5.04381e-07 0.000131686 2.11175e-05 -4.38063e-05 -3.00976e-07 3.49698e-07 -1.87633e-05 7.89751e-05 1.93423e-09 -3.47561e-05 1.4474e-08 9.74533e-05 -0.001 5.60833e-06 1.05173e-07 2.6576e-09 0.00802239 5.10454e-12 2.46532e-10 0.00480443 9.52144e-06 6.07102e-09
0.0972222  1150.12 2.95645e-13 1.75725e-14 3.29757e-07 7.07899e-05 4.00452e-07 0.144509 7.26256e-07 0.0314211 0.739813 0.000425933 0.000698001 0.0095531 0.0605263 0.000518878 -2.79846e-07 0.000374892 2.35795e-09 1.0117e-06 2.07402e-06 1.0782e-05 6.11854e-05 -1.25891e-08 -1.50425e-09 0.000272882 1.20899e-06 2.5726e-05 0.00159775 1.05395e-07 0.000120557 2.67184e-05 -3.75724e-06 -1.78699e-07 2.70843e-07 1.81707e-05 8.0758e-05 1.53695e-09 -2.54822e-05 8.45406e-09 0.000116116 -0.000908576 1.92934e-06 3.70738e-08 9.29274e-10 0.00712397 1.77369e-12 8.27662e-11 0.00402359 -2.00928e-05 5.22129e-09
0.1  1174.51 2.98037e-13 1.69563e-14 6.25715e-07 6.93445e-05 1.42058e-07 0.142272 2.57119e-06 0.0323879 0.740376 0.000390312 0.00054358 0.0101251 0.0624647 0.000489221 2.79938e-07 0.00033481 1.27096e-08 8.23823e-07 1.56052e-06 2.05864e-05 7.07915e-05 -2.30997e-08 -3.74645e-10 0.000186534 6.12387e-07 2.06478e-05 0.00142879 8.87455e-07 0.00011051 2.98504e-05 3.88396e-05 1.16591e-07 1.93216e-07 2.64897e-05 8.02663e-05 1.14829e-09 8.04124e-07 3.76401e-09 0.000127785 -0.000749719 -2.28972e-07 -1.75814e-09 -8.30068e-11 0.00619726 -1.10786e-14 -9.10303e-14 0.00324182 -3.04579e-05 4.31445e-09
0.108333  1238.05 2.98432e-13 1.55503e-14 1.49107e-06 6.26157e-05 2.30833e-05 0.13621 9.10686e-05 0.0347515 0.741692 0.000278086 0.000244594 0.0110527 0.0683304 0.000347514 1.62945e-06 0.000200848 6.74029e-08 4.19585e-07 7.32294e-07 2.81866e-05 5.79813e-05 -6.47537e-10 5.09353e-09 9.37822e-05 1.77601e-07 1.09097e-05 0.000905191 1.96255e-06 9.11044e-05 2.28295e-05 0.000103136 1.05751e-06 1.30578e-07 9.70022e-05 6.11369e-05 5.62129e-10 2.38071e-05 1.49767e-09 0.000125975 -0.000185588 -6.44446e-07 -1.56694e-09 -9.26095e-11 0.00390087 4.79196e-15 2.67847e-13 0.00156519 -2.82404e-06 3.44116e-09
0.116667  1301.03 2.97822e-13 1.42148e-14 3.29749e-06 5.43399e-05 5.43374e-05 0.129939 0.000229848 0.0370259 0.742895 0.000147674 5.88599e-05 0.0118151 0.0745307 0.000195263 3.64561e-06 6.97672e-05 1.51273e-07 6.22907e-08 1.57146e-07 1.95539e-05 2.7566e-05 6.63575e-08 1.38478e-08 1.28753e-05 4.60212e-08 6.70896e-06 0.000377237 3.15276e-06 6.26954e-05 1.3375e-05 9.44708e-05 3.36019e-06 7.32638e-08 7.42325e-05 3.61603e-05 1.07327e-10 3.44087e-05 3.73257e-10 9.49506e-05 -2.11e-05 -1.16057e-07 -2.27508e-10 -1.20412e-11 0.00185539 -2.78944e-15 -1.16576e-13 0.00040445 -5.77664e-07 2.36397e-09
0.129167  1347.12 3.01603e-13 1.18343e-14 4.67758e-06 4.13771e-05 0.000200545 0.12497 0.000407008 0.0382538 0.743136 6.80433e-05 1.19588e-05 0.0102028 0.0815476 8.22299e-05 2.00223e-06 2.36032e-05 7.41533e-08 1.36703e-08 4.47399e-08 9.47899e-06 1.09217e-05 4.88502e-08 7.70067e-09 3.44235e-06 1.36959e-08 2.97544e-06 0.000138908 1.61826e-06 3.25385e-05 5.63027e-06 4.96901e-05 2.18765e-06 1.91024e-08 2.91952e-05 1.77857e-05 2.38455e-11 2.07829e-05 7.75612e-11 5.27565e-05 -9.74986e-07 -6.13373e-09 -8.01548e-12 -4.7924e-13 0.000699024 -7.56773e-17 -3.2448e-15 8.92061e-05 1.39561e-07 6.39777e-10
0.141667  1380.52 3.01824e-13 9.48634e-15 6.08145e-06 2.78087e-05 0.000358984 0.121208 0.000579818 0.0388876 0.742902 2.45106e-05 2.53937e-06 0.00770375 0.0881105 1.79859e-05 6.16894e-07 3.64695e-06 2.21131e-08 1.55293e-09 6.35945e-09 2.15587e-06 2.17106e-06 2.33696e-08 2.62644e-09 1.82923e-07 2.49787e-09 7.03403e-07 2.58524e-05 5.09015e-07 8.76096e-06 1.246e-06 1.32555e-05 7.66915e-07 2.20076e-09 5.27648e-06 4.88525e-06 2.18554e-12 6.48602e-06 5.58077e-12 2.55216e-05 -2.9567e-08 -1.97016e-10 -1.83669e-13 -1.19726e-14 0.000175321 -1.51788e-18 -6.245e-17 8.46966e-06 2.65495e-09 8.08588e-11
0.160417  1405.5 2.97777e-13 6.13377e-15 5.70468e-06 1.98284e-05 0.000387963 0.118931 0.000651381 0.0391099 0.742415 1.41143e-05 1.81123e-06 0.00506193 0.0934476 3.92297e-06 1.31647e-07 6.5984e-07 4.94212e-09 2.6758e-10 1.07887e-09 3.49292e-07 4.64844e-07 6.12188e-09 5.93648e-10 1.83567e-08 3.38521e-10 1.27532e-07 5.38444e-06 1.26175e-07 2.3584e-06 2.23413e-07 3.37633e-06 2.00227e-07 3.38989e-10 1.01536e-06 1.40556e-06 3.59145e-13 2.05526e-06 8.38854e-13 8.7386e-06 -4.90882e-10 -2.6182e-12 -9.01623e-16 -6.41848e-17 3.75334e-05 0 -2.1684e-19 1.30846e-06 8.7855e-10 1.26189e-11
0.179167  1425.47 2.95429e-13 3.1225e-15 4.6562e-06 1.46004e-05 0.000363104 0.117371 0.000677835 0.0392376 0.741968 1.0065e-05 1.62069e-06 0.00288513 0.097576 3.87904e-07 1.39013e-08 4.91349e-08 8.59172e-10 3.32447e-11 9.40271e-11 3.72993e-08 4.87808e-08 1.59987e-09 1.00685e-10 8.57961e-10 3.31648e-11 1.42001e-08 5.07179e-07 2.87734e-08 6.12832e-07 2.43812e-08 7.1512e-07 4.65314e-08 8.15216e-12 1.31777e-07 4.76432e-07 7.58042e-14 8.76233e-07 1.30872e-14 2.8307e-06 -6.4691e-12 -7.12039e-15 1.17528e-16 9.1073e-18 4.03182e-06 0 0 3.05292e-08 2.43828e-12 3.02913e-13
0.207292  1439.6 3.0443e-13 -1.91795e-15 3.34497e-06 1.12869e-05 0.000303115 0.116502 0.000649806 0.0393508 0.74166 8.14527e-06 1.43057e-06 0.00151332 0.100116 6.33965e-08 2.20576e-09 6.32628e-09 4.60105e-10 8.33635e-12 2.18893e-11 3.33663e-09 1.86823e-08 9.14627e-10 3.18662e-11 8.97101e-11 4.61627e-12 2.3058e-09 6.84471e-08 1.70489e-08 5.5409e-07 4.58014e-09 5.31074e-07 3.22114e-08 3.36063e-13 4.45045e-08 4.43166e-07 3.32039e-14 9.63402e-07 4.76832e-16 6.36528e-07 2.31564e-10 1.92681e-13 1.09288e-16 8.45678e-18 3.74827e-07 0 0 9.33515e-10 1.72906e-14 8.61572e-15
0.235417  1450.25 3.22451e-13 -7.615e-15 2.15961e-06 8.60156e-06 0.000243492 0.115927 0.000610889 0.0394544 0.741443 6.5158e-06 1.24423e-06 0.00056296 0.101861 3.55054e-08 1.08369e-09 3.98601e-09 4.49466e-10 5.96835e-12 2.20879e-11 4.01587e-10 2.47368e-08 7.63994e-10 1.34704e-11 2.87016e-11 1.78001e-12 1.01397e-09 2.54762e-08 1.67824e-08 7.15303e-07 2.7012e-09 6.12148e-07 3.53535e-08 -6.09029e-14 3.36739e-08 5.30149e-07 2.69606e-14 1.27022e-06 -7.04731e-17 1.43447e-07 8.78904e-10 6.60825e-13 3.15503e-16 2.5804e-17 3.34127e-08 0 0 2.72839e-11 1.25767e-16 2.33103e-16
0.277604  1455.84 3.22414e-13 -1.44049e-14 1.50019e-06 6.99545e-06 0.000204401 0.115675 0.000574966 0.0395234 0.741331 5.58546e-06 1.11101e-06 0.00012688 0.102671 3.69796e-08 8.60488e-10 5.385e-09 4.97289e-10 5.91301e-12 3.32337e-11 -7.11207e-11 3.92213e-08 7.50331e-10 9.27647e-12 9.98941e-12 5.99933e-13 3.96992e-10 6.16915e-08 1.78976e-08 9.32519e-07 2.49394e-09 7.50137e-07 4.07047e-08 -1.81347e-13 1.64252e-08 6.12024e-07 2.45884e-14 1.66211e-06 -2.08167e-16 2.67636e-08 1.46035e-09 9.39637e-13 4.26742e-16 3.55618e-17 1.83075e-09 0 0 7.24771e-13 1.6263e-17 5.85469e-18
0.319792  1459.59 3.22406e-13 -2.43763e-14 1.01986e-06 5.79508e-06 0.000174555 0.115529 0.000545507 0.0395763 0.741281 4.84074e-06 1.00751e-06 -7.22038e-05 0.103168 4.23089e-08 8.01126e-10 7.43607e-09 5.47526e-10 6.2415e-12 4.59152e-11 -2.46166e-10 5.4888e-08 7.41052e-10 7.03704e-12 2.37636e-12 4.11559e-14 7.55457e-11 1.99547e-07 1.91701e-08 1.1419e-06 2.50404e-09 8.84884e-07 4.56973e-08 -2.71332e-13 3.96025e-09 6.88112e-07 2.26188e-14 2.03073e-06 -3.00324e-16 9.69556e-09 2.07049e-09 1.21954e-12 5.3668e-16 4.46691e-17 9.63572e-11 0 0 3.52474e-13 2.10335e-17 2.81893e-18
0.446354  1461.33 3.22406e-13 -3.7858e-14 7.88088e-07 5.18921e-06 0.000158917 0.115485 0.000528102 0.0396039 0.741266 4.47218e-06 9.49281e-07 -0.000119137 0.10334 7.82589e-08 7.70053e-10 8.86558e-09 5.7475e-10 6.47981e-12 5.45192e-11 -3.25556e-10 6.50409e-08 7.39595e-10 6.00418e-12 -1.82159e-12 -3.34544e-13 -1.43526e-10 2.987e-07 1.98066e-08 1.28073e-06 2.51824e-09 9.66173e-07 4.84708e-08 -3.14617e-13 -6.68691e-09 7.26878e-07 2.104e-14 2.28242e-06 -3.42174e-16 7.29847e-09 2.45681e-09 1.35173e-12 5.84385e-16 4.94396e-17 1.79222e-11 0 0 3.92537e-13 2.34188e-17 3.03577e-18
0.636198  1461.71 3.22405e-13 -3.7853e-14 7.77455e-07 5.1562e-06 0.000158212 0.115482 0.00052757 0.0396051 0.741265 4.44987e-06 9.45229e-07 -0.000124593 0.10335 7.83937e-08 7.59749e-10 8.8543e-09 5.75267e-10 6.46925e-12 5.45827e-11 -3.27677e-10 6.51871e-08 7.4102e-10 5.95813e-12 -2.4859e-12 -3.90585e-13 -1.75977e-10 2.99292e-07 1.98058e-08 1.28743e-06 2.50572e-09 9.68549e-07 4.86029e-08 -3.12038e-13 -8.31643e-09 7.27235e-07 2.07737e-14 2.29683e-06 -3.38705e-16 7.15027e-09 2.4551e-09 1.33281e-12 5.74844e-16 4.87891e-17 1.68463e-11 0 0 3.87106e-13 2.32019e-17 2.81893e-18
0.920964  1461.71 3.22405e-13 -3.7853e-14 7.77455e-07 5.1562e-06 0.000158212 0.115482 0.00052757 0.0396051 0.741265 4.44987e-06 9.45229e-07 -0.000124593 0.10335 7.83937e-08 7.59749e-10 8.8543e-09 5.75267e-10 6.46925e-12 5.45827e-11 -3.27677e-10 6.51871e-08 7.4102e-10 5.95813e-12 -2.4859e-12 -3.90585e-13 -1.75977e-10 2.99292e-07 1.98058e-08 1.28743e-06 2.50572e-09 9.68549e-07 4.86029e-08 -3.12038e-13 -8.31643e-09 7.27235e-07 2.07737e-14 2.29683e-06 -3.38705e-16 7.15027e-09 2.4551e-09 1.33281e-12 5.74844e-16 4.87891e-17 1.68463e-11 0 0 3.87106e-13 2.32019e-17 2.81893e-18
