TITLE="Graphics"
VARIABLES= "x", "T", "Y_AR", "Y_HE", "Y_H", "Y_H2", "Y_O", "Y_O2", "Y_OH", "Y_H2O", "Y_N2", "Y_HO2", "Y_H2O2", "Y_CO", "Y_CO2", "Y_CH2O", "Y_HCO", "Y_CH3OH", "Y_CH2OH", "Y_CH3O", "Y_CH3O2", "Y_CH4", "Y_CH3", "Y_CH2", "Y_CH2(S)", "Y_C2H6", "Y_C2H5O2", "Y_C2H5", "Y_C2H4", "Y_C2H3", "Y_C2H2", "Y_CH2CHO", "Y_CH2CO", "Y_HCCO", "Y_NC3H7", "Y_C3H6", "Y_C3H5-A", "Y_C3H5O", "Y_C3H4-A", "Y_NC3H7O2", "Y_C2H3CHO", "Y_NC7H16", "Y_C7H15", "Y_C7H15O2", "Y_C7H14OOH", "Y_C7H14", "Y_C7H14OOHO2", "Y_NC7KET", "Y_C7H14O", "Y_NC3H7CHO", "Y_NC3H7CO"
-0.0483665  300 0 0 0 0 0 0.218435 0 0 0.719386 0 0 0 0 0 0 0 0 0 0 0 0 0 0 0 0 0 0 0 0 0 0 0 0 0 0 0 0 0 0 0.0621786 0 0 0 0 0 0 0 0 0
-0.031108  300.001 0 0 0 1.4047e-05 -9.61687e-16 0.218433 -3.90313e-18 3.45631e-08 0.719373 3.36595e-10 4.04252e-10 3.13133e-08 1.84612e-10 -4.16506e-12 0 -4.99911e-12 0 -1.0842e-18 -2.65555e-11 5.1922e-10 0 0 0 -3.75331e-11 -5.3053e-14 0 5.95722e-09 0 4.61469e-10 -4.22103e-12 -8.87552e-12 0 0 -1.63637e-10 -4.13617e-14 4.92228e-16 -2.12557e-12 3.07263e-16 1.26196e-13 0.0621804 0 2.81233e-12 0 1.53957e-17 7.71952e-17 2.19009e-17 8.6953e-17 2.31347e-14 0
-0.0196023  299.999 0 0 0 3.56708e-05 2.59883e-14 0.21843 4.64039e-17 -5.04947e-08 0.719351 -3.57865e-10 -4.18351e-10 -3.34025e-08 -6.39041e-11 1.37275e-12 0 1.50621e-12 0 1.34441e-17 4.8979e-12 -7.64569e-10 0 0 0 9.24661e-12 -2.64914e-15 0 -4.38782e-09 0 -2.68061e-10 5.28524e-13 1.15302e-12 0 0 2.64166e-11 5.71006e-15 -7.71952e-17 2.5208e-13 5.00901e-17 1.54161e-14 0.0621831 1.51788e-18 8.61593e-13 0 4.33681e-18 5.44269e-17 7.15573e-18 2.62377e-17 3.70168e-15 0
-0.0119318  300.022 0 0 -2.1684e-19 6.00629e-05 1.52003e-13 0.218426 2.56522e-16 2.76093e-06 0.719325 6.15581e-09 6.84672e-09 5.7832e-07 6.12173e-10 -1.3326e-11 0 -1.49926e-11 0 -1.91036e-16 -6.1421e-11 4.43851e-08 0 0 0 -9.95802e-11 -7.44957e-14 0 4.81023e-08 0 2.60094e-09 -8.56271e-12 -1.8215e-11 0 0 -3.59812e-10 -8.641e-14 6.9454e-16 -4.25606e-12 3.48246e-16 1.54355e-13 0.0621864 8.0231e-18 2.81806e-12 0 1.45283e-17 7.7412e-17 1.92988e-17 7.91468e-17 2.63676e-14 0
-0.00681818  300.111 0 0 1.38778e-17 8.29157e-05 4.10791e-13 0.218417 1.95113e-15 1.15654e-05 0.719295 3.21578e-08 3.6554e-08 3.01273e-06 9.44305e-08 9.35443e-09 0 8.79257e-10 0 9.85728e-14 6.27983e-10 1.85088e-07 8.67362e-19 0 0 1.95819e-09 1.47292e-13 0 3.61105e-07 0 2.76573e-08 5.4709e-11 1.21028e-10 0 0 3.03655e-09 6.09513e-13 -1.5027e-15 2.60731e-11 -2.56522e-16 -1.72871e-13 0.0621896 4.11997e-17 1.89006e-12 0 8.67362e-19 6.96058e-17 5.85469e-18 1.36609e-17 -2.00664e-14 0
-0.00340909  300.264 0 0 1.65232e-16 0.000101957 7.619e-13 0.218406 1.5861e-14 2.57449e-05 0.719265 7.83472e-08 8.97669e-08 7.33034e-06 3.60315e-07 3.64982e-08 4.33681e-19 3.58836e-09 0 7.6136e-13 3.27796e-09 4.11248e-07 3.64292e-17 0 0 8.83433e-09 4.75163e-12 6.50521e-19 9.96287e-07 0 8.3724e-08 3.46269e-10 7.50362e-10 2.1684e-19 0 1.6936e-08 3.67045e-12 7.58749e-13 1.68793e-10 4.9908e-15 6.74045e-12 0.0621926 2.6563e-16 1.0946e-11 0 3.75134e-17 8.99888e-17 3.1225e-17 1.64582e-16 4.03752e-13 2.1684e-19
0  300.566 0 0 1.17983e-15 0.000124616 1.36152e-12 0.218383 1.05391e-13 5.24184e-05 0.719222 1.70675e-07 1.96578e-07 1.59478e-05 1.04458e-06 1.07093e-07 2.38524e-18 1.07845e-08 0 3.86126e-12 1.10952e-08 8.36258e-07 4.02673e-16 0 0 2.79356e-08 2.5278e-11 5.85469e-18 2.36764e-06 0 2.11519e-07 1.2685e-09 2.72678e-09 8.67362e-19 0 5.89639e-08 1.31888e-11 4.67297e-12 6.23693e-10 4.31298e-14 4.60918e-11 0.0621966 1.6688e-15 5.75807e-11 0 1.59527e-14 7.63278e-17 -2.89699e-16 -4.68636e-15 3.3883e-12 2.38524e-18
0.00227273  300.928 0 0 4.36521e-15 0.000142109 2.00462e-12 0.218357 3.85672e-13 8.32269e-05 0.719182 2.83489e-07 3.27383e-07 2.64523e-05 2.09768e-06 2.16782e-07 6.93889e-18 2.21879e-08 0 1.25323e-11 2.47673e-08 1.32682e-06 2.05803e-15 0 0 5.94959e-08 7.89555e-11 3.27429e-17 4.16308e-06 0 3.8736e-07 2.98883e-09 6.38884e-09 2.38524e-18 0 1.34125e-07 3.06753e-11 1.63079e-11 1.47844e-09 2.02897e-13 1.74508e-10 0.0622001 6.0505e-15 3.34873e-10 2.1684e-19 3.21565e-12 4.79001e-16 1.92706e-15 8.26489e-14 1.53542e-11 1.99493e-17
0.00454545  301.49 0 0 1.47525e-14 0.000161734 2.93517e-12 0.218317 1.29398e-12 0.000129726 0.719128 4.60726e-07 5.32924e-07 4.2913e-05 4.02194e-06 4.18374e-07 2.12504e-17 4.34085e-08 2.1684e-19 3.63096e-11 5.18219e-08 2.06709e-06 8.90781e-15 2.1684e-19 0 1.19779e-07 2.13058e-10 1.56776e-16 7.11581e-06 4.33681e-19 6.8624e-07 6.52333e-09 1.38829e-08 6.28837e-18 0 2.84746e-07 6.63109e-11 4.69959e-11 3.24214e-09 6.96004e-13 5.2688e-10 0.0622045 2.03316e-14 1.24703e-09 8.67362e-19 1.8935e-11 2.06627e-15 1.98431e-14 5.92505e-13 5.119e-11 9.99634e-17
0.00681818  302.359 0 0 4.79016e-14 0.00018374 4.29802e-12 0.218254 4.17589e-12 0.000199792 0.719056 7.3921e-07 8.55258e-07 6.86741e-05 7.5317e-06 7.88079e-07 7.6111e-17 8.28181e-08 1.95156e-18 1.02435e-10 1.05307e-07 3.18272e-06 3.65331e-14 4.33681e-19 0 2.3471e-07 5.5241e-10 7.27283e-16 1.19642e-05 2.60209e-18 1.19341e-06 1.37688e-08 2.91844e-08 1.69136e-17 4.33681e-19 5.85965e-07 1.38891e-10 1.27681e-10 6.87354e-09 2.23758e-12 1.49067e-09 0.0622102 6.6153e-14 4.1856e-09 3.03577e-18 9.57268e-11 8.27897e-15 1.63282e-13 3.54891e-12 1.58143e-10 4.74447e-16
0.00909091  303.701 0 0 1.52166e-13 0.000208388 6.32876e-12 0.218156 1.31574e-11 0.000305104 0.718957 1.17685e-06 1.3592e-06 0.000108909 1.39157e-05 1.46385e-06 3.16804e-16 1.5578e-07 1.23599e-17 2.86049e-10 2.10886e-07 4.86075e-06 1.47385e-13 1.30104e-18 0 4.53186e-07 1.42649e-09 3.33349e-15 1.99062e-05 1.38778e-17 2.05185e-06 2.85705e-08 6.03204e-08 4.79217e-17 1.95156e-18 1.18643e-06 2.86674e-10 3.38429e-10 1.43257e-08 7.13946e-12 4.11412e-09 0.0622177 2.11585e-13 1.35697e-08 1.12757e-17 4.6766e-10 3.86841e-14 1.29522e-12 2.05155e-11 4.75663e-10 2.23216e-15
0.0113636  305.764 0 0 4.76518e-13 0.000235953 9.43107e-12 0.218002 4.068e-11 0.000462779 0.71882 1.86477e-06 2.14335e-06 0.000171556 2.54786e-05 2.69282e-06 1.48796e-15 2.9022e-07 7.67615e-17 7.92031e-10 4.18791e-07 7.37702e-06 5.94749e-13 3.46945e-18 0 8.66652e-07 3.73276e-09 1.50548e-14 3.28677e-05 7.43763e-17 3.4992e-06 5.86497e-08 1.23345e-07 1.52873e-16 1.06252e-17 2.37763e-06 5.8779e-10 8.83151e-10 2.9541e-08 2.30866e-11 1.12033e-08 0.0622277 6.7002e-13 4.35482e-08 4.46691e-17 2.24577e-09 2.86495e-13 1.00359e-11 1.16377e-10 1.41076e-09 1.04214e-14
0.0136364  308.919 0 0 1.46766e-12 0.000266707 1.4341e-11 0.217761 1.22958e-10 0.000697483 0.718628 2.94634e-06 3.35484e-06 0.000268644 4.62887e-05 4.91067e-06 7.41464e-15 5.36171e-07 4.63605e-16 2.16908e-09 8.26627e-07 1.1133e-05 2.4157e-12 9.32414e-18 0 1.64389e-06 1.00106e-08 6.60077e-14 5.39042e-05 3.953e-16 5.92516e-06 1.19292e-07 2.49914e-07 5.72242e-16 6.245e-17 4.72337e-06 1.20321e-09 2.26882e-09 6.037e-08 7.65215e-11 3.01504e-08 0.0622411 2.10074e-12 1.40301e-07 1.99493e-16 1.05825e-08 3.42786e-12 7.53963e-11 6.45532e-10 4.1315e-09 4.79209e-14
0.0147727  311.113 0 0 2.64575e-12 0.000283387 1.80189e-11 0.21759 2.19219e-10 0.000857056 0.718503 3.72075e-06 4.20225e-06 0.000336934 6.2844e-05 6.67655e-06 1.74023e-14 7.34428e-07 1.18286e-15 3.72642e-09 1.17687e-06 1.3695e-05 5.19661e-12 1.58294e-17 0 2.28522e-06 1.74795e-08 1.46499e-13 6.92645e-05 9.52363e-16 7.74413e-06 1.72354e-07 3.60295e-07 1.23903e-15 1.65883e-16 6.73602e-06 1.75731e-09 3.7392e-09 8.74678e-08 1.53175e-10 5.13016e-08 0.0622494 3.84116e-12 2.7386e-07 4.85506e-16 2.60088e-08 2.11613e-11 2.61363e-10 1.78283e-09 7.40484e-09 1.15278e-13
0.0159091  313.804 0 0 4.68932e-12 0.000300953 2.28177e-11 0.217379 3.82273e-10 0.00105005 0.718354 4.68934e-06 5.24402e-06 0.000421269 8.47588e-05 9.01328e-06 4.00029e-14 9.98666e-07 2.91867e-15 6.21675e-09 1.66078e-06 1.68022e-05 1.08185e-11 2.71051e-17 0 3.15133e-06 2.98292e-08 3.04829e-13 8.86405e-05 2.2508e-15 1.00734e-05 2.46273e-07 5.13794e-07 2.73197e-15 4.17201e-16 9.51137e-06 2.54717e-09 5.99048e-09 1.25314e-07 2.9104e-10 8.45599e-08 0.0622589 6.90673e-12 5.03086e-07 1.1627e-15 5.57919e-08 6.58145e-11 6.69757e-10 4.08939e-09 1.27316e-08 2.48285e-13
0.0170455  317.095 0 0 8.23933e-12 0.000319428 2.91932e-11 0.217117 6.57429e-10 0.0012827 0.718178 5.90092e-06 6.51938e-06 0.000525142 0.000113667 1.2092e-05 9.06031e-14 1.34947e-06 7.03994e-15 1.01955e-08 2.32781e-06 2.05607e-05 2.22032e-11 4.70544e-17 0 4.3167e-06 5.05482e-08 6.10395e-13 0.000113006 5.28223e-15 1.30465e-05 3.48812e-07 7.26354e-07 6.14309e-15 1.03455e-15 1.33233e-05 3.67965e-09 9.40732e-09 1.77958e-07 5.43056e-10 1.36572e-07 0.0622697 1.23261e-11 8.92512e-07 2.82998e-15 1.12872e-07 1.77148e-10 1.55853e-09 8.73012e-09 2.13502e-08 5.10546e-13
0.0181818  321.107 0 0 1.43814e-11 0.000338825 3.78299e-11 0.216793 1.11724e-09 0.00156206 0.71797 7.41647e-06 8.073e-06 0.000652675 0.00015164 1.61271e-05 2.02267e-13 1.81304e-06 1.66494e-14 1.65197e-08 3.2445e-06 2.50929e-05 4.52625e-11 8.23994e-17 0 5.87792e-06 8.57441e-08 1.18658e-12 0.000143532 1.2351e-14 1.68265e-05 4.90336e-07 1.01922e-06 1.39875e-14 2.55742e-15 1.85345e-05 5.31551e-09 1.45376e-08 2.50828e-07 1.00986e-09 2.1739e-07 0.0622817 2.18984e-11 1.54712e-06 7.12798e-15 2.21314e-07 4.51374e-10 3.47206e-09 1.79788e-08 3.52007e-08 1.01916e-12
0.0193182  325.977 0 0 2.49626e-11 0.00035915 4.9775e-11 0.216395 1.87717e-09 0.00189598 0.717724 9.31201e-06 9.95453e-06 0.000808676 0.000201278 2.13834e-05 4.4483e-13 2.42228e-06 3.86488e-14 2.6492e-08 4.49943e-06 3.05379e-05 9.19456e-11 1.47018e-16 0 7.95874e-06 1.46129e-07 2.24568e-12 0.00018161 2.88289e-14 2.16105e-05 6.84516e-07 1.42037e-06 3.20367e-14 6.32957e-15 2.5619e-05 7.70038e-09 2.21401e-08 3.5112e-07 1.88323e-09 3.42018e-07 0.0622949 3.87923e-11 2.63478e-06 1.87838e-14 4.25228e-07 1.11687e-09 7.54014e-09 3.62063e-08 5.72813e-08 1.97974e-12
0.0204545  331.863 0 0 4.31146e-11 0.000380401 6.66561e-11 0.215909 3.11781e-09 0.00229299 0.717434 1.16821e-05 1.22177e-05 0.000998671 0.000265794 2.81812e-05 9.62768e-13 3.21791e-06 8.80465e-14 4.20591e-08 6.20892e-06 3.70519e-05 1.86225e-10 2.66931e-16 0 1.07155e-05 2.5044e-07 4.13951e-12 0.000228868 6.72457e-14 2.76327e-05 9.49113e-07 1.96608e-06 7.3394e-14 1.57032e-14 3.51886e-05 1.12154e-08 3.32265e-08 4.88235e-07 3.52795e-09 5.32511e-07 0.0623088 6.85855e-11 4.41846e-06 5.21048e-14 8.04092e-07 2.70333e-09 1.60624e-08 7.16644e-08 9.21553e-08 3.73116e-12
0.0215909  338.94 0 0 7.41248e-11 0.000402562 9.10467e-11 0.215316 5.11545e-09 0.00276216 0.717094 1.46437e-05 1.49185e-05 0.00122891 0.000349095 3.68996e-05 2.0481e-12 4.24936e-06 1.96662e-13 6.60724e-08 8.52304e-06 4.48064e-05 3.75631e-10 4.95047e-16 0 1.43428e-05 4.31194e-07 7.43062e-12 0.000287177 1.568e-13 3.51674e-05 1.30682e-06 2.70258e-06 1.6739e-13 3.90501e-14 4.80191e-05 1.64608e-08 4.90777e-08 6.7426e-07 6.63292e-09 8.20726e-07 0.0623227 1.21068e-10 7.30042e-06 1.52387e-13 1.49835e-06 6.40646e-09 3.36163e-08 1.39616e-07 1.46647e-07 6.78632e-12
0.0227273  347.398 0 0 1.26888e-10 0.000425605 1.27081e-10 0.214599 8.28171e-09 0.00331281 0.716698 1.83411e-05 1.81129e-05 0.00150635 0.00045585 4.7975e-05 4.27615e-12 5.57553e-06 4.30005e-13 1.02619e-07 1.16312e-05 5.39864e-05 7.52837e-10 9.40003e-16 2.1684e-19 1.90782e-05 7.44037e-07 1.29956e-11 0.000358646 3.65345e-13 4.45289e-05 1.78607e-06 3.68774e-06 3.78514e-13 9.72527e-14 6.50772e-05 2.43922e-08 7.11928e-08 9.24449e-07 1.24815e-08 1.25176e-06 0.0623353 2.13333e-10 1.18791e-05 4.68414e-13 2.75076e-06 1.48406e-08 6.90862e-08 2.67639e-07 2.30759e-07 1.18342e-11
0.0238636  357.441 0 0 2.16325e-10 0.000449488 1.81503e-10 0.213737 1.32113e-08 0.00395421 0.716239 2.2951e-05 2.18531e-05 0.00183852 0.000591526 6.18941e-05 8.75014e-12 7.26498e-06 9.18485e-13 1.57416e-07 1.57659e-05 6.47863e-05 1.49474e-09 1.82862e-15 1.0842e-18 2.52064e-05 1.28228e-06 2.21924e-11 0.000445601 8.49785e-13 5.60703e-05 2.42178e-06 4.99244e-06 8.45599e-13 2.42239e-13 8.75432e-05 3.65464e-08 1.01103e-07 1.25767e-06 2.34164e-08 1.88808e-06 0.0623443 3.74982e-10 1.90174e-05 1.50109e-12 4.97067e-06 3.35134e-08 1.39237e-07 5.04296e-07 3.58836e-07 1.96488e-11
0.025  369.278 0 0 3.67412e-10 0.000474156 2.65478e-10 0.212709 2.07351e-08 0.00469515 0.715709 2.86884e-05 2.6184e-05 0.00223347 0.000762383 7.91798e-05 1.75301e-11 9.39558e-06 1.91203e-12 2.38265e-07 2.12033e-05 7.74059e-05 2.93046e-09 3.64877e-15 4.33681e-18 3.30612e-05 2.19821e-06 3.71735e-11 0.000550547 1.97054e-12 7.01786e-05 3.25582e-06 6.70151e-06 1.86048e-12 6.02582e-13 0.000116827 5.5406e-08 1.39942e-07 1.69675e-06 4.35975e-08 2.81407e-06 0.0623463 6.56791e-10 2.99166e-05 4.95308e-12 8.83011e-06 7.3535e-08 2.74747e-07 9.32698e-07 5.5096e-07 3.08623e-11
0.0261364  383.119 0 0 6.21854e-10 0.000499541 3.97741e-10 0.211492 3.19767e-08 0.00554358 0.715105 3.58124e-05 3.11383e-05 0.00269951 0.000975424 0.000100369 3.43793e-11 1.20535e-05 3.86992e-12 3.55522e-07 2.82588e-05 9.20438e-05 5.65495e-09 7.46733e-15 1.6263e-17 4.30249e-05 3.73231e-06 6.15281e-11 0.000676106 4.55e-12 8.72672e-05 4.33725e-06 8.91409e-06 4.02166e-12 1.4955e-12 0.000154572 8.49881e-08 1.87631e-07 2.26867e-06 8.01616e-08 4.14079e-06 0.062336 1.14496e-09 4.61866e-05 1.65774e-11 1.5401e-05 1.56198e-07 5.2993e-07 1.69084e-06 8.3454e-07 4.56462e-11
0.0272727  399.168 0 0 1.04891e-09 0.000525563 6.10148e-10 0.210064 4.84179e-08 0.00650619 0.71442 4.46323e-05 3.67322e-05 0.00324508 0.0012383 0.000125987 6.60987e-11 1.53316e-05 7.59899e-12 5.22564e-07 3.7276e-05 0.000108892 1.07122e-08 1.56656e-14 5.87638e-17 5.55256e-05 6.24989e-06 1.01633e-10 0.000824958 1.04578e-11 0.000107767 5.7222e-06 1.17432e-05 8.52906e-12 3.70298e-12 0.000202654 1.31778e-07 2.41536e-07 3.00456e-06 1.44862e-07 6.01032e-06 0.0623055 1.98461e-09 6.98983e-05 5.54376e-11 2.63421e-05 3.19867e-07 9.97673e-07 3.00066e-06 1.24601e-06 6.34849e-11
0.0284091  417.612 0 0 1.76207e-09 0.000552138 9.57485e-10 0.208404 7.19943e-08 0.00758817 0.713653 5.55121e-05 4.29616e-05 0.00387845 0.00155917 0.000156512 1.25075e-10 1.93269e-05 1.44524e-11 7.56218e-07 4.86104e-05 0.000128129 1.98878e-08 3.36499e-14 2.05782e-16 7.10314e-05 1.02828e-05 1.69472e-10 0.000999759 2.39569e-11 0.000132114 7.47337e-06 1.53144e-05 1.77488e-11 9.15676e-12 0.000263154 2.06186e-07 2.94656e-07 3.93948e-06 2.56177e-07 8.59879e-06 0.0622435 3.41942e-09 0.000103601 1.82886e-10 4.41423e-05 6.28492e-07 1.83125e-06 5.20761e-06 1.83255e-06 8.32809e-11
0.0295455  438.618 0 0 2.94295e-09 0.000579175 1.53489e-09 0.206493 1.05282e-07 0.00879298 0.712803 6.88747e-05 4.97986e-05 0.00460759 0.00194653 0.000192345 2.34461e-10 2.41385e-05 2.66009e-11 1.07712e-06 6.26069e-05 0.000149918 3.62111e-08 7.38786e-14 6.96058e-16 9.00428e-05 1.6571e-05 2.88519e-10 0.00120308 5.48416e-11 0.000160741 9.65949e-06 1.97642e-05 3.6323e-11 2.26351e-11 0.000338339 3.24793e-07 3.3414e-07 5.11201e-06 4.41702e-07 1.21165e-05 0.0621344 5.86131e-09 0.000150279 5.89347e-10 7.24224e-05 1.17797e-06 3.27457e-06 8.83213e-06 2.65367e-06 1.03839e-10
0.0306818  462.323 0 0 4.87192e-09 0.000606585 2.50844e-09 0.204312 1.51894e-07 0.0101224 0.711872 8.52046e-05 5.71896e-05 0.00543995 0.00240905 0.000233781 4.38501e-10 2.98649e-05 4.74031e-11 1.51004e-06 7.95757e-05 0.0001744 6.50043e-08 1.65393e-13 2.28506e-15 0.000113084 2.60965e-05 5.06034e-10 0.00143734 1.25449e-10 0.000194064 1.23547e-05 2.52376e-05 7.3468e-11 5.58942e-11 0.000430615 5.13761e-07 3.42722e-07 6.56369e-06 7.40391e-07 1.68021e-05 0.0619569 1.00221e-08 0.000213225 1.84099e-09 0.000116293 2.08999e-06 5.70174e-06 1.46335e-05 3.78265e-06 1.245e-10
0.0318182  488.834 0 0 7.96511e-09 0.000634285 4.16847e-09 0.201847 2.17377e-07 0.0115765 0.710868 0.000105051 6.50546e-05 0.00638236 0.00295543 0.00028099 8.19968e-10 3.66017e-05 8.19869e-11 2.08426e-06 9.9762e-05 0.000201695 1.16674e-07 3.76541e-13 7.38559e-15 0.000140695 4.01034e-05 9.19571e-10 0.00170478 2.83858e-10 0.000232477 1.56384e-05 3.18859e-05 1.48101e-10 1.37409e-10 0.000542501 8.1397e-07 3.07518e-07 8.33843e-06 1.20386e-06 2.29059e-05 0.0616826 1.71922e-08 0.000295767 5.53717e-09 0.000182762 3.47233e-06 9.66408e-06 2.36862e-05 5.30778e-06 1.45666e-10
0.0329545  518.221 0 0 1.28292e-08 0.000662201 7.02422e-09 0.199086 3.11264e-07 0.0131543 0.709802 0.000129035 7.32871e-05 0.00744103 0.00359427 0.000333999 1.52524e-09 4.444e-05 1.38437e-10 2.83393e-06 0.000123297 0.000231901 2.14851e-07 8.70365e-13 2.4207e-14 0.000173424 6.00957e-05 1.73923e-09 0.00200745 6.2298e-10 0.00027635 1.95957e-05 3.9865e-05 3.01174e-10 3.34748e-10 0.000676585 1.28867e-06 2.35842e-07 1.04819e-05 1.89561e-06 3.0662e-05 0.0612754 2.99719e-08 0.000400764 1.59271e-08 0.000281186 5.31587e-06 1.59327e-05 3.74674e-05 7.33339e-06 1.69273e-10
0.0340909  550.525 0 0 2.0383e-08 0.000690269 1.19858e-08 0.196022 4.51599e-07 0.0148536 0.708689 0.000157857 8.17545e-05 0.00862151 0.00433398 0.00039269 2.82301e-09 5.34658e-05 2.30626e-10 3.79793e-06 0.000150095 0.0002651 4.18456e-07 2.04759e-12 8.36254e-14 0.000211824 8.78102e-05 3.47097e-09 0.00234722 1.31682e-09 0.000326025 2.43191e-05 4.9334e-05 6.26846e-10 8.07148e-10 0.000835507 2.03473e-06 1.58674e-07 1.30412e-05 2.88642e-06 4.02653e-05 0.0606895 5.5019e-08 0.000529695 4.34977e-08 0.000423756 7.31937e-06 2.54878e-05 5.7955e-05 9.98108e-06 1.99419e-10
0.0352273  585.752 0 0 3.21148e-08 0.000718444 2.07232e-08 0.19265 6.7351e-07 0.0166717 0.707554 0.000192321 9.02993e-05 0.00992885 0.0051828 0.000456798 5.28875e-09 6.37591e-05 3.84409e-10 5.01724e-06 0.000179627 0.000301356 8.72417e-07 4.94552e-12 3.11606e-13 0.000256448 0.000125161 7.70198e-09 0.00272582 2.74179e-09 0.000381824 2.99114e-05 6.0456e-05 1.35134e-09 1.94496e-09 0.00102195 3.19841e-06 1.02651e-07 1.60644e-05 4.24349e-06 5.18684e-05 0.0598698 1.17622e-07 0.000680963 1.11893e-07 0.000625993 8.75078e-06 3.93036e-05 8.77299e-05 1.33912e-05 2.43228e-10
0.0363636  623.877 0 0 5.05022e-08 0.000746698 3.63163e-08 0.188973 1.04197e-06 0.0186054 0.706428 0.000233363 9.87377e-05 0.0113677 0.00614885 0.000525908 1.01883e-08 7.53939e-05 6.48694e-10 6.52544e-06 0.000210525 0.000340721 1.90243e-06 1.24217e-11 1.23257e-12 0.000307857 0.000174141 2.17384e-08 0.00314493 5.77328e-09 0.000444055 3.64887e-05 7.34002e-05 3.02489e-09 4.84035e-09 0.00123863 4.99609e-06 6.90972e-08 1.96005e-05 6.00905e-06 6.55641e-05 0.0587516 3.49309e-07 0.000846866 2.68515e-07 0.000907211 8.68837e-06 5.76217e-05 0.00013006 1.77255e-05 3.11535e-10
0.0375  664.848 0 0 7.96493e-08 0.000775024 6.43604e-08 0.184996 1.66804e-06 0.0206521 0.705354 0.00028208 0.000106857 0.0129426 0.00724017 0.000599446 2.01704e-08 8.84366e-05 1.11372e-09 8.32659e-06 0.000240057 0.000383234 4.15444e-06 3.2786e-11 4.94008e-12 0.000366619 0.000236621 8.89427e-08 0.00360625 1.23912e-08 0.00051302 4.41815e-05 8.83467e-05 6.96951e-09 1.33415e-08 0.00148835 7.73741e-06 4.90409e-08 2.37001e-05 8.15949e-06 8.13304e-05 0.057263 1.47674e-06 0.00100855 5.93276e-07 0.00129058 6.90244e-06 7.85639e-05 0.000188869 2.31709e-05 4.19464e-10
0.0386364  708.578 0 0 1.26318e-07 0.000803441 1.14847e-07 0.180732 2.73523e-06 0.0228091 0.704387 0.000339669 0.000114407 0.0146581 0.00846499 0.000676637 4.0693e-08 0.000102939 1.94754e-09 1.03587e-05 0.000263714 0.000428912 8.74807e-06 9.08575e-11 1.91287e-11 0.000433307 0.000313672 4.75982e-07 0.00411166 2.70396e-08 0.00058904 5.31296e-05 0.000105491 1.62872e-08 4.35388e-08 0.00177408 1.18438e-05 3.62658e-08 2.84152e-05 1.05223e-05 9.89764e-05 0.0553284 7.04448e-06 0.00112866 1.18219e-06 0.00180144 4.42239e-06 9.70483e-05 0.000268237 2.99372e-05 5.88473e-10
0.0397727  754.948 0 0 2.01555e-07 0.000831991 2.05253e-07 0.176203 4.53271e-06 0.0250747 0.7036 0.000406837 0.000121089 0.0165194 0.00983188 0.000756413 8.27552e-08 0.000118921 3.46687e-09 1.24538e-05 0.000275391 0.000477727 1.73778e-05 2.59401e-10 6.91299e-11 0.000508455 0.00040274 2.64896e-06 0.00466334 5.95094e-08 0.00067247 6.34603e-05 0.000125035 3.79838e-08 1.59132e-07 0.00209904 1.78456e-05 2.75994e-08 3.37998e-05 1.25949e-05 0.000118109 0.0528753 3.04102e-05 0.00114397 2.04621e-06 0.00245947 2.40894e-06 0.000105653 0.000370511 3.82008e-05 8.46365e-10
0.0409091  803.793 0 0 3.23302e-07 0.000860739 3.65445e-07 0.171444 7.42456e-06 0.027448 0.703083 0.000481744 0.000126531 0.0185321 0.0113501 0.000837261 1.66932e-07 0.000136328 6.22797e-09 1.43201e-05 0.00026877 0.00052956 3.22746e-05 7.36132e-10 2.26448e-10 0.000592411 0.000487861 1.28841e-05 0.00526376 1.29772e-07 0.000763731 7.52378e-05 0.000147088 8.70713e-08 5.40001e-07 0.00246692 2.63287e-05 2.13527e-08 3.99097e-05 1.32434e-05 0.000138129 0.0498421 0.000102738 0.000978213 2.8661e-06 0.00325559 1.11846e-06 9.74467e-05 0.000491587 4.78253e-05 1.20817e-09
0.0420455  854.906 0 0 5.21134e-07 0.000889743 6.45927e-07 0.166494 1.17191e-05 0.0299285 0.702929 0.000556291 0.000130278 0.0207027 0.0130296 0.000917042 3.2884e-07 0.000154965 1.1124e-08 1.55747e-05 0.00024024 0.000584114 5.59508e-05 1.99875e-09 6.56806e-10 0.000684891 0.000523978 4.83484e-05 0.00591466 2.74384e-07 0.000863324 8.83651e-05 0.000171394 1.94325e-07 1.37083e-06 0.00288139 3.78135e-05 1.65759e-08 4.67998e-05 1.0891e-05 0.000158269 0.0461863 0.000241025 0.000638029 2.93978e-06 0.0041144 4.06466e-07 7.13811e-05 0.000614928 5.7601e-05 1.63409e-09
0.0431818  908.087 0 0 8.45859e-07 0.000918991 1.13347e-06 0.161378 1.77084e-05 0.0325146 0.703204 0.000616265 0.000131819 0.023037 0.0148807 0.000992938 6.31912e-07 0.000174416 1.96772e-08 1.58621e-05 0.000192469 0.000640766 9.07204e-05 5.10018e-09 1.688e-09 0.000784011 0.000458107 0.000129684 0.00661322 5.58443e-07 0.000971811 0.000102445 0.00019707 4.21309e-07 2.14841e-06 0.00334308 5.26023e-05 1.27679e-08 5.45207e-05 5.87326e-06 0.000177693 0.0418909 0.000380674 0.000307288 2.14146e-06 0.00489821 1.11077e-07 3.80076e-05 0.000715824 6.45036e-05 2.02639e-09
0.0443182  963.185 0 0 1.38657e-06 0.000948354 1.97884e-06 0.15609 2.60806e-05 0.0352032 0.703941 0.000650178 0.00013069 0.0255393 0.0169135 0.00106158 1.19792e-06 0.000194007 3.48998e-08 1.50588e-05 0.000135751 0.000698415 0.000138217 1.23248e-08 3.9548e-09 0.000884899 0.000311636 0.000249521 0.0073458 1.10617e-06 0.00108982 0.000116634 0.000223226 8.86922e-07 1.97293e-06 0.00384212 7.06744e-05 9.74737e-09 6.31176e-05 1.89256e-06 0.000195631 0.0369798 0.000453204 0.000121981 1.23973e-06 0.00549723 2.53759e-08 1.33428e-05 0.000779033 6.52052e-05 2.31282e-09
0.0454545  1020.03 0 0 2.29126e-06 0.000977556 3.43649e-06 0.150604 3.81575e-05 0.0379886 0.705149 0.000654668 0.000126587 0.0282111 0.0191374 0.0011192 2.24968e-06 0.000212803 6.27369e-08 1.33929e-05 8.39316e-05 0.000755345 0.000199523 2.8653e-08 8.73205e-09 0.000978954 0.000171367 0.000371261 0.00808408 2.15224e-06 0.00121802 0.000129537 0.000250339 1.80386e-06 1.3722e-06 0.00434895 9.16402e-05 7.45144e-09 7.26345e-05 4.53487e-07 0.000211477 0.0315453 0.000454976 4.45541e-05 6.38441e-07 0.00587559 5.43415e-09 2.86839e-06 0.00080342 5.9739e-05 2.50167e-09
0.0465909  1078.38 0 0 3.7812e-06 0.0010061 5.91259e-06 0.144901 5.58202e-05 0.0408607 0.706788 0.000633433 0.00011945 0.0310485 0.02156 0.00116208 4.14242e-06 0.000229609 1.13997e-07 1.1304e-05 4.65094e-05 0.000809107 0.000275215 6.46336e-08 1.85372e-08 0.00105442 8.25769e-05 0.000463142 0.00878249 4.09477e-06 0.00135711 0.000139263 0.000279867 3.51164e-06 9.93183e-07 0.00480696 0.000114743 5.76781e-09 8.31186e-05 1.18571e-07 0.000224791 0.0257745 0.00040018 1.54847e-05 3.0313e-07 0.0060458 1.1314e-09 3.78095e-07 0.000794819 5.12779e-05 2.64436e-09
0.0477273  1137.88 0 0 6.14778e-06 0.0010332 1.0021e-05 0.138969 8.1443e-05 0.0438015 0.708751 0.000594571 0.000109496 0.0340379 0.024185 0.00118722 7.34525e-06 0.000242992 2.06469e-07 9.18597e-06 2.43605e-05 0.00085642 0.000363757 1.41297e-07 3.79994e-08 0.00109796 3.70773e-05 0.000506079 0.00937604 7.5133e-06 0.00150756 0.000143824 0.000312245 6.47874e-06 7.9217e-07 0.00513603 0.000138883 4.53064e-09 9.46218e-05 3.81462e-08 0.000235246 0.0199616 0.000313858 5.18181e-06 1.34535e-07 0.00604413 2.31835e-10 3.5154e-08 0.000761202 4.23432e-05 2.77155e-09
0.0488636  1198.09 0 0 9.72076e-06 0.00105782 1.66482e-05 0.132801 0.000118021 0.0467842 0.710872 0.000547045 9.72213e-05 0.0371523 0.027011 0.00119293 1.23287e-05 0.000251409 3.66237e-07 7.26384e-06 1.28415e-05 0.000893194 0.000459341 2.97502e-07 7.48775e-08 0.00109749 1.59133e-05 0.000491981 0.00978491 1.30942e-05 0.00166926 0.00014191 0.000346014 1.12425e-05 6.6711e-07 0.00525306 0.000162587 3.5919e-09 0.000107189 1.42093e-08 0.000242602 0.0144841 0.00022381 1.69359e-06 5.67173e-08 0.00591199 4.74419e-11 3.36219e-09 0.000710067 3.38932e-05 2.88575e-09
0.05  1258.51 0 0 1.48109e-05 0.0010788 2.70257e-05 0.126398 0.000169299 0.0497736 0.712958 0.00049779 8.33631e-05 0.0403501 0.0300311 0.00117891 1.93527e-05 0.000253457 6.26028e-07 5.62334e-06 7.05174e-06 0.000914904 0.000551593 5.98951e-07 1.40785e-07 0.00104616 6.57688e-06 0.000428769 0.00992833 2.13962e-05 0.00184067 0.00013365 0.000377958 1.82731e-05 5.88115e-07 0.00510051 0.000183842 2.85336e-09 0.000120806 5.96906e-09 0.00024671 0.00972624 0.000146596 5.43694e-07 2.28805e-08 0.00568453 9.75761e-12 4.78458e-10 0.000647385 2.62708e-05 2.97915e-09
0.0511364  1318.49 0 0 2.16537e-05 0.00109513 4.28045e-05 0.119786 0.000239695 0.0527296 0.714845 0.000450389 6.88229e-05 0.0435755 0.0332336 0.00114611 2.82415e-05 0.000248222 1.01859e-06 4.27474e-06 4.02607e-06 0.000917365 0.000628299 1.1461e-06 2.50886e-07 0.000945824 2.63448e-06 0.000338496 0.00974691 3.24574e-05 0.00201753 0.000120683 0.000403699 2.77935e-05 5.46559e-07 0.00467078 0.000199928 2.25231e-09 0.000135273 2.82668e-09 0.000247503 0.00596997 8.79252e-05 1.70283e-07 8.78556e-09 0.00538801 2.00528e-12 8.99572e-11 0.000577742 1.96628e-05 3.04085e-09
0.0522727  1377.26 0 0 3.03791e-05 0.00110613 6.61087e-05 0.113019 0.000333989 0.0556109 0.716432 0.000405391 5.45565e-05 0.0467628 0.0366047 0.00109635 3.82938e-05 0.000235585 1.56529e-06 3.19326e-06 2.35737e-06 0.000897716 0.000679379 2.07573e-06 4.21888e-07 0.000807832 1.03589e-06 0.000246195 0.00922603 4.54159e-05 0.00219116 0.000105381 0.000418849 3.96269e-05 5.25294e-07 0.00401628 0.00020771 1.74637e-09 0.000149992 1.47445e-09 0.000244994 0.00330815 4.78222e-05 5.13728e-08 3.17439e-09 0.0050416 4.07033e-13 1.8344e-11 0.000504811 1.41702e-05 3.05882e-09
0.0534091  1433.98 0 0 4.10054e-05 0.00111152 9.95226e-05 0.106178 0.000456818 0.0583787 0.717702 0.000361747 4.14396e-05 0.0498409 0.0401296 0.00103202 4.84128e-05 0.00021635 2.26267e-06 2.34106e-06 1.40331e-06 0.000855256 0.000699407 3.54903e-06 6.68101e-07 0.000650129 4.07726e-07 0.000168882 0.00840579 5.84574e-05 0.00234734 8.98345e-05 0.000420361 5.31437e-05 4.92701e-07 0.00323655 0.000204662 1.31161e-09 0.000163744 7.96975e-10 0.000239256 0.00163379 2.3314e-05 1.47176e-08 1.06533e-09 0.0046599 8.05382e-14 3.78073e-12 0.000431706 9.80751e-06 3.02193e-09
0.0545455  1487.82 0 0 5.34367e-05 0.00111128 0.000145959 0.0993603 0.000612028 0.0609988 0.718697 0.000318383 3.01366e-05 0.0527376 0.0437931 0.000955798 5.73944e-05 0.000192132 3.07162e-06 1.68033e-06 8.46308e-07 0.000791811 0.000687897 5.71944e-06 9.96054e-07 0.000492209 1.64375e-07 0.000112229 0.00737057 6.92809e-05 0.00246693 7.53219e-05 0.000407397 6.73199e-05 4.22015e-07 0.00244588 0.000190171 9.41876e-10 0.000174635 4.16387e-10 0.000230436 0.000709273 1.00565e-05 3.94167e-09 3.27375e-10 0.00425506 1.53057e-14 7.63397e-13 0.000361112 6.50598e-06 2.92244e-09
0.0556818  1538.08 0 0 6.74602e-05 0.00110548 0.000208381 0.0926658 0.000801975 0.0634416 0.719485 0.000275102 2.1011e-05 0.0553824 0.0475787 0.000870399 6.42195e-05 0.000165041 3.9151e-06 1.17841e-06 5.16095e-07 0.000711542 0.000648392 8.67917e-06 1.39896e-06 0.000350258 6.92959e-08 7.40347e-05 0.00622539 7.58973e-05 0.00252906 6.2372e-05 0.000381384 8.08732e-05 3.16516e-07 0.0017384 0.000166207 6.41351e-10 0.000180431 2.00903e-10 0.000218759 0.000266794 3.78387e-06 9.70339e-10 9.07253e-11 0.00383806 2.7478e-15 1.4726e-13 0.000295281 4.13082e-06 2.75808e-09
0.0568182  1584.22 0 0 8.27507e-05 0.0010943 0.000289417 0.086188 0.00102684 0.0656829 0.72013 0.000232658 1.41073e-05 0.0577094 0.051467 0.000778558 6.82339e-05 0.000137277 4.68883e-06 8.07199e-07 3.17618e-07 0.000620272 0.000587222 1.23949e-05 1.85286e-06 0.000234219 3.093e-08 4.92551e-05 0.00507188 7.73049e-05 0.00251651 5.10669e-05 0.000345385 9.24326e-05 2.07388e-07 0.00116747 0.000136781 4.13564e-10 0.000179275 8.89524e-11 0.000204554 8.57979e-05 1.22479e-06 2.16303e-10 2.23806e-11 0.0034193 4.59051e-16 2.65651e-14 0.000235939 2.50868e-06 2.53346e-09
0.0579545  1625.93 0 0 9.88952e-05 0.00107797 0.000390916 0.0800087 0.00128419 0.0677045 0.720673 0.000192326 9.20845e-06 0.059661 0.0554343 0.000683058 6.91933e-05 0.000110765 5.28386e-06 5.41182e-07 1.96826e-07 0.000524526 0.000512145 1.66569e-05 2.31643e-06 0.000147261 1.46294e-08 3.31828e-05 0.0039918 7.36988e-05 0.00242111 4.12973e-05 0.000303179 0.000100728 1.24269e-07 0.000745208 0.000106498 2.54303e-10 0.000170477 3.76726e-11 0.000188263 2.33607e-05 3.37443e-07 4.34855e-11 4.90802e-12 0.0030086 7.11237e-17 4.44219e-15 0.000184208 1.4575e-06 2.26015e-09
0.0590909  1663.07 0 0 0.000115433 0.00105698 0.000513526 0.0741952 0.00156886 0.0694956 0.721135 0.000155414 5.94177e-06 0.0611922 0.0594532 0.000586832 6.72238e-05 8.6905e-05 5.61407e-06 3.56705e-07 1.22541e-07 0.000430521 0.000431022 2.10723e-05 2.73596e-06 8.71795e-05 7.27165e-09 2.25237e-05 0.00303978 6.6213e-05 0.00224693 3.29084e-05 0.000258455 0.000104795 7.43397e-08 0.000455266 7.90986e-05 1.51544e-10 0.000154884 1.65901e-11 0.000170436 5.36487e-06 7.87783e-08 8.15568e-12 9.96297e-13 0.00261488 1.06252e-17 7.1167e-16 0.000140574 8.10848e-07 1.95544e-09
0.0602273  1695.66 0 0 0.000131909 0.00103203 0.000656323 0.0687982 0.00187332 0.0710538 0.721527 0.000122915 3.89006e-06 0.0622755 0.0634934 0.000492953 6.2749e-05 6.64921e-05 5.63867e-06 2.32635e-07 7.64984e-08 0.000343344 0.000350776 2.51224e-05 3.0559e-06 4.87187e-05 3.75957e-09 1.53047e-05 0.00224351 5.6432e-05 0.00200978 2.57638e-05 0.000214308 0.000104174 4.80038e-08 0.000268472 5.66928e-05 8.97925e-11 0.000134625 8.18143e-12 0.000151711 1.04239e-06 1.56443e-08 1.65658e-12 2.21964e-13 0.00224569 1.73472e-18 1.2837e-16 0.000104932 4.32705e-07 1.63961e-09
0.0613636  1723.9 0 0 0.000147917 0.00100411 0.00081659 0.0638512 0.00218851 0.0723849 0.721851 9.53641e-05 2.67448e-06 0.0629048 0.0675235 0.000404458 5.64033e-05 4.97664e-05 5.37127e-06 1.51278e-07 4.78223e-08 0.000266465 0.000276724 2.82766e-05 3.23231e-06 2.57959e-05 2.01126e-09 1.04009e-05 0.00160814 4.59199e-05 0.00173343 1.97607e-05 0.000173048 9.90311e-05 3.37243e-08 0.000154521 3.97889e-05 5.46192e-11 0.000112383 4.53722e-12 0.00013277 1.72945e-07 2.68649e-09 4.93844e-13 7.53833e-14 0.00190673 4.33681e-19 3.59955e-17 7.66987e-05 2.22026e-07 1.33253e-09
0.0625  1748.08 0 0 0.000163135 0.000974337 0.000989865 0.0593696 0.00250484 0.0735013 0.72211 7.28318e-05 1.99606e-06 0.0630964 0.0715123 0.000324016 4.89288e-05 3.65543e-05 4.87218e-06 9.88344e-08 2.99214e-08 0.000201637 0.000212249 3.01249e-05 3.24435e-06 1.30079e-05 1.11564e-09 7.1157e-06 0.00112245 3.59056e-05 0.00144398 1.4818e-05 0.000136205 9.01403e-05 2.474e-08 8.80726e-05 2.77974e-05 3.50977e-11 9.06193e-05 2.70636e-12 0.00011427 2.4836e-08 4.19006e-10 2.32612e-13 4.06175e-14 0.0016017 2.1684e-19 1.64799e-17 5.49746e-05 1.09861e-07 1.05058e-09
0.0636364  1768.58 0 0 0.000177335 0.000943861 0.00117033 0.0553523 0.00281329 0.0744208 0.722309 5.50089e-05 1.64256e-06 0.0628874 0.0754308 0.000253576 4.10625e-05 2.64319e-05 4.22811e-06 6.52568e-08 1.87404e-08 0.000149104 0.000158838 3.04771e-05 3.09909e-06 6.2896e-06 6.45985e-10 4.95373e-06 0.000765335 2.71564e-05 0.00116469 1.08539e-05 0.000104613 7.87151e-05 1.82849e-08 5.06064e-05 1.96347e-05 2.41294e-11 7.10662e-05 1.66951e-12 9.67792e-05 3.13623e-09 6.98442e-11 1.34125e-13 2.63114e-14 0.00133226 2.1684e-19 9.32414e-18 3.87019e-05 5.25925e-08 8.04745e-10
0.0647727  1785.88 0 0 0.000190378 0.000913764 0.00135149 0.0517835 0.00310625 0.0751642 0.72245 4.13306e-05 1.47533e-06 0.0623308 0.0792529 0.000194134 3.34345e-05 1.88694e-05 3.52849e-06 4.36765e-08 1.17581e-08 0.00010801 0.000116432 2.93937e-05 2.82764e-06 2.94263e-06 3.92847e-10 3.54252e-06 0.000511704 2.00021e-05 0.000912527 7.76968e-06 7.85215e-05 6.61307e-05 1.33888e-08 2.98756e-05 1.41804e-05 1.76208e-11 5.46011e-05 1.04403e-12 8.07301e-05 3.53934e-10 1.78478e-11 8.09335e-14 1.76846e-14 0.00109827 0 5.42101e-18 2.68076e-05 2.44423e-08 6.0011e-10
0.0659091  1800.46 0 0 0.000202202 0.000884962 0.00152704 0.0486362 0.00337809 0.0757532 0.722538 3.11057e-05 1.40946e-06 0.0614898 0.0829566 0.000145709 2.65016e-05 1.33336e-05 2.84722e-06 2.9637e-08 7.39831e-09 7.68409e-05 8.39419e-05 2.71423e-05 2.47508e-06 1.34869e-06 2.51204e-10 2.61199e-06 0.000336906 1.44471e-05 0.000697047 5.44574e-06 5.77129e-05 5.36426e-05 9.65828e-09 1.84077e-05 1.05172e-05 1.34179e-11 4.13928e-05 6.56101e-13 6.63955e-05 3.62535e-11 7.90582e-12 4.9256e-14 1.19297e-14 0.000898164 0 3.25261e-18 1.83027e-05 1.10664e-08 4.36678e-10
0.0670455  1812.78 0 0 0.000212799 0.000858155 0.00169157 0.0458758 0.00362529 0.0762095 0.722581 2.36271e-05 1.39553e-06 0.0604304 0.0865238 0.000107515 2.05266e-05 9.34707e-06 2.23381e-06 2.03522e-08 4.67463e-09 5.38256e-05 5.97679e-05 2.41077e-05 2.08845e-06 6.16116e-07 1.68057e-10 1.98014e-06 0.00021944 1.03032e-05 0.000521153 3.74887e-06 4.16462e-05 4.21896e-05 6.85622e-09 1.19304e-05 7.9936e-06 1.04565e-11 3.11608e-05 4.12714e-13 5.38955e-05 3.42255e-12 4.4946e-12 3.01931e-14 8.04586e-15 0.000729336 0 1.95156e-18 1.23386e-05 4.89748e-09 3.10845e-10
0.0681818  1823.28 0 0 0.0002222 0.000833814 0.0018411 0.0434636 0.00384633 0.0765538 0.722583 1.82484e-05 1.40589e-06 0.0592156 0.0899411 7.8239e-05 1.55985e-05 6.51344e-06 1.71325e-06 1.41104e-08 2.97043e-09 3.72168e-05 4.21953e-05 2.06938e-05 1.70742e-06 2.87298e-07 1.16574e-10 1.53289e-06 0.000142083 7.30274e-06 0.000382917 2.54524e-06 2.95979e-05 3.23219e-05 4.79265e-09 8.12014e-06 6.18972e-06 8.22563e-12 2.34176e-05 2.59365e-13 4.3223e-05 3.04982e-13 2.73673e-12 1.87452e-14 5.43077e-15 0.000588586 0 1.30104e-18 8.22677e-06 2.12529e-09 2.17015e-10
0.0693182  1832.35 0 0 0.00023046 0.00081219 0.00197324 0.0413596 0.00404129 0.0768047 0.722551 1.44241e-05 1.42557e-06 0.0579018 0.0931991 5.63404e-05 1.16784e-05 4.51988e-06 1.29119e-06 9.85711e-09 1.90108e-09 2.54618e-05 2.96466e-05 1.72483e-05 1.35943e-06 1.40879e-07 8.30257e-11 1.20254e-06 9.19051e-05 5.17474e-06 0.000277589 1.71258e-06 2.07907e-05 2.42364e-05 3.30358e-09 5.75521e-06 4.85088e-06 6.47619e-12 1.76377e-05 1.62702e-13 3.42782e-05 2.81411e-14 1.71521e-12 1.18551e-14 3.67328e-15 0.000472451 0 8.67362e-19 5.4334e-06 9.06997e-10 1.48965e-10
0.0704545  1840.3 0 0 0.000237647 0.00079335 0.0020871 0.0395252 0.00421142 0.076979 0.722492 1.17211e-05 1.44679e-06 0.056536 0.0962922 4.02835e-05 8.64992e-06 3.12856e-06 9.60779e-07 6.92993e-09 1.22721e-09 1.72755e-05 2.07993e-05 1.40235e-05 1.05934e-06 7.47976e-08 6.02078e-11 9.50006e-07 5.96816e-05 3.6839e-06 0.000199303 1.148e-06 1.44888e-05 1.78728e-05 2.24944e-09 4.20229e-06 3.82668e-06 5.07822e-12 1.33488e-05 1.01862e-13 2.69028e-05 4.03562e-15 1.1021e-12 7.66943e-15 2.49236e-15 0.000377477 0 4.33681e-19 3.5595e-06 3.81655e-10 1.00771e-10
0.0715909  1847.37 0 0 0.000243839 0.000777219 0.00218295 0.0379242 0.00435868 0.0770915 0.722412 9.81118e-06 1.46571e-06 0.0551556 0.099218 2.86912e-05 6.36359e-06 2.16344e-06 7.0891e-07 4.90137e-09 8.00102e-10 1.16496e-05 1.46132e-05 1.11697e-05 8.11715e-07 4.37133e-08 4.41822e-11 7.52499e-07 3.90895e-05 2.6444e-06 0.000142228 7.70668e-07 1.00555e-05 1.30213e-05 1.51586e-09 3.13081e-06 3.02717e-06 3.95536e-12 1.01663e-05 6.36624e-14 2.09089e-05 1.45045e-15 7.26396e-13 5.08491e-15 1.69743e-15 0.000300395 0 2.1684e-19 2.31584e-06 1.58718e-10 6.73244e-11
0.0727273  1853.77 0 0 0.000249115 0.00076362 0.00226195 0.0365242 0.00448544 0.077155 0.722316 8.4547e-06 1.48066e-06 0.0537887 0.101977 2.04155e-05 4.66735e-06 1.49687e-06 5.2062e-07 3.48826e-09 5.27424e-10 7.82369e-06 1.03064e-05 8.75079e-06 6.14203e-07 2.79954e-08 3.26737e-11 5.96079e-07 2.59284e-05 1.91836e-06 0.000101211 5.20597e-07 6.97538e-06 9.41228e-06 1.01284e-09 2.36283e-06 2.39594e-06 3.05587e-12 7.79492e-06 3.97397e-14 1.61007e-05 8.4416e-16 4.90814e-13 3.45427e-15 1.16096e-15 0.000238238 0 2.1684e-19 1.49794e-06 6.53695e-11 4.4506e-11
0.0738636  1859.63 0 0 0.000253552 0.000752315 0.00232571 0.0352963 0.00459412 0.0771801 0.722208 7.48121e-06 1.49112e-06 0.0524558 0.104572 1.45502e-05 3.42454e-06 1.03775e-06 3.81757e-07 2.49931e-09 3.51821e-10 5.24304e-06 7.31087e-06 6.76793e-06 4.60695e-07 1.92522e-08 2.42864e-11 4.7154e-07 1.74737e-05 1.40774e-06 7.20261e-05 3.55271e-07 4.85246e-06 6.77583e-06 6.72189e-10 1.79761e-06 1.89499e-06 2.34029e-12 6.01595e-06 2.47927e-14 1.22889e-05 5.48606e-16 3.39257e-13 2.39934e-15 7.97973e-16 0.00018839 0 2.1684e-19 9.6413e-07 2.67129e-11 2.91602e-11
0.075  1865.07 0 0 0.00025723 0.000743033 0.00237607 0.0342155 0.00468711 0.0771761 0.722092 6.77188e-06 1.49721e-06 0.0511706 0.107007 1.04085e-05 2.52134e-06 7.21875e-07 2.80224e-07 1.80377e-09 2.37604e-10 3.51254e-06 5.22311e-06 5.18429e-06 3.43669e-07 1.38819e-08 1.8115e-11 3.72288e-07 1.19895e-05 1.04478e-06 5.13851e-05 2.45616e-07 3.39478e-06 4.87398e-06 4.43838e-10 1.37433e-06 1.49688e-06 1.77612e-12 4.67065e-06 1.54703e-14 9.29996e-06 3.69496e-16 2.39152e-13 1.69916e-15 5.51425e-16 0.000148598 0 0 6.17975e-07 1.08495e-11 1.8963e-11
0.0761364  1870.18 0 0 0.000260223 0.000735499 0.00241492 0.0332604 0.00476656 0.0771504 0.721972 6.24498e-06 1.49929e-06 0.0499419 0.109287 7.4852e-06 1.86781e-06 5.04456e-07 2.06311e-07 1.31178e-09 1.62489e-10 2.35653e-06 3.76159e-06 3.94447e-06 2.55678e-07 1.02977e-08 1.35453e-11 2.93291e-07 8.3826e-06 7.83441e-07 3.68241e-05 1.72283e-07 2.39371e-06 3.51263e-06 2.92008e-10 1.05384e-06 1.18067e-06 1.33575e-12 3.64478e-06 9.66241e-15 6.97982e-06 2.54354e-16 1.71349e-13 1.22255e-15 3.83157e-16 0.000116956 0 0 3.94708e-07 4.38692e-12 1.22541e-11
0.0772727  1875 0 0 0.000262601 0.000729445 0.002444 0.0324127 0.00483443 0.0771094 0.721851 5.84475e-06 1.4979e-06 0.048775 0.11142 5.41727e-06 1.39546e-06 3.54495e-07 1.52554e-07 9.61417e-10 1.12497e-10 1.58567e-06 2.73187e-06 2.98814e-06 1.90121e-07 7.76159e-09 1.01469e-11 2.30559e-07 5.96958e-06 5.92701e-07 2.65468e-05 1.22634e-07 1.70368e-06 2.54163e-06 1.91683e-10 8.09491e-07 9.2985e-07 9.9551e-13 2.85625e-06 6.04508e-15 5.19594e-06 1.78243e-16 1.24379e-13 8.90997e-16 2.67798e-16 9.18754e-05 0 0 2.51336e-07 1.76896e-12 7.87627e-12
0.0784091  1879.59 0 0 0.000264429 0.000724622 0.00246489 0.0316571 0.00489242 0.0770582 0.72173 5.53328e-06 1.49356e-06 0.047672 0.113412 3.94768e-06 1.0535e-06 2.50679e-07 1.13377e-07 7.09964e-10 7.88029e-11 1.07152e-06 2.00055e-06 2.25821e-06 1.4153e-07 5.90028e-09 7.61169e-12 1.80867e-07 4.3237e-06 4.51625e-07 1.92692e-05 8.85075e-08 1.22482e-06 1.84896e-06 1.2568e-10 6.22369e-07 7.3122e-07 7.35275e-13 2.24573e-06 3.79059e-15 3.83659e-06 1.26635e-16 9.1207e-14 6.55942e-16 1.88434e-16 7.20482e-05 0 0 1.5959e-07 7.12662e-13 5.0384e-12
0.0795455  1883.98 0 0 0.00026577 0.000720807 0.00247899 0.0309804 0.00494198 0.0770008 0.721611 5.28476e-06 1.48678e-06 0.0466332 0.11527 2.89634e-06 8.04913e-07 1.78414e-07 8.46972e-08 5.27901e-10 5.57935e-11 7.27704e-07 1.47629e-06 1.70477e-06 1.05574e-07 4.50469e-09 5.71539e-12 1.41592e-07 3.17772e-06 3.45989e-07 1.40859e-05 6.46533e-08 8.89349e-07 1.35316e-06 8.23559e-11 4.78635e-07 5.74133e-07 5.38129e-13 1.76994e-06 2.38264e-15 2.80928e-06 9.1073e-17 6.74001e-14 4.8659e-16 1.33357e-16 5.64047e-05 0 0 1.0101e-07 2.87247e-13 3.20757e-12
0.0806818  1888.19 0 0 0.000266678 0.000717803 0.00248747 0.0303716 0.00498438 0.0769406 0.721495 5.0815e-06 1.47802e-06 0.0456578 0.117003 2.13768e-06 6.23021e-07 1.27724e-07 6.35549e-08 3.94754e-10 3.98628e-11 4.96508e-07 1.09642e-06 1.28648e-06 7.89249e-08 3.44506e-09 4.29343e-12 1.10601e-07 2.36277e-06 2.65995e-07 1.03635e-05 4.76823e-08 6.51498e-07 9.9596e-07 5.38963e-11 3.6795e-07 4.50005e-07 3.90061e-13 1.39697e-06 1.49967e-15 2.03856e-06 6.59195e-17 5.00841e-14 3.62774e-16 9.49761e-17 4.40772e-05 0 0 6.36033e-08 1.15315e-13 2.02877e-12
0.0818182  1892.25 0 0 0.000267204 0.000715439 0.00249135 0.0298215 0.00502067 0.07688 0.721384 4.91127e-06 1.46767e-06 0.0447437 0.118617 1.5841e-06 4.88702e-07 9.17692e-08 4.78218e-08 2.96243e-10 2.86657e-11 3.39405e-07 8.17754e-07 9.70314e-07 5.90796e-08 2.63361e-09 3.22353e-12 8.61609e-08 1.77047e-06 2.04777e-07 7.66001e-06 3.53812e-08 4.80313e-07 7.36046e-07 3.50748e-11 2.82458e-07 3.51917e-07 2.79622e-13 1.103e-06 9.40871e-16 1.46361e-06 4.79217e-17 3.73425e-14 2.71484e-16 6.76542e-17 3.43643e-05 0 0 3.95748e-08 4.37604e-14 1.26656e-12
0.0840909  1899.95 0 0 0.00026725 0.000712194 0.00248778 0.0288731 0.00507761 0.0767637 0.721175 4.64355e-06 1.44328e-06 0.0430917 0.121514 9.06656e-07 3.21175e-07 4.98089e-08 2.81102e-08 1.73233e-10 1.55323e-11 1.69701e-07 4.73428e-07 5.67337e-07 3.42646e-08 1.56268e-09 1.84553e-12 5.27319e-08 1.03922e-06 1.24092e-07 4.37717e-06 2.02863e-08 2.74318e-07 4.20267e-07 1.58256e-11 1.68638e-07 2.17228e-07 1.43475e-13 6.97746e-07 3.97035e-16 7.54312e-07 2.62377e-17 2.12703e-14 1.55691e-16 3.62124e-17 2.10769e-05 0 0 1.62643e-08 9.04029e-15 5.22576e-13
0.0863636  1907.19 0 0 0.000266261 0.000710057 0.00247405 0.028079 0.00511918 0.0766639 0.720987 4.43441e-06 1.41596e-06 0.0416508 0.124025 5.28915e-07 2.25656e-07 2.76996e-08 1.67718e-08 1.02846e-10 8.61942e-12 8.78765e-08 2.78843e-07 3.35595e-07 2.0169e-08 9.27041e-10 1.05931e-12 3.21462e-08 6.20953e-07 7.54663e-08 2.55715e-06 1.18061e-08 1.60534e-07 2.45238e-07 7.27294e-12 1.00579e-07 1.33686e-07 7.15638e-14 4.42229e-07 1.71738e-16 3.77849e-07 1.45283e-17 1.2227e-14 8.99888e-17 1.97325e-17 1.28881e-05 0 0 6.66237e-09 2.05933e-15 2.14339e-13
0.0886364  1914.02 0 0 0.00026448 0.00070844 0.00245353 0.027404 0.00514931 0.0765855 0.72082 4.2629e-06 1.38712e-06 0.040396 0.126201 3.12137e-07 1.69317e-07 1.56728e-08 1.00859e-08 6.15339e-11 4.85534e-12 4.6876e-08 1.65784e-07 1.99977e-07 1.19791e-08 5.48521e-10 6.08231e-13 1.94949e-08 3.73919e-07 4.58424e-08 1.51491e-06 6.91391e-09 9.53582e-08 1.45105e-07 3.40818e-12 5.97915e-08 8.18869e-08 3.46145e-14 2.79788e-07 7.63278e-17 1.83144e-07 8.0231e-18 7.0562e-15 5.22585e-17 1.10589e-17 7.84503e-06 0 0 2.70908e-09 5.39282e-16 8.71035e-14
0.0909091  1920.5 0 0 0.000262102 0.000706964 0.00242854 0.0268219 0.00517079 0.0765302 0.720674 4.11702e-06 1.35766e-06 0.0393029 0.12809 1.83674e-07 1.34677e-07 8.87056e-09 6.02877e-09 3.65964e-11 2.73427e-12 2.52099e-08 9.80938e-08 1.18544e-07 7.08259e-09 3.20777e-10 3.46256e-13 1.16719e-08 2.23795e-07 2.75333e-08 8.96466e-07 4.02103e-09 5.66093e-08 8.57568e-08 1.59353e-12 3.51155e-08 4.95331e-08 1.58484e-14 1.75317e-07 3.38271e-17 8.34805e-08 4.55365e-18 4.04689e-15 3.01408e-17 6.07153e-18 4.71757e-06 0 0 1.04629e-09 1.52439e-16 3.35754e-14
0.0954545  1932.52 0 0 0.000256011 0.000703731 0.00236992 0.0258769 0.005194 0.0764879 0.720439 3.87937e-06 1.29872e-06 0.0375344 0.13113 7.07467e-08 1.00893e-07 3.236e-09 2.37754e-09 1.42638e-11 9.69973e-13 8.80122e-09 3.79587e-08 4.62358e-08 2.74746e-09 1.18762e-10 1.22055e-13 4.49274e-09 8.75133e-08 1.07676e-08 3.50353e-07 1.48545e-09 2.22238e-08 3.34527e-08 4.47164e-13 1.30737e-08 1.94622e-08 3.77498e-15 7.3602e-08 8.67362e-18 1.9498e-08 1.51788e-18 1.45066e-15 1.0842e-17 2.1684e-18 1.83224e-06 0 0 2.10074e-10 2.62377e-17 6.69538e-15
0.1  1943.51 0 0 0.000248966 0.000699432 0.00230687 0.0251244 0.00520092 0.0765213 0.720264 3.68576e-06 1.24207e-06 0.0361761 0.133452 2.70666e-08 8.46658e-08 1.17927e-09 9.23036e-10 5.47616e-12 3.43491e-13 3.13318e-09 1.45013e-08 1.7841e-08 1.05423e-09 4.31842e-11 4.25905e-14 1.69388e-09 3.36745e-08 4.13145e-09 1.36165e-07 5.40603e-10 8.67716e-09 1.29767e-08 1.30572e-13 4.76864e-09 7.48539e-09 8.31149e-16 3.03374e-08 2.38524e-18 3.97029e-09 4.33681e-19 5.15647e-16 3.90313e-18 8.67362e-19 6.97748e-07 0 0 4.02675e-11 4.77049e-18 1.27199e-15
0.106818  1958.39 0 0 0.000237584 0.000690891 0.00221069 0.0242403 0.00519156 0.0766784 0.720086 3.44938e-06 1.1629e-06 0.0346953 0.135965 7.40695e-09 7.25544e-08 3.02681e-10 2.53761e-10 1.48159e-12 8.39127e-14 8.00744e-10 3.90581e-09 4.88561e-09 2.86175e-10 1.07717e-11 1.00581e-14 4.41713e-10 9.12198e-09 1.11316e-09 3.78775e-08 1.35285e-10 2.43076e-09 3.6007e-09 2.64912e-14 1.18825e-09 2.00718e-09 1.16226e-16 8.96472e-09 4.33681e-19 4.42416e-10 2.1684e-19 1.24683e-16 8.67362e-19 2.1684e-19 1.84652e-07 0 0 4.81052e-12 6.50521e-19 1.4962e-16
0.113636  1971.74 0 0 0.000226174 0.000680593 0.00211767 0.023535 0.00516865 0.0769097 0.719972 3.25438e-06 1.09107e-06 0.0336292 0.137756 2.04719e-09 6.50796e-08 7.62343e-11 6.76487e-11 3.89588e-13 2.02232e-14 2.02144e-10 1.02416e-09 1.29863e-09 7.55614e-11 2.63652e-12 2.35207e-15 1.12602e-10 2.4083e-09 2.9267e-10 1.03124e-08 3.31527e-11 6.67373e-10 9.77314e-10 5.50493e-15 2.88904e-10 5.24281e-10 1.79978e-17 2.57608e-09 0 4.06601e-11 0 2.9924e-17 2.1684e-19 0 4.78117e-08 0 0 5.54511e-13 0 1.69136e-17
0.123864  1989.44 0 0 0.00020988 0.000663324 0.00198757 0.0226896 0.00511929 0.0773246 0.719876 3.01441e-06 9.95908e-07 0.0325049 0.139621 4.57077e-10 5.71249e-08 1.2623e-11 1.19313e-11 6.76564e-14 3.13833e-15 3.40055e-11 1.77058e-10 2.28358e-10 1.31598e-11 4.13958e-13 3.46945e-16 1.85348e-11 4.19928e-10 5.05064e-11 1.88395e-09 5.21411e-12 1.23643e-10 1.77743e-10 7.17091e-16 4.45176e-11 8.90181e-11 2.1684e-18 4.9816e-10 0 1.83921e-12 0 4.55365e-18 0 0 8.04552e-09 0 0 3.84421e-14 0 1.0842e-18
0.134091  2004.98 0 0 0.00019513 0.000645612 0.00187003 0.0219912 0.00506093 0.0777539 0.719822 2.81633e-06 9.13665e-07 0.031669 0.140988 1.72665e-10 5.09468e-08 2.05329e-12 2.0521e-12 1.16996e-14 4.83771e-16 5.6211e-12 2.99614e-11 3.89829e-11 2.23357e-12 6.47538e-14 5.13912e-17 3.02426e-12 7.18856e-11 8.56649e-12 3.37151e-10 8.12054e-13 2.24759e-11 3.16238e-11 9.47593e-17 6.7743e-12 1.48715e-11 2.1684e-19 9.40675e-11 0 6.80536e-14 0 6.50521e-19 0 0 1.34269e-09 0 0 2.65022e-15 0 0
0.149432  2025.1 0 0 0.000175995 0.000619929 0.00171605 0.0211155 0.00496627 0.0783656 0.719779 2.57429e-06 8.10334e-07 0.0306918 0.142567 1.13569e-10 4.36851e-08 2.1046e-13 2.26415e-13 1.48969e-15 4.59702e-17 5.95785e-13 3.20931e-12 4.21404e-12 2.39145e-13 6.21204e-15 4.55365e-18 3.03821e-13 7.78934e-12 9.07901e-13 3.88422e-11 7.74253e-14 2.64906e-12 3.61091e-12 7.15573e-18 6.17917e-13 1.53372e-12 0 1.14276e-11 0 1.23512e-15 0 0 0 0 1.39123e-10 0 0 1.08203e-16 0 0
0.164773  2042.33 0 0 0.000159987 0.000596261 0.00158463 0.0203663 0.0048698 0.0789121 0.719752 2.37801e-06 7.25675e-07 0.0298663 0.143889 1.01374e-10 3.80055e-08 2.17812e-14 2.73251e-14 3.6169e-16 4.55365e-18 6.37814e-14 3.47201e-13 4.52843e-13 2.55705e-14 6.13008e-16 4.33681e-19 3.12122e-14 8.49437e-13 9.7025e-14 4.4753e-12 7.53065e-15 3.12295e-13 4.11546e-13 6.50521e-19 5.74269e-14 1.60067e-13 0 1.3843e-12 0 2.4503e-17 0 0 0 0 1.47303e-11 0 0 4.55365e-18 0 0
0.187784  2063.99 0 0 0.00014067 0.000564864 0.00142201 0.0194089 0.00472951 0.0796083 0.719724 2.14522e-06 6.25356e-07 0.0287866 0.145613 9.24319e-11 3.15266e-08 1.46888e-15 4.13688e-15 1.88001e-16 2.1684e-19 4.57512e-15 2.50813e-14 3.02818e-14 1.69678e-15 3.62124e-17 0 1.92164e-15 5.72379e-14 6.29553e-15 3.25032e-13 4.365e-16 2.33678e-14 2.94129e-14 0 3.08868e-15 9.98875e-15 0 1.04965e-13 0 4.33681e-19 0 0 0 0 9.44054e-13 0 0 2.1684e-19 0 0
0.210795  2082.02 0 0 0.00012541 0.000537644 0.00128989 0.0185913 0.0045969 0.0801866 0.719701 1.96351e-06 5.47605e-07 0.0278268 0.147142 8.54283e-11 2.66779e-08 1.65016e-16 2.16472e-15 1.42898e-16 0 5.48606e-16 3.27082e-15 2.18835e-15 1.25117e-16 2.38524e-18 0 1.25984e-16 4.02391e-15 4.28043e-16 2.44173e-14 2.68882e-17 1.80628e-15 2.17101e-15 0 1.76942e-16 6.57243e-16 0 8.20849e-15 0 0 0 0 0 0 6.42847e-14 0 0 0 0 0
0.245313  2103.98 0 0 0.000107921 0.000503329 0.00113408 0.0175651 0.00441614 0.0808827 0.719674 1.75773e-06 4.60422e-07 0.0265655 0.149149 7.68804e-11 2.14246e-08 5.96311e-17 1.57838e-15 1.05384e-16 0 2.02746e-16 1.29259e-15 1.77375e-16 1.21431e-17 0 0 4.98733e-18 1.72822e-16 1.73472e-17 1.14622e-15 8.67362e-19 8.84709e-17 9.95298e-17 0 5.85469e-18 2.53703e-17 0 3.96384e-16 0 0 0 0 0 0 2.6203e-15 0 0 0 0 0
0.27983  2121.71 0 0 9.4631e-05 0.000474567 0.00101225 0.0167088 0.00425313 0.081438 0.719651 1.60426e-06 3.95955e-07 0.0254636 0.150902 6.99123e-11 1.76747e-08 4.44523e-17 1.24683e-15 8.10983e-17 0 1.50921e-16 9.34365e-16 7.63278e-17 5.85469e-18 0 0 2.1684e-19 8.67362e-18 8.67362e-19 6.04985e-17 0 5.42101e-18 5.20417e-18 0 2.1684e-19 1.0842e-18 0 2.21177e-17 0 0 0 0 0 0 1.29887e-16 0 0 0 0 0
0.383381  2157.19 0 0 7.02333e-05 0.000413542 0.000780402 0.0149137 0.00387655 0.0825126 0.719625 1.33288e-06 2.82752e-07 0.0229658 0.15484 5.57129e-11 1.13955e-08 2.66714e-17 7.31403e-16 4.4886e-17 0 9.06393e-17 5.02853e-16 4.53197e-17 3.25261e-18 0 0 0 2.1684e-19 0 1.51788e-18 0 6.50521e-19 2.1684e-19 0 0 0 0 4.33681e-19 0 2.1684e-19 0 0 0 0 1.95156e-18 0 0 0 0 0
0.538707  2195.16 0 0 5.00525e-05 0.00035451 0.000574802 0.0129322 0.00345954 0.0837015 0.719509 1.11612e-06 1.91125e-07 0.020344 0.159073 4.29417e-11 6.89615e-09 1.58294e-17 4.00721e-16 2.29851e-17 0 5.39933e-17 2.57606e-16 2.88398e-17 1.95156e-18 0 0 0 0 0 6.50521e-19 0 4.33681e-19 2.1684e-19 0 0 0 0 0 0 -5.38848e-16 0 0 0 0 0 0 0 0 0 0
0.771697  2195.16 0 0 5.00525e-05 0.00035451 0.000574802 0.0129322 0.00345954 0.0837015 0.719509 1.11612e-06 1.91125e-07 0.020344 0.159073 4.29417e-11 6.89615e-09 1.58294e-17 4.00721e-16 2.29851e-17 0 5.39933e-17 2.57606e-16 2.88398e-17 1.95156e-18 0 0 0 0 0 6.50521e-19 0 4.33681e-19 2.1684e-19 0 0 0 0 0 0 -5.38848e-16 0 0 0 0 0 0 0 0 0 0
