TITLE="Graphics"
VARIABLES= "x", "T", "Y_AR", "Y_HE", "Y_H", "Y_H2", "Y_O", "Y_O2", "Y_OH", "Y_H2O", "Y_N2", "Y_HO2", "Y_H2O2", "Y_CO", "Y_CO2", "Y_CH2O", "Y_HCO", "Y_CH3OH", "Y_CH2OH", "Y_CH3O", "Y_CH3O2", "Y_CH4", "Y_CH3", "Y_CH2", "Y_CH2(S)", "Y_C2H6", "Y_C2H5O2", "Y_C2H5", "Y_C2H4", "Y_C2H3", "Y_C2H2", "Y_CH2CHO", "Y_CH2CO", "Y_HCCO", "Y_NC3H7", "Y_C3H6", "Y_C3H5-A", "Y_C3H5O", "Y_C3H4-A", "Y_NC3H7O2", "Y_C2H3CHO", "Y_NC7H16", "Y_C7H15", "Y_C7H15O2", "Y_C7H14OOH", "Y_C7H14", "Y_C7H14OOHO2", "Y_NC7KET", "Y_C7H14O", "Y_NC3H7CHO", "Y_NC3H7CO"
-0.0395833  700 0 0 0 0 0 0.222587 0 0 0.733061 0 0 0 0 0 0 0 0 0 0 0 0 0 0 0 0 0 0 0 0 0 0 0 0 0 0 0 0 0 0 0.0443523 0 0 0 0 0 0 0 0 0
-0.0208333  699.992 8.67362e-19 4.33681e-19 1.28478e-15 2.27857e-05 9.4679e-15 0.222585 -2.65032e-12 -2.68456e-06 0.73304 -2.2883e-08 -6.81407e-09 -3.68943e-07 1.15794e-07 1.86764e-08 -4.33681e-19 2.47107e-09 0 9.61254e-16 6.05951e-09 -3.08972e-08 6.13348e-12 0 0 5.76072e-09 -9.77354e-10 -6.03123e-13 -3.65877e-08 2.1684e-19 3.84629e-09 9.38642e-11 1.58225e-09 0 -3.10633e-14 2.88511e-08 1.6108e-10 8.67362e-19 3.35871e-10 -3.38672e-11 -7.06953e-10 0.0443545 -1.63329e-11 -4.85984e-09 -4.56994e-12 -1.08104e-08 -2.48822e-11 -9.95807e-09 -2.61636e-09 -8.4539e-10 0
-0.00833333  700.017 8.67362e-19 4.33681e-19 5.93024e-14 5.34504e-05 8.68817e-13 0.222578 2.22819e-13 2.33093e-05 0.732987 4.89146e-08 1.44907e-08 8.10959e-07 -1.04912e-07 -2.00588e-08 -8.67362e-19 -2.46309e-09 0 -1.22174e-14 -5.02285e-09 1.11131e-07 -6.06319e-12 0 0 -4.04721e-09 2.76673e-10 1.706e-13 6.6021e-08 -6.50521e-19 -5.59773e-09 -1.87502e-10 -1.42452e-09 0 1.45435e-15 -1.67783e-08 -8.70243e-11 -6.93889e-18 -1.70297e-10 1.59116e-12 7.86787e-11 0.0443577 5.66387e-12 1.67705e-09 1.57701e-12 -4.61104e-09 8.6352e-12 -4.25927e-09 -1.21921e-09 -6.11218e-10 0
0  700.521 8.67362e-19 4.33681e-19 9.00941e-13 8.54576e-05 1.16366e-11 0.222525 1.3131e-12 0.000126059 0.732869 1.19548e-06 3.91498e-07 2.08447e-05 1.40255e-06 3.55062e-07 5.1543e-16 3.77022e-08 4.11997e-18 1.22076e-12 5.0289e-08 1.07e-06 6.73179e-11 2.1684e-18 0 4.28838e-08 -2.6345e-09 -1.61969e-12 5.99608e-06 2.84061e-16 2.93723e-07 1.26554e-09 1.01655e-08 1.25551e-16 -5.3024e-14 1.62601e-07 8.26676e-10 2.93797e-15 1.59843e-09 -5.77866e-11 -1.39256e-09 0.0443625 -1.65173e-11 -5.83612e-09 -5.48823e-12 -1.10705e-08 -3.16099e-11 -8.89305e-09 -2.56737e-09 -1.26271e-09 0
0.00277778  701.069 8.67362e-19 4.33681e-19 3.17901e-12 9.90283e-05 3.23472e-11 0.222471 2.68905e-11 0.000205733 0.732791 2.41887e-06 7.9636e-07 4.23419e-05 4.32598e-06 9.72695e-07 5.06322e-15 1.08717e-07 3.40439e-17 1.23704e-11 1.88065e-07 1.94145e-06 2.45955e-10 1.40946e-17 0 1.66371e-07 1.81572e-08 1.13445e-11 1.29651e-05 3.85217e-15 6.90878e-07 7.80643e-09 5.15498e-08 8.86661e-16 4.40687e-14 8.05557e-07 4.64589e-09 3.76394e-14 1.01537e-08 4.70864e-11 2.29267e-09 0.0443651 4.89075e-11 1.18184e-08 1.11434e-11 -7.28109e-09 5.52312e-11 -7.02783e-09 -1.91858e-09 -4.08291e-10 0
0.00555556  701.907 8.67362e-19 4.33681e-19 8.70057e-12 0.00011423 7.26125e-11 0.222389 8.46647e-11 0.000317229 0.732687 4.28478e-06 1.41411e-06 7.51651e-05 9.31843e-06 2.0003e-06 2.38067e-14 2.28292e-07 1.71087e-16 4.60559e-11 4.31236e-07 3.21739e-06 5.68781e-10 6.17995e-17 0 3.85721e-07 6.19237e-08 3.90309e-11 2.38297e-05 1.87105e-14 1.32609e-06 2.04204e-08 1.27275e-07 3.93218e-15 2.88186e-13 1.98283e-06 1.17358e-08 1.79282e-13 2.61717e-08 3.06061e-10 1.07865e-08 0.0443684 1.9694e-10 5.15033e-08 4.8697e-11 4.42391e-09 2.49543e-10 -1.26065e-09 1.07119e-10 1.74693e-09 6.50521e-19
0.00833333  703.187 8.67362e-19 4.33681e-19 2.27802e-11 0.000131272 1.54579e-10 0.222265 2.21489e-10 0.000473385 0.732546 7.13458e-06 2.35646e-06 0.000125328 1.78529e-05 3.71121e-06 9.17929e-14 4.29835e-07 7.3986e-16 1.54364e-10 8.60928e-07 5.08724e-06 1.1646e-09 2.35272e-16 2.1684e-19 7.75764e-07 1.5436e-07 9.8311e-11 4.07835e-05 7.18817e-14 2.34304e-06 4.51901e-08 2.65958e-07 1.54226e-14 9.03154e-13 4.14079e-06 2.49483e-08 6.67452e-13 5.61958e-08 9.47104e-10 3.03467e-08 0.0443726 5.40323e-10 1.42633e-07 1.35233e-10 3.83264e-08 6.92722e-10 1.36909e-08 5.78395e-09 7.05452e-09 7.80626e-18
0.0111111  705.142 8.67362e-19 4.33681e-19 5.87002e-11 0.000150397 3.2385e-10 0.222076 5.60951e-10 0.000692383 0.732354 1.14968e-05 3.79366e-06 0.000202105 3.24672e-05 6.56345e-06 3.297e-13 7.70105e-07 3.1019e-15 5.01828e-10 1.62156e-06 7.83149e-06 2.32091e-09 8.46545e-16 1.30104e-18 1.47057e-06 3.50413e-07 2.26118e-10 6.728e-05 2.53289e-13 3.97373e-06 9.4306e-08 5.20357e-07 5.80753e-14 2.46614e-12 8.10357e-06 4.97279e-08 2.24768e-12 1.12578e-07 2.53929e-09 7.53753e-08 0.044378 1.3663e-09 3.59198e-07 3.41504e-10 1.37744e-07 1.73608e-09 5.10482e-08 2.17978e-08 2.00159e-08 5.65954e-17
0.0138889  708.119 6.50521e-19 2.1684e-19 1.49512e-10 0.000171823 6.74849e-10 0.221787 1.44944e-09 0.000998865 0.732091 1.81698e-05 5.97605e-06 0.000319409 5.74463e-05 1.13065e-05 1.1689e-12 1.34347e-06 1.32292e-14 1.60374e-09 2.96445e-06 1.18518e-05 4.86168e-09 2.98546e-15 6.50521e-18 2.70598e-06 7.66341e-07 5.50683e-10 0.000108614 8.75208e-13 6.58371e-06 1.91831e-07 9.86046e-07 2.19035e-13 7.07082e-12 1.53669e-05 9.64433e-08 6.92707e-12 2.18258e-07 6.48782e-09 1.78497e-07 0.0443846 3.71186e-09 8.86675e-07 8.75063e-10 4.37457e-07 4.12911e-09 1.44397e-07 6.87379e-08 5.14537e-08 3.7058e-16
0.0166667  712.639 4.33681e-19 2.1684e-19 3.7838e-10 0.000195796 1.40874e-09 0.221347 3.84231e-09 0.00142686 0.731731 2.8375e-05 9.27066e-06 0.000498293 0.000100047 1.91693e-05 4.17496e-12 2.30736e-06 5.77166e-14 5.10387e-09 5.32898e-06 1.77307e-05 1.05755e-08 1.04187e-14 3.79471e-17 4.89767e-06 1.64955e-06 1.32432e-09 0.000172962 3.0273e-12 1.07524e-05 3.85557e-07 1.83622e-06 8.39898e-13 2.00465e-11 2.86481e-05 1.85285e-07 2.09058e-11 4.15859e-07 1.6252e-08 4.1298e-07 0.0443921 1.01436e-08 2.19064e-06 2.24346e-09 1.3546e-06 9.785e-09 3.75297e-07 2.09782e-07 1.27145e-07 2.40151e-15
0.0194444  719.485 2.1684e-19 2.1684e-19 9.55062e-10 0.000222701 2.97538e-09 0.220673 1.05852e-08 0.00202609 0.731231 4.40642e-05 1.42285e-05 0.000771847 0.000172902 3.2221e-05 1.5396e-11 3.93215e-06 2.61867e-13 1.62255e-08 9.4934e-06 2.63518e-05 2.53159e-08 3.66322e-14 2.51318e-16 8.79663e-06 3.5391e-06 3.19087e-09 0.000273416 1.0767e-11 1.7429e-05 7.71905e-07 3.39202e-06 3.36121e-12 5.72432e-11 5.29988e-05 3.57641e-07 6.30158e-11 7.86344e-07 4.04382e-08 9.44684e-07 0.0443979 2.80652e-08 5.44673e-06 5.78656e-09 4.22493e-06 2.32211e-08 9.43389e-07 6.49441e-07 3.09215e-07 1.60065e-14
0.0222222  729.832 0 2.1684e-19 2.41172e-09 0.000253044 6.45584e-09 0.219632 3.07462e-08 0.00286934 0.73053 6.84102e-05 2.1663e-05 0.00119255 0.00029826 5.39664e-05 6.00644e-11 6.68744e-06 1.25722e-12 5.11874e-08 1.68058e-05 3.9065e-05 7.32577e-08 1.32883e-13 2.11528e-15 1.57766e-05 7.6357e-06 7.88647e-09 0.000431137 4.05051e-11 2.81853e-05 1.54718e-06 6.256e-06 1.45312e-11 1.69435e-10 9.79301e-05 7.03062e-07 1.92486e-10 1.48549e-06 1.00565e-07 2.15024e-06 0.0443926 7.84845e-08 1.35505e-05 1.49296e-08 1.34771e-05 5.45571e-08 2.34022e-06 2.08673e-06 7.49104e-07 1.13083e-13
0.025  745.175 -2.1684e-19 2.1684e-19 6.01644e-09 0.000286581 1.45098e-08 0.218065 9.44255e-08 0.0040268 0.729563 0.000105527 3.23971e-05 0.00182458 0.000508533 8.91303e-05 2.571e-10 1.1239e-05 6.03243e-12 1.52089e-07 2.89107e-05 5.73821e-05 2.68776e-07 5.24384e-13 2.49681e-14 2.79522e-05 1.62754e-05 3.85793e-08 0.00067282 1.72435e-10 4.50908e-05 3.05818e-06 1.13839e-05 7.05557e-11 9.3047e-10 0.000178653 1.40334e-06 4.23871e-10 2.76969e-06 2.42607e-07 4.77101e-06 0.0443466 3.98341e-07 3.13081e-05 4.64483e-08 4.26538e-05 9.37673e-08 5.59657e-06 6.75923e-06 1.7747e-06 7.02091e-13
0.0277778  767.455 -4.33681e-19 2.1684e-19 1.51514e-08 0.000322967 3.37972e-08 0.215773 2.8882e-07 0.00557198 0.72827 0.000160662 4.71293e-05 0.00274822 0.000850178 0.000143803 1.12504e-09 1.85172e-05 2.88098e-11 4.42982e-07 4.73758e-05 8.30772e-05 9.41698e-07 2.15548e-12 2.77439e-13 4.84993e-05 3.38816e-05 1.77248e-07 0.00103258 7.61141e-10 7.08805e-05 5.93472e-06 2.02121e-05 3.52549e-10 4.64013e-09 0.000318748 2.84961e-06 9.39178e-10 5.04649e-06 5.49565e-07 1.013e-05 0.0441841 1.78273e-06 6.55125e-05 1.28188e-07 0.000124679 1.4433e-07 1.15927e-05 2.00148e-05 3.9588e-06 4.15254e-12
0.0305556  799.464 -2.1684e-19 2.1684e-19 3.92058e-08 0.000362855 8.35793e-08 0.212431 8.86213e-07 0.00764058 0.72656 0.000242158 6.66671e-05 0.00410077 0.00140464 0.000227694 5.09531e-09 3.01382e-05 1.39758e-10 1.24943e-06 7.25923e-05 0.000119207 3.1553e-06 9.93859e-12 2.92828e-12 8.30962e-05 6.95266e-05 7.81862e-07 0.00156879 3.53954e-09 0.000110253 1.14238e-05 3.52118e-05 1.84368e-09 2.06918e-08 0.000561112 6.01346e-06 2.11234e-09 9.06778e-06 1.13902e-06 2.06953e-05 0.04371 7.04258e-06 0.000124088 3.14289e-07 0.000335236 1.99407e-07 1.98457e-05 5.35951e-05 8.16238e-06 2.30366e-11
0.0333333  844.907 0 2.1684e-19 1.05342e-07 0.000407278 2.27621e-07 0.207562 2.72577e-06 0.0104383 0.724409 0.000361306 9.13589e-05 0.00610358 0.00231328 0.000354918 2.41161e-08 4.88371e-05 7.00469e-10 3.20753e-06 9.78715e-05 0.000170469 1.04414e-05 5.80916e-11 3.03052e-11 0.000141827 0.000140367 3.69174e-06 0.00237648 1.7573e-08 0.000171019 2.19232e-05 6.05071e-05 1.03769e-08 7.85672e-08 0.000984067 1.34134e-05 4.75453e-09 1.62285e-05 1.96124e-06 4.07811e-05 0.0424196 2.38638e-05 0.000204669 6.59735e-07 0.000833303 2.36298e-07 2.51464e-05 0.000129971 1.51389e-05 1.17102e-10
0.0361111  905.828 4.33681e-19 2.1684e-19 2.84252e-07 0.000454328 6.91138e-07 0.201117 7.81474e-06 0.0139718 0.722326 0.000520401 0.000117761 0.008882 0.00369923 0.000528457 1.22389e-07 7.65162e-05 3.08356e-09 5.41512e-06 8.67714e-05 0.000238063 3.40026e-05 4.45684e-10 3.05945e-10 0.000233678 0.000187054 4.15375e-05 0.00351286 1.02216e-07 0.00025867 3.99196e-05 9.96322e-05 6.19548e-08 3.62546e-07 0.00166833 3.01099e-05 5.0114e-09 2.80116e-05 1.17147e-06 7.34197e-05 0.0394335 0.000108695 0.000108407 7.60254e-07 0.0018051 4.84507e-08 9.88695e-06 0.000268175 2.40324e-05 3.37597e-10
0.0388889  983.104 6.50521e-19 2.1684e-19 8.04715e-07 0.000501872 2.11299e-06 0.193364 2.03531e-05 0.0181386 0.721186 0.000657718 0.000137586 0.0124817 0.00565544 0.000730715 5.61467e-07 0.000113099 1.30272e-08 7.00456e-06 4.95024e-05 0.000318889 8.36402e-05 3.04444e-09 2.04388e-09 0.000358981 0.000127456 0.000167882 0.00495528 5.19106e-07 0.000376666 6.70682e-05 0.000152471 3.32484e-07 3.74524e-07 0.00265168 6.28377e-05 5.46055e-09 4.56918e-05 2.02715e-07 0.000116616 0.0339325 0.000207265 3.51251e-05 4.58469e-07 0.00286956 6.50118e-09 1.09566e-06 0.000395989 2.41453e-05 6.74921e-10
0.0416667  1078.81 6.50521e-19 2.1684e-19 2.39995e-06 0.000549857 6.51748e-06 0.184153 5.30964e-05 0.0230594 0.721844 0.000709459 0.000141554 0.0171408 0.0084034 0.000937634 2.41979e-06 0.000157624 5.72129e-08 7.60961e-06 2.35758e-05 0.000408929 0.000179672 1.965e-08 1.18309e-08 0.000502402 5.70748e-05 0.000348153 0.0065758 2.41237e-06 0.000536603 0.000102731 0.000227918 1.63308e-06 3.89134e-07 0.00382466 0.000117863 5.74666e-09 7.15131e-05 4.37327e-08 0.000164911 0.0253655 0.000242278 9.22928e-06 1.9982e-07 0.00359426 7.55383e-10 6.20633e-08 0.000454985 1.83602e-05 1.16237e-09
0.0444444  1193.76 6.50521e-19 2.1684e-19 6.97517e-06 0.000594704 2.01062e-05 0.173093 0.000136125 0.0288123 0.724511 0.000669864 0.000123857 0.0231013 0.0122475 0.00110768 9.09902e-06 0.000201816 2.43268e-07 7.02716e-06 1.15781e-05 0.000492665 0.000338685 1.17487e-07 6.04331e-08 0.00060094 1.88764e-05 0.000436375 0.00787666 9.48664e-06 0.000755267 0.000137601 0.000330813 6.7829e-06 4.4368e-07 0.00461219 0.000188285 5.20907e-09 0.000107517 1.3093e-08 0.000207642 0.0148049 0.000189477 1.99228e-06 6.55663e-08 0.0037865 7.58986e-11 3.82305e-09 0.000430866 1.14385e-05 1.77405e-09
0.0472222  1323 6.50521e-19 2.1684e-19 1.79475e-05 0.000626875 6.2793e-05 0.159911 0.00032987 0.0351411 0.728062 0.000594723 8.91223e-05 0.0302182 0.0174062 0.00118511 2.71899e-05 0.000220109 8.56025e-07 4.75208e-06 4.29734e-06 0.000530988 0.00050417 5.90608e-07 2.46015e-07 0.000540217 3.36968e-06 0.000321091 0.00799325 2.94195e-05 0.00103792 0.000142303 0.00044276 2.19252e-05 4.33666e-07 0.00418063 0.000247707 3.71357e-09 0.000151803 3.05815e-09 0.000233116 0.00579158 7.92178e-05 2.09169e-07 1.07483e-08 0.00349638 3.34485e-12 1.54057e-10 0.00034319 5.64014e-06 2.19315e-09
0.05  1453.68 8.67362e-19 2.1684e-19 3.80906e-05 0.000635407 0.000185653 0.145106 0.00072441 0.0413993 0.730808 0.000500289 5.06211e-05 0.0376198 0.0238763 0.00111808 5.58293e-05 0.000190609 2.10652e-06 2.53755e-06 1.41098e-06 0.000480276 0.000543069 2.23118e-06 7.15313e-07 0.00032815 4.89985e-07 0.000156391 0.00637652 5.8356e-05 0.00131527 0.000116212 0.000491377 4.9724e-05 4.03081e-07 0.00256069 0.000242142 2.10135e-09 0.000190306 8.46637e-10 0.00023397 0.00135679 1.9091e-05 1.56839e-08 1.15576e-09 0.0029283 1.13743e-13 5.51497e-12 0.00023295 2.12073e-06 2.29314e-09
0.0527778  1568.08 8.67362e-19 2.1684e-19 6.653e-05 0.00061571 0.000493151 0.130232 0.00138727 0.0468344 0.732577 0.000358034 2.19498e-05 0.0438939 0.0314302 0.000894755 7.59617e-05 0.000125134 3.3448e-06 9.73152e-07 4.00538e-07 0.000345997 0.000421884 5.95532e-06 1.44454e-06 0.000126827 6.84051e-08 6.11374e-05 0.00387156 7.04254e-05 0.00137261 7.56422e-05 0.000429708 7.97998e-05 2.43839e-07 0.00101191 0.000164022 7.80654e-10 0.000193223 1.83096e-10 0.000210667 0.000172194 2.37021e-06 7.24555e-10 7.18005e-11 0.00223816 2.57802e-15 1.48012e-13 0.000133796 5.99507e-07 1.93033e-09
0.0555556  1653.22 8.67362e-19 2.1684e-19 9.67254e-05 0.000569925 0.00106785 0.11727 0.002254 0.0508262 0.733785 0.000206182 7.74111e-06 0.0475666 0.0394365 0.000582396 6.8399e-05 6.32328e-05 3.37804e-06 2.763e-07 9.92254e-08 0.000198003 0.000243815 1.02643e-05 1.97744e-06 3.14682e-05 9.69694e-09 2.05466e-05 0.00181647 5.41534e-05 0.00107316 3.89143e-05 0.000296707 9.00377e-05 7.8577e-08 0.000268871 7.78243e-05 1.87e-10 0.000146243 2.47747e-11 0.000171961 1.03323e-05 1.30554e-07 1.79357e-11 2.28081e-12 0.0015781 3.40439e-17 2.50624e-15 6.61351e-05 1.32951e-07 1.27996e-09
0.0583333  1709.66 1.0842e-18 2.1684e-19 0.000123515 0.000508207 0.00180288 0.107263 0.00304354 0.0533981 0.734555 0.000104181 3.42342e-06 0.0481548 0.0474143 0.000314563 4.62649e-05 2.88385e-05 2.23756e-06 8.05172e-08 3.41538e-08 9.775e-05 0.000109704 1.05919e-05 1.70227e-06 6.1589e-06 2.70976e-09 7.81189e-06 0.000718068 2.78845e-05 0.000621382 2.07252e-05 0.000160922 6.53044e-05 1.98195e-08 6.43406e-05 2.94721e-05 4.59763e-11 7.64418e-05 4.8093e-12 0.000132107 4.93924e-07 7.19328e-09 9.49336e-13 1.30742e-13 0.00105568 1.51788e-18 1.11673e-16 2.97485e-05 2.5379e-08 7.28015e-10
0.0611111  1745.1 1.0842e-18 2.1684e-19 0.000145451 0.000446437 0.00257659 0.099717 0.00371165 0.0549233 0.735014 4.94273e-05 2.34831e-06 0.0464307 0.0551973 0.000141773 2.43853e-05 1.17223e-05 1.15296e-06 2.37165e-08 1.06813e-08 4.21725e-05 4.27877e-05 7.6837e-06 1.07712e-06 1.01062e-06 9.01473e-10 3.28556e-06 0.000248893 1.21614e-05 0.000288512 8.96735e-06 7.30081e-05 3.59224e-05 7.86188e-09 1.65225e-05 1.20149e-05 1.80347e-11 3.33065e-05 1.52053e-12 9.59003e-05 1.87437e-08 3.0312e-10 8.68819e-14 1.46389e-14 0.000670893 2.1684e-19 1.04083e-17 1.22781e-05 4.26491e-09 3.50322e-10
0.0638889  1768.19 1.30104e-18 2.1684e-19 0.000162257 0.000396874 0.00323195 0.0941848 0.00423938 0.0557065 0.735223 2.54319e-05 2.13444e-06 0.0435027 0.0624531 5.70711e-05 1.0965e-05 4.36722e-06 5.15817e-07 7.86275e-09 3.27278e-09 1.64839e-05 1.59246e-05 4.37636e-06 5.54906e-07 1.663e-07 3.63117e-10 1.62615e-06 8.12847e-05 5.10868e-06 0.000118337 3.35985e-06 2.93649e-05 1.6521e-05 3.26719e-09 5.54324e-06 5.88494e-06 1.04449e-11 1.40696e-05 5.1818e-13 6.60447e-05 5.76323e-10 1.22246e-11 1.99272e-14 4.16312e-15 0.000409812 0 2.60209e-18 4.75657e-06 6.56685e-10 1.49919e-10
0.0666667  1785.14 1.51788e-18 2.1684e-19 0.00017461 0.000362717 0.00370976 0.0901314 0.00464211 0.0560237 0.735256 1.59566e-05 2.07962e-06 0.0402412 0.0689996 2.22255e-05 4.64705e-06 1.55049e-06 2.19075e-07 2.9604e-09 1.05162e-09 6.04209e-06 6.09376e-06 2.18127e-06 2.57908e-07 3.72608e-08 1.66085e-10 8.9163e-07 2.71685e-05 2.28233e-06 4.70185e-05 1.2108e-06 1.12222e-05 7.02551e-06 1.29727e-09 2.40318e-06 3.24766e-06 6.60414e-12 6.41945e-06 1.72348e-13 4.33167e-05 1.45249e-11 1.28112e-12 7.06206e-15 1.64799e-15 0.000243417 0 8.67362e-19 1.76312e-06 9.54183e-11 5.92025e-11
0.0694444  1799.25 8.67362e-19 2.1684e-19 0.000183664 0.000341228 0.00402047 0.0871516 0.00490686 0.056092 0.73517 1.23607e-05 2.09251e-06 0.0370852 0.0748011 9.02706e-06 2.03898e-06 5.60129e-07 9.40269e-08 1.24717e-09 3.93429e-10 2.16518e-06 2.50644e-06 1.03486e-06 1.16622e-07 1.39947e-08 8.67499e-11 5.13529e-07 1.01023e-05 1.11275e-06 1.94957e-05 4.81271e-07 4.37246e-06 2.97865e-06 4.99258e-10 1.23131e-06 1.85679e-06 4.2345e-12 3.20731e-06 6.04239e-14 2.76017e-05 3.357e-13 4.67488e-13 3.13942e-15 7.16007e-16 0.000142356 0 4.33681e-19 6.38223e-07 1.34527e-11 2.2325e-11
0.0722222  1811.81 4.33681e-19 2.1684e-19 0.000189843 0.000328659 0.00421634 0.084863 0.00509972 0.0560276 0.735028 1.08093e-05 2.08811e-06 0.0341946 0.0799114 3.95634e-06 9.67541e-07 2.12347e-07 4.29895e-08 5.81404e-10 1.63267e-10 7.73106e-07 1.13216e-06 5.01398e-07 5.50929e-08 6.89157e-09 4.57816e-11 2.9506e-07 4.31211e-06 5.91109e-07 8.79996e-06 2.13022e-07 1.84053e-06 1.34826e-06 1.87895e-10 6.61576e-07 1.0684e-06 2.62399e-12 1.72691e-06 2.08973e-14 1.70379e-05 7.3253e-15 2.26903e-13 1.55518e-15 3.33934e-16 8.21487e-05 0 2.1684e-19 2.26656e-07 1.8572e-12 8.1313e-12
0.075  1823.32 2.1684e-19 2.1684e-19 0.000193664 0.000321732 0.00433546 0.0830473 0.0052494 0.0559052 0.734867 9.99158e-06 2.06477e-06 0.0316211 0.084376 1.8791e-06 5.03385e-07 8.64999e-08 2.11459e-08 2.92893e-10 7.39639e-11 2.7991e-07 5.54562e-07 2.5605e-07 2.7816e-08 3.63689e-09 2.40512e-11 1.67634e-07 2.07223e-06 3.29991e-07 4.34536e-06 1.03497e-07 8.54366e-07 6.6367e-07 6.99385e-11 3.5848e-07 6.1212e-07 1.55944e-12 9.7237e-07 7.19303e-15 1.01596e-05 2.49583e-16 1.16429e-13 8.05779e-16 1.6263e-16 4.68328e-05 0 0 7.9112e-08 2.53537e-13 2.8852e-12
0.0777778  1834.04 0 2.1684e-19 0.000195654 0.000318002 0.00440313 0.0815703 0.00536773 0.0557709 0.734707 9.4604e-06 2.029e-06 0.0293631 0.088253 9.32193e-07 2.80513e-07 3.69821e-08 1.08051e-08 1.52374e-10 3.49723e-11 9.9305e-08 2.82077e-07 1.35222e-07 1.45982e-08 1.9152e-09 1.24306e-11 9.3266e-08 1.0558e-06 1.85895e-07 2.25785e-06 5.24192e-08 4.22401e-07 3.43746e-07 2.49923e-11 1.91743e-07 3.44944e-07 8.82253e-13 5.53723e-07 2.38828e-15 5.806e-06 5.55112e-17 6.01739e-14 4.20454e-16 8.0231e-17 2.61943e-05 0 0 2.59622e-08 2.98422e-14 9.56712e-13
0.0833333  1853.69 -2.1684e-19 2.1684e-19 0.000195779 0.000314929 0.00442774 0.0793934 0.00549696 0.0555599 0.734414 8.86848e-06 1.97966e-06 0.0257065 0.094467 2.98493e-07 1.19385e-07 1.03141e-08 3.6002e-09 5.04002e-11 1.03877e-11 2.12521e-08 9.19279e-08 4.68398e-08 4.97736e-09 6.15478e-10 3.8521e-12 3.17528e-08 3.48617e-07 6.55215e-08 7.66555e-07 1.67751e-08 1.37202e-07 1.16531e-07 4.75785e-12 6.27839e-08 1.1999e-07 2.87727e-13 2.01045e-07 4.13948e-16 1.93877e-06 1.53957e-17 1.87615e-14 1.3249e-16 2.40693e-17 8.97497e-06 0 0 4.14955e-09 1.56255e-15 1.53985e-13
0.0888889  1871.35 -4.33681e-19 2.1684e-19 0.000192612 0.000312646 0.00438545 0.0777962 0.00557426 0.0554567 0.734191 8.42288e-06 1.91307e-06 0.0229351 0.0991412 9.60666e-08 6.2354e-08 3.03062e-09 1.19339e-09 1.64449e-11 3.10323e-12 5.11644e-09 2.98697e-08 1.58844e-08 1.66052e-09 1.91151e-10 1.15936e-12 1.04126e-08 1.14772e-07 2.21626e-08 2.58046e-07 5.26333e-09 4.51886e-08 3.92607e-08 9.36079e-13 1.98707e-08 4.04157e-08 8.20401e-14 7.15538e-08 7.48099e-17 5.72865e-07 4.33681e-18 5.75907e-15 4.11997e-17 7.37257e-18 2.97883e-06 0 0 6.26871e-10 9.34582e-17 2.32201e-14
0.1  1902.55 -6.50521e-19 2.1684e-19 0.000182108 0.000303907 0.00416953 0.0758321 0.00548264 0.0556136 0.733877 8.09711e-06 1.87405e-06 0.0192727 0.105256 1.63008e-08 3.41879e-08 4.97248e-10 2.02959e-10 2.71656e-12 5.03793e-13 7.42824e-10 5.04793e-09 2.65713e-09 2.69529e-10 3.18923e-11 1.86856e-13 1.74835e-09 2.00425e-08 3.72484e-09 4.46197e-08 8.57474e-10 7.8139e-09 6.68997e-09 1.02828e-13 3.40303e-09 7.03988e-09 1.09522e-14 1.31991e-08 7.80626e-18 8.13473e-08 6.50521e-19 9.34582e-16 6.72205e-18 1.0842e-18 5.10718e-07 0 0 4.22632e-11 3.68629e-18 1.51832e-15
0.116667  1941 -4.33681e-19 2.1684e-19 0.0001627 0.000286373 0.00380219 0.0740875 0.00528505 0.0562008 0.733621 7.70359e-06 1.79417e-06 0.0161779 0.110367 1.90786e-09 2.329e-08 5.67145e-11 2.31356e-11 3.00303e-13 5.53253e-14 8.00832e-11 5.77627e-10 2.89192e-10 2.82248e-11 3.53504e-12 1.9999e-14 1.95048e-10 2.42314e-09 4.2334e-10 5.2924e-09 9.29962e-11 9.45223e-10 7.76071e-10 8.48562e-15 3.93143e-10 8.39137e-10 8.6953e-16 1.71966e-09 6.50521e-19 7.22589e-09 0 1.01048e-16 6.50521e-19 2.1684e-19 5.9065e-08 0 0 1.84367e-12 2.1684e-19 6.26669e-17
0.141667  1985.53 -4.33681e-19 2.1684e-19 0.000139515 0.000263727 0.00336367 0.0724609 0.00502739 0.057205 0.733313 7.24875e-06 1.68575e-06 0.0137646 0.114454 1.6863e-10 1.69254e-08 4.46125e-12 1.78401e-12 2.24239e-14 4.12777e-15 6.08924e-12 4.49903e-11 2.11118e-11 1.96468e-12 2.61262e-13 1.42638e-15 1.45273e-11 2.02687e-10 3.26857e-11 4.36607e-10 6.77509e-12 8.00667e-11 6.21669e-11 5.03503e-16 3.05864e-11 6.82462e-11 4.2067e-17 1.58527e-10 0 4.02488e-10 0 7.37257e-18 0 0 4.62456e-09 0 0 5.38098e-14 0 1.73472e-18
0.179167  1985.53 -4.33681e-19 2.1684e-19 0.000139515 0.000263727 0.00336367 0.0724609 0.00502739 0.057205 0.733313 7.24875e-06 1.68575e-06 0.0137646 0.114454 1.6863e-10 1.69254e-08 4.46125e-12 1.78401e-12 2.24239e-14 4.12777e-15 6.08924e-12 4.49903e-11 2.11118e-11 1.96468e-12 2.61262e-13 1.42638e-15 1.45273e-11 2.02687e-10 3.26857e-11 4.36607e-10 6.77509e-12 8.00667e-11 6.21669e-11 5.03503e-16 3.05864e-11 6.82462e-11 4.2067e-17 1.58527e-10 0 4.02488e-10 0 7.37257e-18 0 0 4.62456e-09 0 0 5.38098e-14 0 1.73472e-18
