TITLE="Graphics"
VARIABLES= "x", "T2", "Y_H2_2", 
"Y_H_2", "Y_O2_2", "Y_O_2", "Y_OH_2", "Y_HO2_2", "Y_H2O_2", "Y_H2O2_2", "Y_N2_2"
0  300 0.0282932 0 0.226113 0 3.60432e-14 2.87783e-140 0.000407014 2.87783e-140 0.745187
0.025  300 0.0282745 0 0.225821 0 0 2.0193e-119 0.000721655 2.0193e-119 0.74519
0.05  300 0.0282322 0 0.2252 0 0 2.59512e-100 0.00139874 2.59512e-100 0.745189
0.075  300.001 0.0281486 0 0.224091 0 0 6.10854e-83 0.00261331 6.10854e-83 0.745194
0.1  300.01 0.0279792 0 0.222059 0 1.403e-24 2.63353e-67 0.00486077 2.63353e-67 0.745206
0.125  300.076 0.0276384 1.87897e-25 0.21837 0 2.34315e-24 2.07951e-53 0.00897486 2.07951e-53 0.745205
0.15  300.565 0.0269599 0 0.211765 0 0 3.00751e-41 0.0163452 3.00751e-41 0.744988
0.175  304.166 0.025612 0 0.200045 0 9.21947e-24 7.96664e-31 0.0289956 7.96664e-31 0.742907
0.2  330.39 0.022975 0 0.179763 0 1.39287e-23 2.70176e-24 0.0488707 2.70176e-24 0.732538
0.225  505.187 0.0185259 0 0.147134 0 0 -2.44362e-23 0.0770977 -2.44362e-23 0.713113
0.25  1225.99 0.0119839 0 0.0914424 0 1.08188e-05 -3.74733e-23 0.121138 3.12261e-23 0.662532
0.275  2065.21 0.00436939 0.00161072 0.048078 0.009157 0.0204392 2.32553e-05 0.231374 2.03916e-05 0.75551
0.3  2311.99 0.00376249 0.000964732 0.0354046 0.00609272 0.0205512 1.08515e-05 0.232898 4.63766e-06 0.733597
0.325  2350.79 0.00322011 0.0006639 0.0285782 0.00417491 0.0176287 8.27792e-06 0.236048 2.74176e-06 0.734754
0.35  2356.16 0.00273945 0.000469555 0.0236442 0.0029226 0.0148635 7.09852e-06 0.237837 2.02563e-06 0.738947
0.375  2356.89 0.00231034 0.000330302 0.0195398 0.00203757 0.012434 6.32409e-06 0.238476 1.56812e-06 0.742141
0.4  2356.98 0.00192593 0.000228291 0.0160803 0.00140209 0.010333 5.83346e-06 0.239253 1.24189e-06 0.744278
0.425  2357 0.0015831 0.000154632 0.0131993 0.000953326 0.00854571 5.55073e-06 0.240518 9.9965e-07 0.745287
0.45  2357 0.00128672 0.000103521 0.0108254 0.000646838 0.00706549 5.34501e-06 0.242007 8.09099e-07 0.745524
0.475  2357 0.00104301 6.97853e-05 0.00892181 0.000446281 0.00589148 5.09911e-06 0.243399 6.54928e-07 0.745465
0.5  2357 0.000854406 4.85305e-05 0.00747064 0.000320183 0.00500757 4.76636e-06 0.244518 5.31992e-07 0.745352
0.525  2357 0.000719002 3.57112e-05 0.00644305 0.000243634 0.00437984 4.38338e-06 0.245322 4.38777e-07 0.745256
0.55  2357 0.000632298 2.85088e-05 0.00579351 0.00020003 0.00397541 4.05138e-06 0.24583 3.76462e-07 0.745179
0.575  2357 0.000589796 2.52715e-05 0.00547673 0.000180235 0.00377658 3.8981e-06 0.246069 3.4896e-07 0.745105
0.6  2357 0.000589796 2.52715e-05 0.00547673 0.000180235 0.00377658 3.8981e-06 0.246069 3.4896e-07 0.745105
