TITLE="Graphics"
VARIABLES= "x", "T2", "Y_H2_2", 
"Y_H_2", "Y_O2_2", "Y_O_2", "Y_OH_2", "Y_HO2_2", "Y_H2O_2", "Y_H2O2_2", "Y_N2_2"
0  300 0.0282932 0 0.226113 0 3.60432e-14 2.87783e-140 0.000407014 2.87783e-140 0.745187
0.025  300 0.0282756 0 0.22585 0 0 2.0193e-119 0.000695237 2.0193e-119 0.745191
0.05  300 0.0282327 0 0.225232 0 0 2.59512e-100 0.00137605 2.59512e-100 0.74519
0.075  300.001 0.0281494 0 0.224155 0 0 6.10854e-83 0.00257222 6.10854e-83 0.745199
0.1  300.01 0.0279807 0 0.222187 0 -6.03311e-24 2.63353e-67 0.00478219 2.63353e-67 0.745219
0.125  300.076 0.0276408 -1.2786e-24 0.218619 0 4.51165e-24 2.07951e-53 0.00882628 2.07951e-53 0.745226
0.15  300.565 0.0269607 0 0.212214 0 0 3.00751e-41 0.0160696 3.00751e-41 0.744938
0.175  304.166 0.0255753 0 0.200611 0 -5.75685e-24 7.96664e-31 0.0284702 7.96664e-31 0.74181
0.2  330.39 0.0227049 0 0.179358 0 -2.16689e-23 2.70176e-24 0.047619 2.70176e-24 0.724983
0.225  505.187 0.0178654 0 0.143474 0 0 -2.44362e-23 0.075061 -2.44362e-23 0.695012
0.25  1225.99 0.010694 0 0.0817841 0 1.07082e-05 -8.56894e-22 0.116463 3.12261e-23 0.606293
0.275  2065.21 0.00441969 0.00158903 0.0502527 0.00918676 0.0210262 2.40919e-05 0.244141 2.05397e-05 0.76799
0.3  2311.99 0.00384146 0.000986192 0.0382916 0.00641039 0.0215952 1.15441e-05 0.244413 4.84625e-06 0.743094
0.325  2350.79 0.00333034 0.000703977 0.0309407 0.00452883 0.0186485 8.57787e-06 0.2435 2.82606e-06 0.737131
0.35  2356.16 0.00291553 0.000525281 0.0257074 0.0033031 0.0159747 7.10548e-06 0.243087 2.05588e-06 0.739949
0.375  2356.89 0.00255026 0.000395717 0.0216164 0.00244112 0.0137135 6.11997e-06 0.242154 1.5848e-06 0.742627
0.4  2356.98 0.00222143 0.000297276 0.0183022 0.00180895 0.0117889 5.43113e-06 0.241457 1.25744e-06 0.74453
0.425  2357 0.00192244 0.000221406 0.0155702 0.00133734 0.0101352 4.97062e-06 0.241363 1.02208e-06 0.745647
0.45  2357 0.00165255 0.000163533 0.013297 0.000986875 0.00871568 4.68448e-06 0.241788 8.49369e-07 0.746022
0.475  2357 0.00141594 0.000120704 0.0114124 0.000732115 0.0075203 4.52172e-06 0.242499 7.21119e-07 0.745965
0.5  2357 0.00121822 9.03743e-05 0.00988936 0.000553814 0.0065542 4.44159e-06 0.243266 6.27367e-07 0.745742
0.525  2357 0.00106444 7.01352e-05 0.00872584 0.000435832 0.00582567 4.4193e-06 0.243925 5.63199e-07 0.745489
0.55  2357 0.000958595 5.78894e-05 0.00793064 0.000364972 0.00533936 4.44623e-06 0.244387 5.26221e-07 0.745257
0.575  2357 0.000903812 5.21252e-05 0.00751773 0.000331928 0.00509594 4.52668e-06 0.244574 5.15838e-07 0.744956
0.6  2357 0.000903812 5.21252e-05 0.00751773 0.000331928 0.00509594 4.52668e-06 0.244574 5.15838e-07 0.744956
