TITLE="Graphics"
VARIABLES= "x", "T2", "Y_H2_2", 
"Y_H_2", "Y_O2_2", "Y_O_2", "Y_OH_2", "Y_HO2_2", "Y_H2O_2", "Y_H2O2_2", "Y_N2_2"
0  300 0.0282932 0 0.226113 0 3.60432e-14 2.87783e-140 0.000407014 2.87783e-140 0.745187
0.025  300 0.0282747 0 0.225825 0 0 2.0193e-119 0.000718318 2.0193e-119 0.74519
0.05  300 0.0282322 0 0.225204 0 0 2.59512e-100 0.00139602 2.59512e-100 0.745189
0.075  300.001 0.0281487 0 0.224099 0 0 6.10854e-83 0.00260834 6.10854e-83 0.745195
0.1  300.01 0.0279794 0 0.222075 0 -5.1118e-26 2.63353e-67 0.00485123 2.63353e-67 0.745207
0.125  300.076 0.0276386 1.03943e-24 0.218401 0 7.77115e-24 2.07951e-53 0.00895676 2.07951e-53 0.745207
0.15  300.565 0.0269597 0 0.21182 0 0 3.00751e-41 0.0163114 3.00751e-41 0.744979
0.175  304.166 0.0256065 0 0.200111 0 2.88461e-23 7.96664e-31 0.0289304 7.96664e-31 0.742751
0.2  330.39 0.0229394 0 0.179708 0 -6.8015e-23 2.70176e-24 0.0487122 2.70176e-24 0.731559
0.225  505.187 0.018434 0 0.146636 0 0 -2.44362e-23 0.0768205 -2.44362e-23 0.710707
0.25  1225.99 0.011805 0 0.0900538 0 1.11707e-05 -8.97497e-23 0.120734 3.12261e-23 0.655363
0.275  2065.21 0.0043797 0.00160952 0.0484621 0.00917656 0.0205468 2.34037e-05 0.233327 2.04384e-05 0.757652
0.3  2311.99 0.00377442 0.000969181 0.0358232 0.00614716 0.0207049 1.09402e-05 0.2343 4.6652e-06 0.73449
0.325  2350.79 0.00324082 0.000671714 0.0289092 0.0042347 0.0177861 8.29548e-06 0.236889 2.74721e-06 0.734967
0.35  2356.16 0.00277192 0.000479692 0.0239459 0.00298673 0.0150434 7.06707e-06 0.2384 2.0235e-06 0.739071
0.375  2356.89 0.00235271 0.000341496 0.0198641 0.00210429 0.0126456 6.25659e-06 0.238848 1.5652e-06 0.742183
0.4  2356.98 0.00197618 0.000239398 0.0164355 0.00146652 0.0105713 5.72854e-06 0.239434 1.23946e-06 0.744289
0.425  2357 0.00163858 0.000164685 0.0135754 0.0010106 0.0087978 5.41522e-06 0.240521 9.9925e-07 0.745321
0.45  2357 0.00134383 0.000111896 0.0112074 0.000693965 0.00731489 5.20587e-06 0.241882 8.12816e-07 0.74558
0.475  2357 0.00109812 7.63272e-05 0.00929082 0.000482754 0.0061229 4.99505e-06 0.243209 6.63864e-07 0.745519
0.5  2357 0.000904847 5.3475e-05 0.00780868 0.000347643 0.00521319 4.73151e-06 0.24431 5.46416e-07 0.745391
0.525  2357 0.000763692 3.9475e-05 0.00674033 0.000264679 0.00456094 4.43427e-06 0.245118 4.58528e-07 0.745277
0.55  2357 0.000671891 3.15232e-05 0.00605299 0.00021716 0.00413862 4.18066e-06 0.245638 4.00704e-07 0.745183
0.575  2357 0.000626386 2.7926e-05 0.00571333 0.000195543 0.00393057 4.0769e-06 0.245881 3.7617e-07 0.745088
0.6  2357 0.000626386 2.7926e-05 0.00571333 0.000195543 0.00393057 4.0769e-06 0.245881 3.7617e-07 0.745088
