TITLE="Graphics"
VARIABLES= "x", "T2", "Y_H2_2", 
"Y_H_2", "Y_O2_2", "Y_O_2", "Y_OH_2", "Y_HO2_2", "Y_H2O_2", "Y_H2O2_2", "Y_N2_2"
0  300 0.0282932 0 0.226113 0 3.60432e-14 2.87783e-140 0.000407014 2.87783e-140 0.745187
0.025  300 0.0282744 0 0.225818 0 0 2.0193e-119 0.000724961 2.0193e-119 0.745189
0.05  300 0.0282321 0 0.225196 0 0 2.59512e-100 0.00140138 2.59512e-100 0.745189
0.075  300.001 0.0281485 0 0.224083 0 0 6.10854e-83 0.00261817 6.10854e-83 0.745194
0.1  300.01 0.0279791 0 0.222043 0 -5.13988e-24 2.63353e-67 0.0048701 2.63353e-67 0.745204
0.125  300.076 0.0276383 1.33562e-24 0.218339 0 1.29091e-23 2.07951e-53 0.00899258 2.07951e-53 0.745203
0.15  300.565 0.0269602 0 0.21171 0 0 3.00751e-41 0.0163783 3.00751e-41 0.744999
0.175  304.166 0.0256177 0 0.199982 0 4.25324e-23 7.96664e-31 0.0290598 7.96664e-31 0.743066
0.2  330.39 0.0230107 0 0.179819 0 -9.30839e-23 2.70176e-24 0.0490276 2.70176e-24 0.733516
0.225  505.187 0.0186197 0 0.147637 0 0 -2.44362e-23 0.0773791 -2.44362e-23 0.715529
0.25  1225.99 0.0121666 0 0.0928839 0 1.00841e-05 -1.19123e-21 0.121476 3.12261e-23 0.669633
0.275  2065.21 0.00435814 0.00161129 0.0476536 0.00913073 0.0203204 2.30775e-05 0.22934 2.03177e-05 0.753274
0.3  2311.99 0.00374944 0.000959433 0.0349676 0.00603221 0.0203887 1.07651e-05 0.231532 4.6107e-06 0.732804
0.325  2350.79 0.0031963 0.000654907 0.0282361 0.00410904 0.0174596 8.27157e-06 0.235254 2.73926e-06 0.73455
0.35  2356.16 0.00270276 0.0004582 0.0233252 0.00285216 0.0146672 7.14604e-06 0.237316 2.03065e-06 0.73882
0.375  2356.89 0.00226322 0.000318056 0.0191898 0.00196515 0.0122026 6.41234e-06 0.23814 1.57342e-06 0.742108
0.4  2356.98 0.00187083 0.000216428 0.0156966 0.00133355 0.0100748 5.96465e-06 0.239109 1.24627e-06 0.744277
0.425  2357 0.00152322 0.000144174 0.0127959 0.000893899 0.00827679 5.71382e-06 0.240553 1.00119e-06 0.745256
0.45  2357 0.00122621 9.50548e-05 0.0104206 0.000599327 0.00680514 5.50429e-06 0.242163 8.05538e-07 0.745472
0.475  2357 0.000985902 6.33637e-05 0.00853791 0.000410602 0.00565606 5.20808e-06 0.24361 6.45333e-07 0.745416
0.5  2357 0.000803465 4.38123e-05 0.00712751 0.000294061 0.0048038 4.78822e-06 0.244737 5.16293e-07 0.745317
0.525  2357 0.000675105 3.22144e-05 0.00614964 0.000224118 0.00420494 4.30492e-06 0.245527 4.17413e-07 0.745238
0.55  2357 0.000594389 2.57747e-05 0.00554393 0.000184519 0.0038217 3.88646e-06 0.246018 3.50601e-07 0.745177
0.575  2357 0.000555328 2.29007e-05 0.00525279 0.000166595 0.00363408 3.68039e-06 0.246249 3.20223e-07 0.745121
0.6  2357 0.000555328 2.29007e-05 0.00525279 0.000166595 0.00363408 3.68039e-06 0.246249 3.20223e-07 0.745121
