Generated by GetData Graph Digitizer 2.26.0.20 on December 30 2023, 14:27
from file 'C:\Users\Данило\source\repos\0709_gorenie\0709_gorenie\exel\photos\photo_34_2023-12-30_13-23-13.jpg'

 7.94117647058824e+002    4.29894179894180e-004
 8.41830065359477e+002    4.76190476190476e-004
 8.89542483660131e+002    5.22486772486772e-004
 9.36601307189542e+002    5.70105820105820e-004
 9.83660130718954e+002    6.17724867724868e-004
 1.03071895424837e+003    6.66666666666667e-004
 1.07777777777778e+003    7.14285714285714e-004
 1.12418300653595e+003    7.64550264550265e-004
 1.17058823529412e+003    8.17460317460317e-004
 1.21633986928105e+003    8.71693121693122e-004
 1.26209150326797e+003    9.25925925925926e-004
 1.30784313725490e+003    9.80158730158730e-004
 1.35294117647059e+003    1.03571428571429e-003
 1.39738562091503e+003    1.09391534391534e-003
 1.44117647058824e+003    1.15343915343915e-003
 1.48496732026144e+003    1.21164021164021e-003
 1.52875816993464e+003    1.27116402116402e-003
 1.57254901960784e+003    1.33201058201058e-003
 1.61633986928105e+003    1.39285714285714e-003
 1.66013071895425e+003    1.45238095238095e-003
 1.70326797385621e+003    1.51322751322751e-003
 1.74575163398693e+003    1.57804232804233e-003
 1.78758169934641e+003    1.64285714285714e-003
 1.82941176470588e+003    1.70899470899471e-003
 1.87189542483660e+003    1.77380952380952e-003
 1.91437908496732e+003    1.83862433862434e-003
 1.95555555555556e+003    1.90608465608466e-003
 1.99738562091503e+003    1.97222222222222e-003
 2.03921568627451e+003    2.03835978835979e-003
 2.08039215686275e+003    2.10714285714286e-003
 2.12026143790850e+003    2.17857142857143e-003
 2.16013071895425e+003    2.24867724867725e-003
 2.20130718954248e+003    2.31613756613757e-003
 2.24183006535948e+003    2.38492063492063e-003
 2.28235294117647e+003    2.45370370370370e-003
 2.32222222222222e+003    2.52380952380952e-003
 2.36143790849673e+003    2.59656084656085e-003
 2.40130718954248e+003    2.66798941798942e-003
 2.44052287581699e+003    2.73941798941799e-003
 2.47908496732026e+003    2.81216931216931e-003
 2.51699346405229e+003    2.88624338624339e-003
 2.55490196078431e+003    2.96031746031746e-003
 2.59411764705882e+003    3.03306878306878e-003
 2.63333333333333e+003    3.10582010582011e-003
 2.67058823529412e+003    3.18121693121693e-003
 7.45098039215686e+002    3.91534391534392e-004
 6.96732026143791e+002    3.50529100529101e-004
 6.47058823529412e+002    3.09523809523810e-004
 5.97385620915033e+002    2.71164021164021e-004
 5.47712418300654e+002    2.35449735449735e-004
 4.97385620915033e+002    2.01058201058201e-004
 4.47058823529412e+002    1.66666666666667e-004
 3.96078431372549e+002    1.36243386243386e-004
 3.45098039215686e+002    1.07142857142857e-004
 2.83529411764706e+003    3.51190476190476e-003
 2.87189542483660e+003    3.58862433862434e-003
 2.90915032679739e+003    3.66534391534392e-003
 2.94705882352941e+003    3.74074074074074e-003
 2.98235294117647e+003    3.82010582010582e-003
 2.79934640522876e+003    3.43386243386243e-003
 2.76143790849673e+003    3.35978835978836e-003
 2.72287581699346e+003    3.28571428571429e-003
 2.68366013071895e+003    3.21428571428571e-003
