Generated by GetData Graph Digitizer 2.26.0.20 on December 30 2023, 14:29
from file 'C:\Users\Данило\source\repos\0709_gorenie\0709_gorenie\exel\photos\photo_36_2023-12-30_13-23-13.jpg'

 9.12418300653595e+002    2.84992784992785e-004
 9.59477124183006e+002    3.10966810966811e-004
 1.00653594771242e+003    3.36940836940837e-004
 1.05359477124183e+003    3.64357864357864e-004
 1.10000000000000e+003    3.93217893217893e-004
 1.14640522875817e+003    4.21356421356421e-004
 1.19215686274510e+003    4.50216450216450e-004
 1.23725490196078e+003    4.80519480519481e-004
 1.28300653594771e+003    5.10101010101010e-004
 1.32875816993464e+003    5.40404040404040e-004
 1.37320261437908e+003    5.71428571428571e-004
 1.41699346405229e+003    6.03174603174603e-004
 1.46143790849673e+003    6.34920634920635e-004
 1.50522875816993e+003    6.67388167388167e-004
 1.54836601307190e+003    7.00577200577201e-004
 1.59150326797386e+003    7.33766233766234e-004
 1.63529411764706e+003    7.66955266955267e-004
 1.67843137254902e+003    8.00865800865801e-004
 1.72091503267974e+003    8.35497835497836e-004
 1.76339869281046e+003    8.70129870129870e-004
 1.80522875816993e+003    9.05483405483405e-004
 1.84705882352941e+003    9.40836940836941e-004
 1.88888888888889e+003    9.76190476190476e-004
 1.93006535947712e+003    1.01298701298701e-003
 1.97189542483660e+003    1.04978354978355e-003
 2.01372549019608e+003    1.08658008658009e-003
 2.05424836601307e+003    1.12409812409812e-003
 2.09542483660131e+003    1.16017316017316e-003
 2.13660130718954e+003    1.19624819624820e-003
 2.17647058823529e+003    1.23448773448773e-003
 2.21633986928105e+003    1.27344877344877e-003
 2.25620915032680e+003    1.31240981240981e-003
 2.29607843137255e+003    1.35064935064935e-003
 2.33529411764706e+003    1.38961038961039e-003
 2.37450980392157e+003    1.42857142857143e-003
 2.41437908496732e+003    1.46753246753247e-003
 2.45424836601307e+003    1.50649350649351e-003
 2.49281045751634e+003    1.54617604617605e-003
 2.53137254901961e+003    1.58658008658009e-003
 2.56928104575163e+003    1.62698412698413e-003
 2.60653594771242e+003    1.66810966810967e-003
 2.64509803921569e+003    1.70779220779221e-003
 2.68366013071895e+003    1.74747474747475e-003
 2.72156862745098e+003    1.78860028860029e-003
 2.75947712418301e+003    1.82972582972583e-003
 2.79738562091503e+003    1.87085137085137e-003
 2.83398692810458e+003    1.91269841269841e-003
 2.87058823529412e+003    1.95454545454545e-003
 8.64705882352941e+002    2.60461760461760e-004
 8.16993464052288e+002    2.36652236652237e-004
 7.69281045751634e+002    2.12121212121212e-004
 7.20915032679739e+002    1.89033189033189e-004
 6.71241830065359e+002    1.68109668109668e-004
 6.21568627450980e+002    1.47186147186147e-004
 5.72549019607843e+002    1.26984126984127e-004
 5.22222222222222e+002    1.08225108225108e-004
 4.71895424836601e+002    9.01875901875902e-005
 4.21568627450980e+002    7.35930735930736e-005
 3.69934640522876e+002    5.91630591630592e-005
 3.18300653594771e+002    4.54545454545455e-005
 2.94640522875817e+003    2.03896103896104e-003
 2.98235294117647e+003    2.08152958152958e-003
