TITLE="Graphics"
VARIABLES= "x", "T2", "Y_H2_2", 
"Y_H_2", "Y_O2_2", "Y_O_2", "Y_OH_2", "Y_HO2_2", "Y_H2O_2", "Y_H2O2_2", "Y_N2_2"
0  300 -3.53139e-05 1.89993e-11 -1.20142e-05 3.06631e-08 3.12085e-07 1.12576e-06 8.72433e-06 4.5555e-09 2.16608e-07
0.05  300 0.00993648 2.61762e-24 0.0029342 3.35055e-23 0 -1.02399e-20 -2.11822e-19 1.66603e-22 -0.00072554
0.098  300 -0.0190622 -7.34377e-06 -0.00502706 6.26222e-05 0.000430609 0.00206827 0.0212725 2.26924e-05 0.00151492
0.1  300 0.0773113 -0.000858555 0.743923 -0.00372585 -0.0595604 0.0209571 -0.778922 0.00383897 -0.00293236
0.108333  473.77 0.0679973 -0.00279907 0.579253 -0.00563917 -0.0267902 0.0286257 -0.638051 0.00145664 -0.00405296
0.116667  647.541 0.0548365 -0.00240625 0.46077 -0.00460285 -0.00856271 0.0141948 -0.511388 0.00067967 -0.00352119
0.120833  734.425 0.0524543 -0.00185441 0.445184 -0.0034931 -0.00189415 0.0070431 -0.494133 0.000343598 -0.00365032
0.125  821.311 0.0483808 -0.00126917 0.415655 -0.00230577 -0.000165793 0.00452739 -0.461479 0.000228788 -0.0035723
0.127083  864.753 0.0469346 -0.000623554 0.410115 -0.000992799 0.00099455 0.00300481 -0.455869 0.000162935 -0.00372659
0.129167  908.197 0.0449665 0.00022167 0.402019 0.000667337 0.00202903 0.00193857 -0.448029 0.000117631 -0.0039305
0.13125  951.639 0.0422391 0.00130964 0.389533 0.00272697 0.00320135 0.00120373 -0.436047 8.5753e-05 -0.00425215
0.133333  995.08 0.0259104 0.00910537 0.317549 0.0174861 0.0134684 8.08714e-05 -0.377668 3.25349e-05 -0.00596438
0.141667  1168.85 -0.0187964 0.0220523 0.0152003 0.0453223 0.0431817 -0.000138428 -0.100282 1.97502e-05 -0.00655917
0.15  1342.62 -0.12882 0.0517244 -0.859862 0.132985 0.240606 -0.000343837 0.564137 0.000121313 -0.000547959
0.166667  1690.16 -0.0431624 0.0264582 -0.370084 0.0928588 0.303915 -0.000112732 -0.00930861 7.23494e-05 -0.000636319
0.183333  2037.7 0.0551259 0.00653009 0.335154 0.019851 0.0959568 7.52218e-05 -0.516947 6.28248e-06 0.00424804
0.2  2385.24 0.00417982 0.000314994 0.0186323 0.000638417 0.00304741 4.20591e-06 -0.0274043 1.90942e-07 0.000586923
0.25  2385.24 0 0 0 0 0 0 0 0 0
0.3  2385.24 0 0 0 0 0 0 0 0 0
