TITLE="Graphics"
VARIABLES= "x", "T1", "Y_H2_1", 
"Y_H_1", "Y_O2_1", "Y_O_1", "Y_OH_1", "Y_HO2_1", "Y_H2O_1", "Y_H2O2_1", "Y_N2_1"
0  300 0.0554618 0 0.220085 0 0 0 0 0 0.724453
0.05  300.02 0.0554518 1.32716e-27 0.22009 1.27927e-07 0 1.33569e-06 1.19087e-05 6.42461e-07 0.724465
0.098  299.996 0.0554639 6.43062e-11 0.220085 0 5.55754e-07 0 0 0 0.724453
0.1  299.996 0.0554638 6.49453e-11 0.220085 0 5.62036e-07 0 0 0 0.724453
0.108333  300 0.0554625 6.02101e-11 0.220072 0 5.20239e-07 6.74336e-06 8.73928e-06 4.7049e-07 0.724451
0.116667  299.994 0.0554708 4.36057e-11 0.220092 0 3.77763e-07 0 1.58819e-22 0 0.724452
0.120833  300 0.055454 5.17009e-11 0.220086 0 4.27679e-07 7.23274e-07 1.50443e-06 5.61601e-08 0.724459
0.125  299.738 0.0553449 2.12355e-10 0.220162 7.53945e-25 0 1.38966e-22 0 0 0.724541
0.126042  301.811 0.0552307 3.05632e-09 0.22019 0 7.9923e-07 0 0 0 0.724606
0.127083  305.314 0.0550683 1.38238e-08 0.220212 0 3.57682e-06 6.77546e-06 1.66102e-05 5.92995e-07 0.724694
0.127604  307.959 0.0549623 3.17759e-08 0.22021 1.13481e-07 6.03549e-06 2.53608e-05 5.03186e-05 2.61218e-06 0.724745
0.128125  311.356 0.0548372 6.79397e-08 0.220192 2.94751e-07 9.57163e-06 5.28254e-05 0.000102975 5.88731e-06 0.724801
0.128385  313.411 0.0547666 1.00016e-07 0.220173 4.11359e-07 1.19805e-05 7.10015e-05 0.000140119 8.24714e-06 0.72483
0.128646  315.731 0.0546902 1.4539e-07 0.220146 5.48722e-07 1.493e-05 9.24687e-05 0.000186009 1.11895e-05 0.72486
0.128906  318.345 0.0546077 2.09527e-07 0.22011 7.11324e-07 1.85696e-05 0.000117528 0.000242495 1.48304e-05 0.72489
0.129167  321.285 0.0545189 2.99841e-07 0.220062 9.04914e-07 2.30928e-05 0.000146407 0.000311734 1.92989e-05 0.72492
0.129427  324.584 0.0544234 4.26314e-07 0.219999 1.13685e-06 2.87469e-05 0.000179209 0.000396209 2.47343e-05 0.724949
0.129688  328.277 0.0543209 6.0225e-07 0.21992 1.41652e-06 3.58443e-05 0.000215876 0.000498754 3.12835e-05 0.724977
0.129948  332.399 0.0542114 8.45165e-07 0.219822 1.75576e-06 4.47721e-05 0.000256133 0.000622538 3.90967e-05 0.725004
0.130208  336.985 0.0540944 1.17782e-06 0.219701 2.16933e-06 5.59997e-05 0.00029946 0.00077105 4.8321e-05 0.725028
0.130469  342.07 0.0539699 1.62936e-06 0.219555 2.67527e-06 7.00813e-05 0.000345069 0.000948054 5.90945e-05 0.72505
0.130729  347.684 0.0538378 2.23654e-06 0.21938 3.29512e-06 8.76502e-05 0.000391918 0.00115752 7.15377e-05 0.72507
0.13099  353.855 0.0536981 3.04493e-06 0.219173 4.05395e-06 0.000109402 0.000438764 0.00140355 8.5744e-05 0.725086
0.13125  360.607 0.0535507 4.10999e-06 0.218931 4.97989e-06 0.000136064 0.000484236 0.00169025 0.000101768 0.725099
0.13151  367.956 0.0533957 5.49792e-06 0.21865 6.10319e-06 0.000168345 0.000526954 0.00202164 0.000119614 0.725108
0.131771  375.91 0.0532333 7.28607e-06 0.218327 7.45472e-06 0.000206879 0.000565648 0.00240156 0.000139217 0.725113
0.132031  384.47 0.0530636 9.56282e-06 0.217959 9.06383e-06 0.000252148 0.000599271 0.00283354 0.000160431 0.725115
0.132292  393.628 0.0528868 1.24268e-05 0.217543 1.09559e-05 0.000304401 0.000627093 0.00332077 0.000183015 0.725114
0.132552  403.367 0.0527032 1.59853e-05 0.217075 1.31498e-05 0.000363589 0.000648736 0.00386606 0.000206629 0.725109
0.132812  413.663 0.052513 2.0352e-05 0.216555 1.56555e-05 0.000429295 0.00066417 0.00447178 0.000230832 0.725102
0.133073  424.483 0.0523164 2.56444e-05 0.21598 1.84726e-05 0.0005007 0.000673666 0.00513989 0.000255102 0.725092
0.133333  435.789 0.0521139 3.19802e-05 0.21535 2.15906e-05 0.000576569 0.000677698 0.00587195 0.000278859 0.725079
0.134375  485.235 0.0512487 6.84496e-05 0.212299 3.67551e-05 0.000906715 0.000646613 0.00941689 0.00036292 0.725015
0.135417  538.926 0.0503082 0.000128368 0.208445 5.39703e-05 0.00118457 0.000585988 0.0139698 0.000397907 0.724928
0.136458  594.274 0.0493084 0.000213053 0.203983 7.27158e-05 0.00133443 0.000517402 0.0193794 0.000379881 0.724813
0.1375  649.433 0.0482633 0.000320501 0.199113 9.69255e-05 0.00135183 0.000450895 0.0254172 0.000325439 0.724662
0.138542  703.33 0.0471835 0.000447425 0.19396 0.000134207 0.00128271 0.000391055 0.0318771 0.000255449 0.724471
0.139583  755.477 0.0460752 0.000590915 0.188557 0.000193206 0.00118089 0.000339394 0.0386427 0.00018612 0.724236
0.140625  805.737 0.0449413 0.000748961 0.182868 0.000281118 0.00108476 0.000295697 0.0456931 0.000126927 0.723961
0.141667  854.144 0.0437833 0.000920238 0.176814 0.000402146 0.0010149 0.000258977 0.0530742 8.15333e-05 0.723652
0.142708  900.787 0.0426028 0.00110366 0.170299 0.000556854 0.000979836 0.000228038 0.0608611 4.96475e-05 0.723321
0.14375  945.75 0.0414028 0.00129802 0.163237 0.000742198 0.000981572 0.000201748 0.0691267 2.88949e-05 0.722983
0.144792  989.078 0.0401881 0.00150168 0.155568 0.000951928 0.00101891 0.00017914 0.0779185 1.62791e-05 0.722659
0.145833  1030.77 0.0389658 0.00171253 0.147277 0.00117724 0.00108889 0.000159429 0.0872437 9.06699e-06 0.722368
0.146875  1070.8 0.037745 0.00192791 0.138396 0.00140757 0.00118723 0.000142004 0.0970626 5.16423e-06 0.722128
0.147917  1109.08 0.0365367 0.00214472 0.129011 0.00163147 0.00130861 0.000126405 0.107288 3.14998e-06 0.721951
0.148958  1145.54 0.0353527 0.00235959 0.119252 0.00183763 0.00144678 0.000112302 0.117793 2.14727e-06 0.721845
0.15  1180.1 0.0342053 0.00256907 0.109284 0.00201575 0.00159488 9.9464e-05 0.12842 1.65204e-06 0.721811
0.152083  1243.4 0.0320533 0.00296275 0.0892545 0.00226351 0.00189904 7.6925e-05 0.149555 1.32214e-06 0.721936
0.154167  1298.54 0.0301746 0.00329975 0.0705513 0.00233876 0.00217253 5.83051e-05 0.169167 1.20269e-06 0.722238
0.15625  1345.81 0.0286127 0.00356783 0.0542074 0.0022592 0.00239148 4.33005e-05 0.186299 1.12359e-06 0.72262
0.158333  1385.91 0.0273729 0.00376478 0.0406996 0.00207207 0.00255208 3.15786e-05 0.200507 1.05119e-06 0.723001
0.160417  1419.81 0.02643 0.00389607 0.0300244 0.00183225 0.00266375 2.26971e-05 0.211794 9.83878e-07 0.723338
0.1625  1448.56 0.0257413 0.00397153 0.0218759 0.00158536 0.00274068 1.61446e-05 0.220456 9.24964e-07 0.723613
0.164583  1473.14 0.0252578 0.0040025 0.015817 0.00136066 0.00279584 1.14134e-05 0.226928 8.76418e-07 0.723827
0.166667  1494.39 0.024933 0.00399983 0.0113981 0.0011718 0.00283861 8.05315e-06 0.231663 8.38229e-07 0.723988
0.16875  1513.02 0.0247265 0.00397293 0.00821976 0.00102126 0.00287462 5.69491e-06 0.235074 8.09085e-07 0.724106
0.170833  1529.57 0.0246056 0.00392936 0.00595582 0.000905322 0.0029067 4.05333e-06 0.237503 7.87145e-07 0.724191
0.172917  1544.48 0.0245453 0.00387488 0.00435362 0.000817744 0.00293602 2.91633e-06 0.239218 7.70551e-07 0.724253
0.175  1558.04 0.0245268 0.00381376 0.00322421 0.000752024 0.00296285 2.13074e-06 0.240422 7.57695e-07 0.724297
0.177083  1570.52 0.0245368 0.00374903 0.0024296 0.000702477 0.00298716 1.58805e-06 0.241266 7.47305e-07 0.724328
0.179167  1582.09 0.0245654 0.00368279 0.00187062 0.000664578 0.00300884 1.2125e-06 0.241857 7.38442e-07 0.72435
0.18125  1592.89 0.0246061 0.00361647 0.00147679 0.000634924 0.00302783 9.51655e-07 0.242272 7.30446e-07 0.724366
0.183333  1603.03 0.0246541 0.003551 0.00119844 0.000611052 0.00304415 7.69437e-07 0.242564 7.22875e-07 0.724377
0.185417  1612.58 0.0247063 0.00348696 0.00100071 0.000591223 0.00305789 6.41134e-07 0.242772 7.15446e-07 0.724385
0.1875  1621.62 0.0247604 0.00342471 0.000859247 0.000574231 0.00306918 5.49848e-07 0.242921 7.0799e-07 0.724391
0.189583  1630.21 0.0248152 0.00336443 0.000757058 0.000559248 0.0030782 4.8403e-07 0.243031 7.00411e-07 0.724396
0.191667  1638.38 0.0248696 0.0033062 0.000682309 0.000545709 0.00308511 4.35787e-07 0.243113 6.92665e-07 0.724399
0.19375  1646.17 0.0249231 0.00325004 0.000626752 0.00053323 0.0030901 3.99715e-07 0.243176 6.84739e-07 0.724401
0.195833  1653.62 0.0249753 0.00319592 0.000584617 0.000521551 0.00309334 3.72097e-07 0.243227 6.76641e-07 0.724403
0.197917  1660.74 0.0250259 0.00314377 0.000551806 0.000510491 0.00309501 3.50337e-07 0.243269 6.68388e-07 0.724405
0.2  1667.58 0.0250749 0.00309352 0.000525249 0.00049992 0.00309526 3.32533e-07 0.243306 6.60011e-07 0.724406
0.2125  1703 0.0253342 0.00282959 0.000439518 0.000444529 0.00307304 2.71881e-07 0.243471 6.08777e-07 0.724409
0.225  1731.79 0.0255453 0.0026131 0.00038534 0.000397912 0.00302559 2.33566e-07 0.243623 5.58268e-07 0.724411
0.2375  1755.78 0.0257205 0.0024317 0.000343304 0.000358275 0.00296461 2.04649e-07 0.24377 5.10894e-07 0.724412
0.25  1776.14 0.0258686 0.002277 0.000308492 0.000324365 0.0028968 1.81417e-07 0.243913 4.67581e-07 0.724413
0.2625  1793.68 0.0259958 0.00214316 0.000279005 0.00029517 0.00282605 1.62247e-07 0.244048 4.28492e-07 0.724414
0.275  1808.99 0.0261064 0.00202595 0.00025374 0.000269871 0.0027547 1.46169e-07 0.244176 3.9344e-07 0.724415
0.2875  1822.49 0.0262038 0.00192229 0.000231906 0.000247806 0.00268413 1.3252e-07 0.244296 3.62088e-07 0.724415
0.3  1834.49 0.0262902 0.00182981 0.000212898 0.000228444 0.00261519 1.20813e-07 0.244409 3.34058e-07 0.724415
0.315  1847.27 0.0263819 0.00173117 0.000193175 0.000208199 0.00253533 1.08833e-07 0.244536 3.04312e-07 0.724416
0.33  1858.58 0.026463 0.00164359 0.000176187 0.000190634 0.00245889 9.86482e-08 0.244653 2.78205e-07 0.724416
0.345  1868.67 0.0265353 0.00156519 0.000161439 0.000175288 0.00238602 8.99056e-08 0.244762 2.55217e-07 0.724416
0.36  1877.75 0.0266002 0.00149453 0.000148545 0.000161787 0.00231666 8.23374e-08 0.244863 2.34897e-07 0.724416
0.396  1896.07 0.0267312 0.00135136 0.000123666 0.000135524 0.00216541 6.7934e-08 0.245077 1.95222e-07 0.724417
0.432  1910.93 0.0268373 0.00123476 0.000104722 0.000115346 0.00203154 5.71497e-08 0.245261 1.64737e-07 0.724417
0.4752  1925.45 0.0269407 0.00112056 8.74187e-05 9.67626e-05 0.00189103 4.7441e-08 0.245448 1.36782e-07 0.724417
0.5184  1937.34 0.0270254 0.00102667 7.41828e-05 8.24415e-05 0.00176844 4.01101e-08 0.245607 1.15401e-07 0.724417
0.57024  1949.06 0.0271088 0.000933966 6.2036e-05 6.92147e-05 0.00164114 3.34578e-08 0.245769 9.58355e-08 0.724417
0.62208  1958.71 0.0271774 0.000857341 5.27291e-05 5.90099e-05 0.00153114 2.84099e-08 0.245907 8.09044e-08 0.724417
0.746496  1975.74 0.0272993 0.000720496 3.78017e-05 4.25271e-05 0.00132353 2.04105e-08 0.246161 5.72129e-08 0.724417
0.895795  1990.24 0.0274014 0.000606037 2.70739e-05 3.06028e-05 0.00113987 1.47257e-08 0.246379 4.04071e-08 0.724418
1.07495  2001.76 0.0274849 0.000511052 1.94334e-05 2.20491e-05 0.000979135 1.07092e-08 0.246568 2.86818e-08 0.724417
1.28995  2012.47 0.027559 0.000428382 1.37745e-05 1.56828e-05 0.000834836 7.73432e-09 0.246732 2.00672e-08 0.724418
1.54793  2019.45 0.0276113 0.000367687 1.01996e-05 1.16425e-05 0.000724426 5.85158e-09 0.246859 1.47618e-08 0.724418
1.85752  2029.25 0.0276787 0.000292546 6.51084e-06 7.45128e-06 0.000585263 3.88549e-09 0.247014 9.29511e-09 0.724418
2.22903  2029.25 0.0276787 0.000292546 6.51084e-06 7.45128e-06 0.000585263 3.88549e-09 0.247014 9.29511e-09 0.724418
