TITLE="Graphics"
VARIABLES= "x", "T1", "Y_H2_1", 
"Y_H_1", "Y_O2_1", "Y_O_1", "Y_OH_1", "Y_HO2_1", "Y_H2O_1", "Y_H2O2_1", "Y_N2_1"
0  500 0.0421812 0 0.223179 0 0 0 0 0 0.734639
0.0125  500 0.0421812 9.22314e-17 0.223179 3.86875e-14 1.61168e-15 1.28102e-08 2.57519e-12 8.01609e-14 0.734639
0.025  500 0.0421812 -1.20368e-16 0.223179 -5.34792e-14 -2.22804e-15 -5.21074e-09 -1.25932e-12 3.90227e-14 0.734639
0.0375  500 0.0421812 3.22097e-16 0.223179 1.39496e-13 5.81426e-15 2.01403e-08 4.45342e-12 1.07489e-13 0.734639
0.05  500 0.0421813 -6.46357e-16 0.223179 -2.83522e-13 -1.18077e-14 -1.55226e-08 -4.01283e-12 1.86123e-13 0.734639
0.062  500 0.0421812 1.27976e-15 0.223179 5.66146e-13 2.36413e-14 3.0991e-08 7.57498e-12 1.77571e-13 0.734639
0.074  500 0.0421813 -2.96144e-15 0.223179 -1.28711e-12 -5.41494e-14 -3.53988e-08 -9.7035e-12 5.87917e-13 0.734639
0.086  500.001 0.042181 1.70498e-14 0.223179 2.78826e-12 1.2708e-13 5.93576e-08 1.57317e-11 5.11999e-13 0.734639
0.098  499.999 0.042182 -3.42574e-12 0.223179 -6.15064e-12 -4.52216e-13 -7.58769e-08 -2.08869e-11 2.0729e-12 0.734639
0.099  499.999 0.0421819 4.68322e-11 0.223179 -5.61484e-12 -2.5949e-13 -7.24851e-08 -2.01171e-11 2.1382e-12 0.734639
0.1  499.999 0.0421818 1.17029e-10 0.223179 -4.76752e-12 1.32659e-13 -6.59064e-08 -1.81234e-11 2.18827e-12 0.734639
0.102083  500 0.0421813 3.877e-10 0.223179 -1.37735e-12 2.86229e-12 -3.75761e-08 -5.76283e-12 2.22949e-12 0.734639
0.104167  500.001 0.0421803 1.1831e-09 0.22318 9.44889e-12 2.76054e-11 4.88464e-08 9.57944e-11 2.31142e-12 0.73464
0.10625  500.007 0.0421783 3.56493e-09 0.22318 4.68374e-11 2.32274e-10 3.09167e-07 8.81377e-10 5.25343e-12 0.734641
0.108333  500.022 0.0421743 1.0716e-08 0.223181 1.84555e-10 1.85262e-09 1.09093e-06 6.73251e-09 4.14936e-11 0.734644
0.110417  500.069 0.0421662 3.21694e-08 0.223181 7.23711e-10 1.41638e-08 3.43075e-06 4.88027e-08 3.98972e-10 0.734649
0.1125  500.205 0.0421498 9.63391e-08 0.22318 2.96084e-09 1.0286e-07 1.03723e-05 3.40208e-07 3.66534e-09 0.734659
0.114583  500.606 0.0421169 2.87021e-07 0.223171 1.27734e-08 6.93387e-07 3.04436e-05 2.28084e-06 3.18437e-08 0.734678
0.116667  501.77 0.0420514 8.46736e-07 0.223133 5.83869e-08 4.16266e-06 8.42116e-05 1.47081e-05 2.49122e-07 0.734711
0.117188  502.398 0.0420254 1.15217e-06 0.223108 9.81836e-08 7.10943e-06 0.000108073 2.80108e-05 5.10456e-07 0.734722
0.117708  503.193 0.041995 1.5441e-06 0.223075 1.54144e-07 1.12275e-05 0.000136248 4.69203e-05 8.85712e-07 0.734733
0.117969  503.669 0.0419778 1.78243e-06 0.223055 1.90784e-07 1.38887e-05 0.000151928 5.92449e-05 1.1309e-06 0.734739
0.118229  504.203 0.0419593 2.053e-06 0.223032 2.3431e-07 1.70151e-05 0.000168628 7.37901e-05 1.4202e-06 0.734746
0.11849  504.801 0.0419393 2.36037e-06 0.223006 2.86051e-07 2.06776e-05 0.000186289 9.09059e-05 1.75992e-06 0.734752
0.11875  505.47 0.0419178 2.70972e-06 0.222977 3.47576e-07 2.49536e-05 0.000204826 0.000110987 2.15699e-06 0.734759
0.11901  506.217 0.0418945 3.10694e-06 0.222945 4.2074e-07 2.99275e-05 0.00022413 0.000134479 2.61894e-06 0.734766
0.119141  506.624 0.0418822 3.32602e-06 0.222927 4.62506e-07 3.27102e-05 0.000234019 0.00014769 2.87732e-06 0.73477
0.119271  507.052 0.0418695 3.55966e-06 0.222908 5.08031e-07 3.5702e-05 0.000244047 0.000161945 3.15505e-06 0.734773
0.119401  507.505 0.0418563 3.80885e-06 0.222889 5.57645e-07 3.89151e-05 0.000254193 0.000177314 3.45323e-06 0.734777
0.119531  507.982 0.0418425 4.07462e-06 0.222868 6.11702e-07 4.23621e-05 0.000264435 0.000193872 3.77303e-06 0.734781
0.119661  508.485 0.0418283 4.3581e-06 0.222846 6.70585e-07 4.6056e-05 0.000274749 0.000211696 4.11563e-06 0.734784
0.119792  509.015 0.0418136 4.66046e-06 0.222822 7.34702e-07 5.00098e-05 0.000285111 0.000230868 4.48229e-06 0.734788
0.119922  509.574 0.0417983 4.98296e-06 0.222798 8.04492e-07 5.4237e-05 0.000295495 0.000251474 4.87426e-06 0.734792
0.120052  510.162 0.0417825 5.32693e-06 0.222772 8.80424e-07 5.8751e-05 0.000305874 0.000273601 5.29285e-06 0.734796
0.120182  510.781 0.0417661 5.69381e-06 0.222745 9.62997e-07 6.35656e-05 0.000316221 0.000297344 5.73941e-06 0.7348
0.120312  511.432 0.0417491 6.08509e-06 0.222716 1.05274e-06 6.86944e-05 0.000326508 0.000322798 6.21532e-06 0.734803
0.120443  512.116 0.0417315 6.50237e-06 0.222686 1.15023e-06 7.41512e-05 0.000336705 0.000350065 6.72198e-06 0.734807
0.120573  512.835 0.0417133 6.94735e-06 0.222654 1.25605e-06 7.99496e-05 0.000346785 0.00037925 7.26084e-06 0.734811
0.120703  513.59 0.0416945 7.42182e-06 0.222621 1.37085e-06 8.61032e-05 0.000356718 0.000410459 7.83334e-06 0.734815
0.120833  514.383 0.041675 7.92769e-06 0.222585 1.49527e-06 9.26252e-05 0.000366476 0.000443806 8.44097e-06 0.734819
0.120964  515.215 0.0416549 8.46696e-06 0.222548 1.63004e-06 9.95288e-05 0.000376032 0.000479406 9.08523e-06 0.734823
0.121094  516.087 0.041634 9.04176e-06 0.222509 1.77587e-06 0.000106826 0.000385358 0.000517379 9.76761e-06 0.734827
0.121224  517 0.0416125 9.65431e-06 0.222468 1.93353e-06 0.00011453 0.000394428 0.000557847 1.04896e-05 0.734831
0.121354  517.957 0.0415903 1.0307e-05 0.222425 2.10382e-06 0.000122651 0.000403218 0.000600937 1.12527e-05 0.734835
0.121484  518.958 0.0415673 1.10022e-05 0.222379 2.28755e-06 0.000131201 0.000411704 0.000646778 1.20584e-05 0.734839
0.121615  520.005 0.0415436 1.17427e-05 0.222331 2.48559e-06 0.000140189 0.000419864 0.000695503 1.2908e-05 0.734843
0.121745  521.099 0.041519 1.2531e-05 0.222281 2.69882e-06 0.000149624 0.000427678 0.000747248 1.3803e-05 0.734846
0.121875  522.242 0.0414938 1.33702e-05 0.222228 2.92812e-06 0.000159515 0.00043513 0.000802153 1.47447e-05 0.73485
0.122005  523.435 0.0414677 1.42632e-05 0.222173 3.17442e-06 0.000169868 0.000442202 0.000860358 1.57343e-05 0.734854
0.122135  524.679 0.0414408 1.52131e-05 0.222114 3.43865e-06 0.000180689 0.000448883 0.000922008 1.67729e-05 0.734858
0.122266  525.976 0.041413 1.62232e-05 0.222053 3.72177e-06 0.000191983 0.000455161 0.000987249 1.78615e-05 0.734862
0.122396  527.328 0.0413844 1.72969e-05 0.221989 4.02472e-06 0.000203753 0.000461027 0.00105623 1.9001e-05 0.734866
0.122526  528.735 0.0413549 1.84377e-05 0.221921 4.34847e-06 0.000215999 0.000466477 0.00112911 2.0192e-05 0.734869
0.122656  530.198 0.0413246 1.96495e-05 0.22185 4.69398e-06 0.000228723 0.000471505 0.00120602 2.14351e-05 0.734873
0.122786  531.719 0.0412933 2.09359e-05 0.221776 5.0622e-06 0.000241921 0.000476111 0.00128714 2.27305e-05 0.734877
0.122917  533.3 0.0412611 2.23009e-05 0.221698 5.45407e-06 0.000255591 0.000480296 0.00137261 2.40783e-05 0.734881
0.123047  534.94 0.041228 2.37486e-05 0.221616 5.87053e-06 0.000269726 0.000484063 0.00146258 2.54782e-05 0.734884
0.123177  536.642 0.0411939 2.52833e-05 0.221531 6.31249e-06 0.00028432 0.000487417 0.00155723 2.69298e-05 0.734888
0.123307  538.406 0.0411589 2.69093e-05 0.221441 6.78084e-06 0.000299363 0.000490366 0.00165669 2.84321e-05 0.734891
0.123437  540.233 0.0411229 2.8631e-05 0.221348 7.27645e-06 0.000314843 0.000492917 0.00176114 2.9984e-05 0.734895
0.123568  542.125 0.0410859 3.0453e-05 0.22125 7.80015e-06 0.000330748 0.000495082 0.00187072 3.15841e-05 0.734898
0.123698  544.081 0.0410478 3.238e-05 0.221147 8.35277e-06 0.000347063 0.000496872 0.0019856 3.32303e-05 0.734902
0.123828  546.104 0.0410088 3.44168e-05 0.22104 8.93507e-06 0.000363769 0.0004983 0.00210592 3.49206e-05 0.734905
0.123958  548.192 0.0409687 3.65683e-05 0.220928 9.5478e-06 0.000380848 0.000499378 0.00223184 3.66522e-05 0.734908
0.124089  550.348 0.0409276 3.88395e-05 0.220812 1.01917e-05 0.000398278 0.000500121 0.00236351 3.84221e-05 0.734911
0.124219  552.572 0.0408854 4.12353e-05 0.22069 1.08674e-05 0.000416036 0.000500543 0.00250108 4.02268e-05 0.734915
0.124349  554.864 0.0408422 4.3761e-05 0.220563 1.15756e-05 0.000434097 0.000500659 0.00264469 4.20626e-05 0.734918
0.124479  557.224 0.0407979 4.64217e-05 0.220431 1.2317e-05 0.000452434 0.000500484 0.00279449 4.39252e-05 0.734921
0.124609  559.653 0.0407525 4.92226e-05 0.220294 1.30921e-05 0.000471018 0.000500032 0.00295061 4.581e-05 0.734924
0.12474  562.151 0.0407059 5.2169e-05 0.220151 1.39016e-05 0.000489821 0.000499318 0.00311319 4.77122e-05 0.734927
0.12487  564.719 0.0406583 5.52661e-05 0.220003 1.47461e-05 0.000508809 0.000498355 0.00328236 4.96264e-05 0.734929
0.125  567.355 0.0406096 5.85194e-05 0.219849 1.56263e-05 0.000527949 0.000497159 0.00345824 5.15471e-05 0.734932
0.125065  568.699 0.0405848 6.02067e-05 0.21977 1.608e-05 0.000537564 0.000496477 0.00354875 5.25076e-05 0.734934
0.12513  570.061 0.0405597 6.19349e-05 0.21969 1.65429e-05 0.000547204 0.000495742 0.00364098 5.34676e-05 0.734935
0.125195  571.44 0.0405343 6.37048e-05 0.219608 1.7015e-05 0.000556865 0.000494955 0.00373494 5.44262e-05 0.734936
0.12526  572.836 0.0405087 6.55171e-05 0.219524 1.74965e-05 0.000566542 0.000494117 0.00383066 5.53827e-05 0.734937
0.125326  574.249 0.0404827 6.73723e-05 0.219439 1.79874e-05 0.000576231 0.00049323 0.00392814 5.63363e-05 0.734939
0.125391  575.68 0.0404565 6.92712e-05 0.219353 1.84879e-05 0.000585927 0.000492295 0.00402739 5.72861e-05 0.73494
0.125456  577.127 0.04043 7.12145e-05 0.219265 1.8998e-05 0.000595625 0.000491314 0.00412843 5.82314e-05 0.734941
0.125521  578.592 0.0404032 7.32026e-05 0.219176 1.95179e-05 0.000605321 0.000490288 0.00423127 5.91713e-05 0.734942
0.125586  580.074 0.0403762 7.52364e-05 0.219085 2.00477e-05 0.00061501 0.000489218 0.00433592 6.0105e-05 0.734944
0.125651  581.573 0.0403488 7.73165e-05 0.218992 2.05875e-05 0.000624688 0.000488106 0.00444239 6.10318e-05 0.734945
0.125716  583.089 0.0403211 7.94434e-05 0.218898 2.11374e-05 0.000634348 0.000486952 0.0045507 6.19507e-05 0.734946
0.125781  584.621 0.0402932 8.16179e-05 0.218803 2.16976e-05 0.000643988 0.000485759 0.00466084 6.28609e-05 0.734947
0.125846  586.171 0.0402649 8.38405e-05 0.218706 2.22682e-05 0.000653601 0.000484527 0.00477284 6.37617e-05 0.734948
0.125911  587.737 0.0402364 8.61119e-05 0.218608 2.28494e-05 0.000663183 0.000483257 0.0048867 6.46521e-05 0.734949
0.125977  589.32 0.0402076 8.84328e-05 0.218508 2.34414e-05 0.00067273 0.000481951 0.00500242 6.55314e-05 0.73495
0.126042  590.919 0.0401785 9.08037e-05 0.218406 2.40443e-05 0.000682236 0.000480609 0.00512002 6.63988e-05 0.734951
0.126107  592.535 0.0401491 9.32252e-05 0.218303 2.46584e-05 0.000691697 0.000479233 0.00523951 6.72534e-05 0.734952
0.126172  594.167 0.0401194 9.5698e-05 0.218198 2.52838e-05 0.000701108 0.000477823 0.00536089 6.80944e-05 0.734953
0.126237  595.816 0.0400894 9.82226e-05 0.218092 2.59208e-05 0.000710465 0.000476381 0.00548416 6.8921e-05 0.734954
0.126302  597.48 0.0400591 0.0001008 0.217985 2.65695e-05 0.000719762 0.000474907 0.00560934 6.97325e-05 0.734955
0.126367  599.161 0.0400285 0.00010343 0.217875 2.72304e-05 0.000728996 0.000473403 0.00573643 7.0528e-05 0.734956
0.126432  600.858 0.0399976 0.000106113 0.217765 2.79035e-05 0.000738161 0.000471869 0.00586543 7.13069e-05 0.734957
0.126497  602.571 0.0399665 0.000108851 0.217652 2.85892e-05 0.000747254 0.000470306 0.00599635 7.20683e-05 0.734958
0.126562  604.299 0.039935 0.000111644 0.217539 2.92878e-05 0.00075627 0.000468715 0.00612918 7.28116e-05 0.734959
0.126628  606.043 0.0399033 0.000114492 0.217423 2.99996e-05 0.000765204 0.000467097 0.00626395 7.35361e-05 0.734959
0.126693  607.802 0.0398712 0.000117396 0.217306 3.07249e-05 0.000774052 0.000465453 0.00640064 7.42409e-05 0.73496
0.126758  609.577 0.0398389 0.000120356 0.217188 3.14641e-05 0.000782811 0.000463783 0.00653926 7.49256e-05 0.734961
0.126823  611.367 0.0398062 0.000123373 0.217068 3.22176e-05 0.000791476 0.000462088 0.00667981 7.55894e-05 0.734961
0.126888  613.172 0.0397733 0.000126447 0.216946 3.29857e-05 0.000800043 0.000460369 0.00682229 7.62317e-05 0.734962
0.126953  614.992 0.0397401 0.000129579 0.216823 3.3769e-05 0.000808508 0.000458627 0.0069667 7.68519e-05 0.734963
0.127018  616.826 0.0397065 0.00013277 0.216699 3.45677e-05 0.000816867 0.000456862 0.00711305 7.74495e-05 0.734963
0.127083  618.676 0.0396727 0.00013602 0.216572 3.53824e-05 0.000825118 0.000455076 0.00726133 7.80238e-05 0.734964
0.127148  620.54 0.0396386 0.000139329 0.216445 3.62137e-05 0.000833256 0.000453268 0.00741155 7.85744e-05 0.734964
0.127214  622.418 0.0396042 0.000142698 0.216316 3.70619e-05 0.000841278 0.00045144 0.0075637 7.91007e-05 0.734965
0.127279  624.311 0.0395695 0.000146127 0.216185 3.79277e-05 0.000849181 0.000449592 0.00771778 7.96024e-05 0.734965
0.127344  626.217 0.0395345 0.000149617 0.216053 3.88116e-05 0.000856961 0.000447725 0.00787379 8.00789e-05 0.734966
0.127409  628.138 0.0394992 0.000153169 0.215919 3.97141e-05 0.000864616 0.000445839 0.00803172 8.05298e-05 0.734966
0.127474  630.072 0.0394636 0.000156782 0.215784 4.0636e-05 0.000872143 0.000443936 0.00819157 8.09547e-05 0.734966
0.127539  632.019 0.0394277 0.000160457 0.215647 4.15778e-05 0.000879539 0.000442015 0.00835334 8.13534e-05 0.734967
0.127604  633.98 0.0393915 0.000164195 0.215509 4.25403e-05 0.000886801 0.000440078 0.00851703 8.17254e-05 0.734967
0.127669  635.955 0.039355 0.000167995 0.21537 4.35241e-05 0.000893927 0.000438125 0.00868262 8.20705e-05 0.734967
0.127734  637.942 0.0393183 0.000171859 0.215228 4.453e-05 0.000900915 0.000436157 0.00885012 8.23884e-05 0.734967
0.127799  639.942 0.0392812 0.000175787 0.215086 4.55588e-05 0.000907762 0.000434174 0.00901952 8.26789e-05 0.734967
0.127865  641.955 0.0392438 0.000179778 0.214942 4.66112e-05 0.000914467 0.000432177 0.00919081 8.29418e-05 0.734967
0.127995  646.019 0.0391682 0.000187954 0.21465 4.87893e-05 0.000927446 0.000428143 0.00953905 8.33844e-05 0.734967
0.128125  650.131 0.0390915 0.000196391 0.214352 5.10725e-05 0.000939836 0.00042406 0.00989481 8.37148e-05 0.734967
0.128385  658.498 0.0389344 0.00021405 0.213738 5.59755e-05 0.000962825 0.000415762 0.0106286 8.4039e-05 0.734966
0.128646  667.043 0.0387727 0.000232781 0.213103 6.13955e-05 0.00098338 0.000407324 0.0113917 8.39154e-05 0.734964
0.128776  671.379 0.03869 0.000242556 0.212777 6.43284e-05 0.000992743 0.000403065 0.0117841 8.36889e-05 0.734962
0.128906  675.755 0.0386063 0.000252606 0.212446 6.742e-05 0.0010015 0.000398784 0.0121837 8.33547e-05 0.734961
0.129036  680.171 0.0385213 0.000262931 0.212109 7.0681e-05 0.00100966 0.000394484 0.0125903 8.2915e-05 0.734958
0.129102  682.393 0.0384784 0.000268197 0.211939 7.23794e-05 0.00101352 0.000392329 0.0127963 8.26566e-05 0.734957
0.129167  684.624 0.0384352 0.000273534 0.211767 7.41246e-05 0.00101723 0.000390171 0.013004 8.23728e-05 0.734956
0.129232  686.865 0.0383917 0.00027894 0.211594 7.59179e-05 0.00102079 0.00038801 0.0132134 8.20641e-05 0.734955
0.129297  689.114 0.0383479 0.000284416 0.21142 7.77609e-05 0.00102421 0.000385847 0.0134246 8.17309e-05 0.734953
0.129362  691.372 0.0383038 0.000289962 0.211245 7.96554e-05 0.00102749 0.000383683 0.0136375 8.13736e-05 0.734952
0.129427  693.639 0.0382595 0.000295578 0.211068 8.16028e-05 0.00103063 0.000381517 0.0138521 8.09925e-05 0.73495
0.129492  695.914 0.0382148 0.000301265 0.21089 8.36049e-05 0.00103364 0.000379351 0.0140685 8.05883e-05 0.734949
0.129557  698.198 0.0381699 0.000307023 0.21071 8.56633e-05 0.0010365 0.000377185 0.0142865 8.01613e-05 0.734947
0.129622  700.489 0.0381247 0.000312851 0.21053 8.77797e-05 0.00103923 0.000375018 0.0145062 7.97121e-05 0.734945
0.129688  702.789 0.0380791 0.00031875 0.210348 8.99559e-05 0.00104183 0.000372853 0.0147276 7.92412e-05 0.734943
0.129753  705.097 0.0380333 0.000324721 0.210164 9.21937e-05 0.0010443 0.000370688 0.0149507 7.87491e-05 0.734941
0.129818  707.412 0.0379872 0.000330762 0.20998 9.44949e-05 0.00104664 0.000368525 0.0151755 7.82363e-05 0.734939
0.129883  709.735 0.0379408 0.000336875 0.209794 9.68613e-05 0.00104886 0.000366363 0.0154019 7.77035e-05 0.734936
0.129948  712.065 0.0378942 0.00034306 0.209607 9.92947e-05 0.00105095 0.000364204 0.01563 7.71511e-05 0.734934
0.130013  714.403 0.0378472 0.000349316 0.209419 0.000101797 0.00105293 0.000362047 0.0158598 7.65797e-05 0.734931
0.130078  716.748 0.0377999 0.000355644 0.209229 0.000104371 0.00105479 0.000359894 0.0160912 7.599e-05 0.734929
0.130143  719.099 0.0377524 0.000362044 0.209038 0.000107017 0.00105653 0.000357743 0.0163243 7.53825e-05 0.734926
0.130208  721.458 0.0377045 0.000368515 0.208846 0.000109738 0.00105817 0.000355597 0.016559 7.47578e-05 0.734923
0.130273  723.823 0.0376564 0.000375059 0.208653 0.000112536 0.0010597 0.000353454 0.0167954 7.41165e-05 0.73492
0.130339  726.195 0.037608 0.000381675 0.208458 0.000115413 0.00106112 0.000351316 0.0170334 7.34593e-05 0.734917
0.130404  728.573 0.0375593 0.000388364 0.208262 0.00011837 0.00106244 0.000349182 0.017273 7.27868e-05 0.734914
0.130469  730.958 0.0375103 0.000395125 0.208065 0.000121411 0.00106367 0.000347054 0.0175143 7.20995e-05 0.734911
0.130534  733.348 0.037461 0.000401958 0.207867 0.000124537 0.0010648 0.000344931 0.0177572 7.13982e-05 0.734907
0.130599  735.745 0.0374114 0.000408864 0.207667 0.00012775 0.00106583 0.000342813 0.0180018 7.06834e-05 0.734904
0.130664  738.148 0.0373616 0.000415842 0.207466 0.000131053 0.00106678 0.000340701 0.0182479 6.99558e-05 0.7349
0.130729  740.556 0.0373114 0.000422894 0.207264 0.000134447 0.00106765 0.000338596 0.0184957 6.92161e-05 0.734896
0.130794  742.971 0.037261 0.000430018 0.20706 0.000137934 0.00106843 0.000336497 0.0187452 6.84648e-05 0.734892
0.130859  745.39 0.0372102 0.000437215 0.206856 0.000141518 0.00106914 0.000334405 0.0189962 6.77026e-05 0.734888
0.130924  747.816 0.0371592 0.000444485 0.20665 0.0001452 0.00106977 0.000332319 0.0192489 6.69301e-05 0.734884
0.13099  750.246 0.0371079 0.000451828 0.206442 0.000148982 0.00107033 0.000330241 0.0195032 6.6148e-05 0.734879
0.131055  752.682 0.0370563 0.000459244 0.206234 0.000152867 0.00107083 0.000328171 0.0197592 6.53569e-05 0.734875
0.13112  755.123 0.0370044 0.000466734 0.206024 0.000156856 0.00107126 0.000326108 0.0200168 6.45574e-05 0.73487
0.131185  757.569 0.0369522 0.000474296 0.205812 0.000160953 0.00107163 0.000324053 0.020276 6.37502e-05 0.734865
0.13125  760.02 0.0368997 0.000481932 0.2056 0.000165159 0.00107194 0.000322006 0.0205368 6.29359e-05 0.73486
0.131315  762.475 0.0368469 0.000489642 0.205386 0.000169477 0.00107221 0.000319968 0.0207994 6.2115e-05 0.734855
0.13138  764.936 0.0367939 0.000497425 0.20517 0.000173909 0.00107242 0.000317938 0.0210635 6.12882e-05 0.734849
0.131445  767.4 0.0367405 0.000505281 0.204954 0.000178457 0.00107259 0.000315916 0.0213293 6.04561e-05 0.734844
0.13151  769.87 0.0366869 0.000513211 0.204736 0.000183124 0.00107272 0.000313904 0.0215968 5.96193e-05 0.734838
0.131576  772.344 0.0366329 0.000521215 0.204516 0.000187912 0.00107281 0.000311901 0.0218659 5.87784e-05 0.734832
0.131641  774.822 0.0365787 0.000529292 0.204296 0.000192823 0.00107286 0.000309906 0.0221368 5.7934e-05 0.734826
0.131706  777.304 0.0365241 0.000537443 0.204073 0.00019786 0.00107289 0.000307922 0.0224093 5.70865e-05 0.73482
0.131771  779.79 0.0364693 0.000545667 0.20385 0.000203024 0.00107289 0.000305946 0.0226834 5.62367e-05 0.734814
0.131836  782.281 0.0364142 0.000553966 0.203625 0.000208319 0.00107286 0.000303981 0.0229593 5.5385e-05 0.734807
0.131901  784.775 0.0363588 0.000562338 0.203399 0.000213747 0.00107282 0.000302025 0.0232369 5.45321e-05 0.7348
0.131966  787.274 0.0363031 0.000570784 0.203171 0.000219309 0.00107276 0.000300079 0.0235162 5.36783e-05 0.734793
0.132031  789.776 0.0362471 0.000579304 0.202942 0.000225008 0.00107269 0.000298143 0.0237972 5.28243e-05 0.734786
0.132096  792.281 0.0361908 0.000587898 0.202711 0.000230847 0.0010726 0.000296218 0.02408 5.19706e-05 0.734779
0.132161  794.791 0.0361342 0.000596565 0.202479 0.000236828 0.00107252 0.000294302 0.0243645 5.11177e-05 0.734771
0.132227  797.304 0.0360773 0.000605307 0.202245 0.000242953 0.00107243 0.000292397 0.0246508 5.0266e-05 0.734764
0.132292  799.82 0.0360201 0.000614123 0.20201 0.000249225 0.00107235 0.000290502 0.0249388 4.9416e-05 0.734756
0.132357  802.34 0.0359626 0.000623012 0.201773 0.000255645 0.00107227 0.000288618 0.0252286 4.85683e-05 0.734748
0.132422  804.863 0.0359049 0.000631976 0.201534 0.000262216 0.0010722 0.000286744 0.0255203 4.77232e-05 0.73474
0.132487  807.39 0.0358468 0.000641014 0.201295 0.00026894 0.00107214 0.000284881 0.0258137 4.68812e-05 0.734731
0.132552  809.919 0.0357884 0.000650125 0.201053 0.00027582 0.0010721 0.000283029 0.026109 4.60428e-05 0.734722
0.132617  812.452 0.0357297 0.000659311 0.20081 0.000282858 0.00107208 0.000281188 0.026406 4.52083e-05 0.734714
0.132682  814.988 0.0356708 0.000668571 0.200565 0.000290056 0.00107208 0.000279357 0.026705 4.43782e-05 0.734705
0.132747  817.526 0.0356115 0.000677904 0.200319 0.000297415 0.0010721 0.000277538 0.0270058 4.35528e-05 0.734695
0.132812  820.068 0.0355519 0.000687312 0.200071 0.000304939 0.00107216 0.000275729 0.0273085 4.27326e-05 0.734686
0.132878  822.613 0.0354921 0.000696794 0.199821 0.00031263 0.00107225 0.000273931 0.0276131 4.19178e-05 0.734676
0.132943  825.16 0.0354319 0.00070635 0.19957 0.000320489 0.00107238 0.000272144 0.0279197 4.11089e-05 0.734666
0.133008  827.71 0.0353715 0.000715979 0.199317 0.000328519 0.00107254 0.000270369 0.0282282 4.03062e-05 0.734656
0.133073  830.263 0.0353107 0.000725683 0.199062 0.000336722 0.00107275 0.000268604 0.0285386 3.951e-05 0.734646
0.133138  832.818 0.0352496 0.00073546 0.198805 0.000345099 0.00107301 0.000266851 0.028851 3.87206e-05 0.734635
0.133203  835.376 0.0351883 0.000745312 0.198546 0.000353654 0.00107331 0.000265109 0.0291654 3.79383e-05 0.734625
0.133268  837.937 0.0351266 0.000755237 0.198286 0.000362387 0.00107367 0.000263377 0.0294818 3.71634e-05 0.734614
0.133333  840.5 0.0350647 0.000765236 0.198024 0.000371302 0.00107408 0.000261657 0.0298003 3.63962e-05 0.734602
0.133594  850.776 0.0348138 0.000805966 0.196957 0.000408783 0.00107631 0.000254888 0.0310946 3.34064e-05 0.734556
0.133854  861.088 0.0345582 0.000847872 0.195858 0.00044931 0.00107967 0.000248296 0.0324231 3.05577e-05 0.734505
0.134115  871.432 0.0342978 0.000890947 0.194725 0.000492992 0.00108435 0.000241881 0.0337873 2.78612e-05 0.734451
0.134375  881.807 0.0340325 0.000935186 0.193558 0.000539929 0.00109051 0.000235641 0.0351887 2.53249e-05 0.734394
0.134635  892.208 0.0337625 0.000980577 0.192354 0.000590211 0.00109833 0.000229572 0.0366287 2.29536e-05 0.734333
0.134896  902.635 0.0334877 0.00102711 0.191111 0.000643913 0.00110796 0.000223671 0.0381091 2.07497e-05 0.734269
0.135156  913.084 0.0332082 0.00107477 0.189827 0.000701097 0.00111956 0.000217936 0.0396314 1.87132e-05 0.734201
0.135417  923.554 0.032924 0.00112355 0.188501 0.000761811 0.00113327 0.00021236 0.0411972 1.68418e-05 0.73413
0.135677  934.041 0.0326352 0.00117341 0.18713 0.000826089 0.00114922 0.00020694 0.0428081 1.51316e-05 0.734056
0.135937  944.544 0.0323418 0.00122435 0.185712 0.000893946 0.00116756 0.000201672 0.0444655 1.3577e-05 0.733979
0.136198  955.06 0.0320439 0.00127634 0.184247 0.000965384 0.00118838 0.000196549 0.0461709 1.21713e-05 0.7339
0.136458  965.586 0.0317416 0.00132934 0.182731 0.00104038 0.00121182 0.000191567 0.0479256 1.09068e-05 0.733818
0.136719  976.121 0.0314351 0.00138334 0.181164 0.00111891 0.00123797 0.000186721 0.0497309 9.77507e-06 0.733734
0.136979  986.662 0.0311243 0.00143829 0.179543 0.00120091 0.00126693 0.000182005 0.0515879 8.76723e-06 0.733648
0.13724  997.206 0.0308096 0.00149415 0.177868 0.00128631 0.00129879 0.000177413 0.0534974 7.87416e-06 0.73356
0.1375  1007.75 0.030491 0.00155089 0.176137 0.00137501 0.00133361 0.000172941 0.0554604 7.08669e-06 0.733472
0.13776  1018.29 0.0301686 0.00160846 0.17435 0.00146692 0.00137148 0.000168582 0.0574772 6.39573e-06 0.733383
0.138021  1028.83 0.0298428 0.00166682 0.172505 0.00156189 0.00141245 0.000164333 0.0595484 5.79243e-06 0.733293
0.138281  1039.35 0.0295136 0.00172591 0.170601 0.00165979 0.00145656 0.000160186 0.0616739 5.26827e-06 0.733203
0.138542  1049.87 0.0291813 0.00178567 0.16864 0.00176044 0.00150385 0.000156139 0.0638539 4.81515e-06 0.733114
0.138802  1060.36 0.0288461 0.00184605 0.166619 0.00186366 0.00155434 0.000152184 0.0660877 4.42546e-06 0.733026
0.139063  1070.84 0.0285083 0.001907 0.164541 0.00196925 0.00160805 0.000148319 0.068375 4.09211e-06 0.732939
0.139323  1081.29 0.0281681 0.00196843 0.162404 0.00207699 0.00166497 0.000144539 0.0707148 3.80856e-06 0.732854
0.139583  1091.72 0.0278258 0.00203029 0.160211 0.00218665 0.00172509 0.000140839 0.073106 3.56881e-06 0.732771
0.139844  1102.11 0.0274817 0.00209251 0.157961 0.00229797 0.00178838 0.000137215 0.0755472 3.36743e-06 0.73269
0.140104  1112.47 0.027136 0.00215501 0.155657 0.00241071 0.00185481 0.000133664 0.0780367 3.1995e-06 0.732613
0.140365  1122.79 0.0267891 0.00221772 0.1533 0.00252457 0.00192432 0.000130182 0.0805726 3.06064e-06 0.732538
0.140625  1133.06 0.0264413 0.00228057 0.150892 0.00263929 0.00199684 0.000126767 0.0831527 2.94692e-06 0.732468
0.140885  1143.28 0.026093 0.00234347 0.148435 0.00275456 0.00207229 0.000123415 0.0857746 2.8549e-06 0.732401
0.141146  1153.45 0.0257444 0.00240635 0.145932 0.00287009 0.0021506 0.000120123 0.0884356 2.7815e-06 0.732338
0.141406  1163.55 0.0253959 0.00246913 0.143385 0.00298558 0.00223165 0.00011689 0.0911329 2.72407e-06 0.73228
0.141667  1173.6 0.0250478 0.00253173 0.140798 0.00310071 0.00231532 0.000113713 0.0938633 2.68026e-06 0.732227
0.141927  1183.58 0.0247005 0.00259406 0.138173 0.00321519 0.00240151 0.000110591 0.0966235 2.64805e-06 0.732179
0.142188  1193.48 0.0243543 0.00265605 0.135515 0.0033287 0.00249006 0.000107523 0.0994102 2.62567e-06 0.732136
0.142448  1203.31 0.0240097 0.00271761 0.132826 0.00344095 0.00258085 0.000104506 0.10222 2.61163e-06 0.732098
0.142708  1213.06 0.0236668 0.00277867 0.130112 0.00355163 0.00267372 0.00010154 0.105048 2.60459e-06 0.732065
0.142969  1222.72 0.0233261 0.00283916 0.127374 0.00366046 0.00276852 9.86239e-05 0.107892 2.60345e-06 0.732038
0.143229  1232.3 0.022988 0.00289898 0.124619 0.00376715 0.00286508 9.57578e-05 0.110748 2.60724e-06 0.732016
0.14349  1241.78 0.0226527 0.00295808 0.121849 0.00387144 0.00296324 9.2941e-05 0.113611 2.61514e-06 0.731999
0.14375  1251.16 0.0223205 0.00301638 0.11907 0.00397306 0.00306283 9.01733e-05 0.116477 2.62643e-06 0.731987
0.14401  1260.44 0.0219919 0.00307381 0.116284 0.00407179 0.00316368 8.74547e-05 0.119343 2.64051e-06 0.731981
0.144271  1269.62 0.021667 0.00313031 0.113497 0.00416739 0.00326561 8.47853e-05 0.122205 2.65686e-06 0.73198
0.144531  1278.7 0.0213463 0.0031858 0.110713 0.00425965 0.00336846 8.21652e-05 0.125058 2.67505e-06 0.731984
0.144792  1287.66 0.0210299 0.00324024 0.107935 0.00434839 0.00347206 7.95949e-05 0.1279 2.69469e-06 0.731992
0.145052  1296.51 0.0207181 0.00329357 0.105168 0.00443343 0.00357623 7.70747e-05 0.130725 2.71547e-06 0.732006
0.145313  1305.25 0.0204113 0.00334573 0.102416 0.00451463 0.00368082 7.4605e-05 0.133531 2.7371e-06 0.732023
0.145573  1313.86 0.0201095 0.00339668 0.0996822 0.00459185 0.00378567 7.21862e-05 0.136314 2.75935e-06 0.732045
0.145833  1322.36 0.0198131 0.00344637 0.0969709 0.00466499 0.00389062 6.98188e-05 0.139071 2.78203e-06 0.73207
0.146094  1330.74 0.0195223 0.00349477 0.0942854 0.00473396 0.00399552 6.75033e-05 0.141798 2.80495e-06 0.7321
0.146354  1339 0.0192373 0.00354183 0.0916291 0.0047987 0.00410023 6.52401e-05 0.144492 2.82797e-06 0.732132
0.146615  1347.13 0.0189581 0.00358753 0.0890052 0.00485916 0.00420461 6.30296e-05 0.147151 2.85097e-06 0.732168
0.146875  1355.14 0.018685 0.00363183 0.0864167 0.00491531 0.00430854 6.08722e-05 0.149772 2.87385e-06 0.732207
0.147135  1363.02 0.0184181 0.00367472 0.0838663 0.00496717 0.0044119 5.87681e-05 0.152352 2.89651e-06 0.732248
0.147396  1370.78 0.0181575 0.00371617 0.0813566 0.00501473 0.00451458 5.67177e-05 0.154889 2.91888e-06 0.732292
0.147656  1378.41 0.0179033 0.00375618 0.0788901 0.00505804 0.00461646 5.4721e-05 0.15738 2.94091e-06 0.732338
0.147917  1385.91 0.0176557 0.00379472 0.0764687 0.00509714 0.00471745 5.27783e-05 0.159825 2.96253e-06 0.732386
0.148177  1393.29 0.0174145 0.00383179 0.0740945 0.00513211 0.00481747 5.08894e-05 0.16222 2.98372e-06 0.732435
0.148438  1400.54 0.01718 0.00386739 0.0717691 0.00516302 0.00491643 4.90543e-05 0.164566 3.00443e-06 0.732486
0.148698  1407.66 0.0169521 0.00390152 0.0694941 0.00518997 0.00501426 4.72729e-05 0.16686 3.02464e-06 0.732538
0.148958  1414.67 0.0167309 0.00393418 0.0672707 0.00521308 0.00511089 4.55449e-05 0.169101 3.04432e-06 0.732591
0.149219  1421.54 0.0165163 0.00396538 0.0650999 0.00523247 0.00520626 4.387e-05 0.171288 3.06348e-06 0.732644
0.149479  1428.3 0.0163083 0.00399512 0.0629828 0.00524825 0.00530032 4.22477e-05 0.173422 3.08209e-06 0.732698
0.14974  1434.93 0.0161069 0.00402342 0.0609198 0.00526058 0.00539302 4.06775e-05 0.1755 3.10014e-06 0.732753
0.15  1441.44 0.0159121 0.00405029 0.0589117 0.0052696 0.00548432 3.91588e-05 0.177523 3.11764e-06 0.732807
0.150521  1454.11 0.015542 0.00409982 0.0550599 0.00527818 0.00566264 3.62734e-05 0.181402 3.15099e-06 0.732916
0.151042  1466.31 0.0151973 0.00414388 0.0514289 0.00527539 0.00583502 3.35853e-05 0.185059 3.18215e-06 0.733024
0.151563  1478.06 0.0148773 0.00418266 0.048017 0.00526252 0.00600134 3.10876e-05 0.188496 3.21115e-06 0.733129
0.152083  1489.38 0.0145813 0.00421638 0.0448203 0.00524088 0.00616155 2.87724e-05 0.191716 3.23806e-06 0.733232
0.152604  1500.28 0.0143082 0.00424529 0.0418336 0.00521173 0.00631563 2.66312e-05 0.194725 3.26295e-06 0.73333
0.153125  1510.78 0.014057 0.00426962 0.0390501 0.00517628 0.00646361 2.46551e-05 0.19753 3.2859e-06 0.733425
0.153646  1520.89 0.0138266 0.00428965 0.036462 0.00513569 0.00660558 2.28348e-05 0.200139 3.30697e-06 0.733515
0.154167  1530.63 0.013616 0.00430563 0.0340607 0.005091 0.00674163 2.11611e-05 0.20256 3.32623e-06 0.733601
0.154688  1540.03 0.0134241 0.00431785 0.0318369 0.00504317 0.00687189 1.96245e-05 0.204802 3.34376e-06 0.733682
0.155208  1549.09 0.0132495 0.00432655 0.0297812 0.00499307 0.0069965 1.82159e-05 0.206874 3.35962e-06 0.733757
0.155729  1557.83 0.0130913 0.00433201 0.027884 0.00494145 0.00711563 1.69262e-05 0.208787 3.37386e-06 0.733828
0.15625  1566.27 0.0129483 0.00433447 0.0261354 0.00488897 0.00722944 1.57467e-05 0.210549 3.38655e-06 0.733895
0.156771  1574.43 0.0128195 0.00433419 0.0245259 0.00483618 0.00733811 1.46691e-05 0.212171 3.39774e-06 0.733957
0.157292  1582.32 0.0127038 0.00433139 0.0230461 0.00478355 0.00744182 1.36854e-05 0.213662 3.40748e-06 0.734014
0.157813  1589.95 0.0126001 0.0043263 0.021687 0.00473148 0.00754077 1.2788e-05 0.215031 3.41583e-06 0.734067
0.158333  1597.33 0.0125077 0.00431914 0.0204396 0.00468025 0.00763514 1.19697e-05 0.216287 3.42283e-06 0.734116
0.158854  1604.49 0.0124255 0.0043101 0.0192958 0.00463012 0.00772512 1.1224e-05 0.217437 3.42854e-06 0.734161
0.159375  1611.43 0.0123527 0.00429937 0.0182475 0.00458126 0.00781089 1.05445e-05 0.218491 3.43299e-06 0.734203
0.159896  1618.17 0.0122885 0.00428714 0.0172873 0.00453379 0.00789265 9.9254e-06 0.219456 3.43625e-06 0.734241
0.160417  1624.71 0.0122321 0.00427355 0.016408 0.0044878 0.00797057 9.36144e-06 0.220339 3.43835e-06 0.734277
0.160938  1631.07 0.0121829 0.00425877 0.0156031 0.00444332 0.00804482 8.8476e-06 0.221146 3.43936e-06 0.734309
0.161458  1637.25 0.0121402 0.00424294 0.0148665 0.00440039 0.00811559 8.37933e-06 0.221884 3.4393e-06 0.734338
0.161979  1643.27 0.0121034 0.00422618 0.0141922 0.00435897 0.00818303 7.95244e-06 0.222559 3.43823e-06 0.734365
0.1625  1649.13 0.012072 0.00420862 0.0135751 0.00431905 0.00824732 7.56306e-06 0.223177 3.4362e-06 0.73439
0.163021  1654.84 0.0120454 0.00419037 0.0130101 0.00428058 0.00830859 7.2077e-06 0.223742 3.43324e-06 0.734412
0.163542  1660.41 0.0120231 0.00417152 0.0124927 0.00424349 0.008367 6.8831e-06 0.224259 3.42941e-06 0.734433
0.164583  1671.15 0.0119903 0.0041323 0.0115878 0.0041733 0.00847566 6.31689e-06 0.225162 3.41927e-06 0.734469
0.165625  1681.41 0.0119702 0.0040917 0.0108269 0.00410784 0.00857452 5.84195e-06 0.225921 3.40614e-06 0.734498
0.166667  1691.22 0.0119602 0.00405021 0.0101853 0.00404654 0.00866452 5.44178e-06 0.226562 3.39033e-06 0.734523
0.167708  1700.63 0.0119584 0.00400825 0.00964233 0.00398885 0.00874654 5.10279e-06 0.227104 3.37214e-06 0.734543
0.16875  1709.67 0.0119628 0.00396614 0.00918085 0.00393427 0.00882135 4.81389e-06 0.227566 3.35186e-06 0.73456
0.169792  1718.37 0.0119723 0.00392416 0.00878659 0.00388236 0.00888965 4.56601e-06 0.227963 3.32972e-06 0.734574
0.170833  1726.75 0.0119856 0.0038825 0.00844777 0.00383275 0.00895205 4.35179e-06 0.228306 3.30598e-06 0.734585
0.171875  1734.84 0.0120018 0.00384131 0.00815467 0.00378512 0.0090091 4.16524e-06 0.228606 3.28084e-06 0.734595
0.172917  1742.66 0.0120202 0.00380072 0.00789929 0.0037392 0.00906129 4.00151e-06 0.22887 3.25448e-06 0.734602
0.173958  1750.23 0.0120401 0.00376081 0.00767505 0.00369477 0.00910905 3.85662e-06 0.229104 3.2271e-06 0.734609
0.175  1757.56 0.0120612 0.00372165 0.00747657 0.00365166 0.00915278 3.72738e-06 0.229315 3.19884e-06 0.734614
0.176042  1764.66 0.0120829 0.00368327 0.00729942 0.00360972 0.0091928 3.61118e-06 0.229507 3.16985e-06 0.734619
0.177083  1771.56 0.0121051 0.0036457 0.00713998 0.00356883 0.00922944 3.5059e-06 0.229682 3.14025e-06 0.734622
0.178125  1778.26 0.0121275 0.00360895 0.00699528 0.00352889 0.00926295 3.40981e-06 0.229845 3.11016e-06 0.734625
0.179167  1784.77 0.01215 0.00357303 0.00686291 0.00348984 0.00929359 3.3215e-06 0.229997 3.07967e-06 0.734628
0.180208  1791.1 0.0121722 0.00353794 0.00674088 0.0034516 0.00932157 3.23982e-06 0.23014 3.04888e-06 0.73463
0.18125  1797.26 0.0121943 0.00350366 0.00662755 0.00341413 0.00934709 3.16383e-06 0.230276 3.01786e-06 0.734631
0.182292  1803.27 0.012216 0.00347018 0.00652161 0.00337738 0.00937033 3.09275e-06 0.230406 2.98669e-06 0.734633
0.183333  1809.12 0.0122374 0.00343748 0.00642195 0.00334132 0.00939144 3.02594e-06 0.23053 2.95544e-06 0.734634
0.184375  1814.82 0.0122583 0.00340554 0.00632768 0.00330592 0.00941058 2.96287e-06 0.230651 2.92415e-06 0.734635
0.185417  1820.39 0.0122788 0.00337435 0.00623806 0.00327115 0.00942787 2.9031e-06 0.230768 2.89289e-06 0.734636
0.1875  1831.12 0.0123185 0.00331414 0.00607084 0.00320346 0.00945732 2.79224e-06 0.230993 2.83058e-06 0.734637
0.189583  1841.36 0.0123562 0.00325663 0.00591614 0.00313806 0.00948069 2.69085e-06 0.231209 2.76882e-06 0.734638
0.191667  1851.15 0.012392 0.00320167 0.00577148 0.00307486 0.00949869 2.59733e-06 0.231417 2.70783e-06 0.734639
0.19375  1860.52 0.0124261 0.00314907 0.00563515 0.00301374 0.0095119 2.51049e-06 0.231619 2.64778e-06 0.73464
0.195833  1869.51 0.0124584 0.00309869 0.0055059 0.00295461 0.00952085 2.42943e-06 0.231816 2.58881e-06 0.73464
0.197917  1878.13 0.0124892 0.00305038 0.00538282 0.0028974 0.00952598 2.35346e-06 0.232009 2.53102e-06 0.73464
0.2  1886.42 0.0125184 0.003004 0.00526524 0.00284201 0.00952768 2.28201e-06 0.232197 2.47449e-06 0.734641
0.203125  1898.27 0.0125596 0.0029378 0.00509814 0.00276223 0.00952451 2.1824e-06 0.232472 2.39217e-06 0.734641
0.20625  1909.48 0.012598 0.00287528 0.00494085 0.00268616 0.00951539 2.09072e-06 0.232739 2.31288e-06 0.734641
0.209375  1920.1 0.0126339 0.00281612 0.00479237 0.00261357 0.00950115 2.00599e-06 0.232997 2.23665e-06 0.734641
0.2125  1930.19 0.0126675 0.00276001 0.00465189 0.00254426 0.00948248 1.92743e-06 0.233248 2.16348e-06 0.734642
0.215625  1939.79 0.012699 0.0027067 0.00451873 0.00247802 0.00946 1.85438e-06 0.233492 2.09332e-06 0.734642
0.21875  1948.95 0.0127286 0.00265596 0.0043923 0.00241467 0.00943422 1.78626e-06 0.233729 2.02609e-06 0.734642
0.221875  1957.69 0.0127566 0.00260759 0.00427209 0.00235404 0.00940559 1.72261e-06 0.233959 1.96171e-06 0.734642
0.225  1966.04 0.012783 0.0025614 0.00415765 0.00229597 0.00937448 1.66299e-06 0.234182 1.90007e-06 0.734642
0.228125  1974.04 0.012808 0.00251724 0.00404857 0.0022403 0.00934124 1.60705e-06 0.234399 1.84109e-06 0.734642
0.23125  1981.7 0.0128317 0.00247496 0.00394449 0.00218691 0.00930616 1.55445e-06 0.234611 1.78463e-06 0.734642
0.234375  1989.06 0.0128542 0.00243442 0.00384506 0.00213566 0.00926948 1.50492e-06 0.234816 1.7306e-06 0.734642
0.2375  1996.13 0.0128757 0.00239551 0.00374998 0.00208642 0.00923145 1.45819e-06 0.235016 1.67889e-06 0.734642
0.240625  2002.93 0.0128961 0.00235812 0.00365897 0.0020391 0.00919224 1.41405e-06 0.235211 1.62938e-06 0.734642
0.24375  2009.48 0.0129156 0.00232215 0.00357179 0.00199357 0.00915203 1.37229e-06 0.2354 1.58198e-06 0.734642
0.246875  2015.79 0.0129343 0.00228752 0.00348818 0.00194976 0.00911098 1.33273e-06 0.235585 1.53657e-06 0.734642
0.25  2021.87 0.0129521 0.00225415 0.00340795 0.00190756 0.00906923 1.2952e-06 0.235765 1.49307e-06 0.734642
0.25625  2033.41 0.0129856 0.00219091 0.00325695 0.00182774 0.0089841 1.22573e-06 0.236111 1.41146e-06 0.734641
0.2625  2044.2 0.0130166 0.00213187 0.00311721 0.00175343 0.00889741 1.16278e-06 0.23644 1.33637e-06 0.734641
0.26875  2054.32 0.0130452 0.00207658 0.00298753 0.00168411 0.00880977 1.1055e-06 0.236753 1.26717e-06 0.734641
0.275  2063.83 0.0130718 0.00202465 0.00286689 0.00161929 0.0087217 1.05319e-06 0.237052 1.20328e-06 0.734641
0.28125  2072.8 0.0130967 0.00197576 0.00275439 0.00155858 0.00863357 1.00525e-06 0.237338 1.1442e-06 0.734641
0.2875  2081.27 0.01312 0.00192962 0.00264924 0.0015016 0.0085457 9.61177e-07 0.237611 1.08947e-06 0.734641
0.29375  2089.28 0.0131418 0.00188599 0.00255075 0.00144804 0.00845833 9.20537e-07 0.237873 1.03868e-06 0.73464
0.3  2096.88 0.0131624 0.00184464 0.00245834 0.00139759 0.00837165 8.8296e-07 0.238123 9.91471e-07 0.73464
0.31875  2117.42 0.0132172 0.00173299 0.00221356 0.00126317 0.00811827 7.86032e-07 0.238813 8.68748e-07 0.73464
0.3375  2135.28 0.0132642 0.00163604 0.00200699 0.00114891 0.00787494 7.07151e-07 0.239428 7.6818e-07 0.734639
0.35625  2150.99 0.013305 0.00155088 0.00183066 0.00105079 0.00764282 6.41897e-07 0.23998 6.84734e-07 0.734639
0.375  2164.94 0.0133409 0.00147533 0.00167863 0.000965732 0.00742213 5.87156e-07 0.240478 6.14716e-07 0.734639
0.403125  2183.13 0.0133874 0.00137686 0.00148708 0.000858006 0.0071131 5.20147e-07 0.241138 5.29244e-07 0.734638
0.43125  2198.77 0.0134272 0.00129221 0.00132887 0.000768582 0.00682773 4.66397e-07 0.241717 4.61127e-07 0.734638
0.459375  2212.39 0.0134617 0.00121853 0.00119638 0.000693393 0.00656426 4.22452e-07 0.242228 4.05907e-07 0.734637
0.4875  2224.36 0.013492 0.00115374 0.00108417 0.000629468 0.00632066 3.85944e-07 0.242682 3.60495e-07 0.734637
0.529688  2239.81 0.0135311 0.00107012 0.000945608 0.000550252 0.00598966 3.41687e-07 0.243276 3.06214e-07 0.734636
0.571875  2252.93 0.0135644 0.000999009 0.000833594 0.000485999 0.00569307 3.0649e-07 0.243787 2.63878e-07 0.734636
0.614063  2264.26 0.0135933 0.000937708 0.000741582 0.000433078 0.00542634 2.77885e-07 0.244232 2.30152e-07 0.734636
0.65625  2274.08 0.0136184 0.00088438 0.000665205 0.000388995 0.00518564 2.54281e-07 0.244622 2.02901e-07 0.734635
0.782813  2296.8 0.0136772 0.000760907 0.000501807 0.000294391 0.00459762 2.03851e-07 0.245533 1.47023e-07 0.734635
0.909375  2313.25 0.0137203 0.000671105 0.000395466 0.000232604 0.00414245 1.70594e-07 0.246204 1.12572e-07 0.734634
1.09922  2330.77 0.0137671 0.000575478 0.000294623 0.000173828 0.00363232 1.38057e-07 0.246923 8.13746e-08 0.734634
1.28906  2343 0.0138003 0.00050833 0.000231849 0.000137137 0.00325811 1.16801e-07 0.247431 6.27494e-08 0.734634
1.57383  2355.58 0.0138352 0.000439304 0.000174532 0.000103567 0.00285985 9.62002e-08 0.247954 4.63107e-08 0.734633
1.85859  2363.79 0.0138582 0.000393992 0.000141033 8.3901e-05 0.00259078 8.33066e-08 0.248299 3.69753e-08 0.734633
2.71289  2375.72 0.0138923 0.000327811 9.81149e-05 5.86768e-05 0.00218697 6.52978e-08 0.248803 2.53433e-08 0.734633
3.99434  2382.6 0.0139123 0.000289716 7.67076e-05 4.60953e-05 0.00194879 5.53574e-08 0.249094 1.96938e-08 0.734633
5.9165  2382.6 0.0139123 0.000289716 7.67076e-05 4.60953e-05 0.00194879 5.53574e-08 0.249094 1.96938e-08 0.734633
