TITLE="Graphics"
VARIABLES= "x", "T1", "Y_H2_1", 
"Y_H_1", "Y_O2_1", "Y_O_1", "Y_OH_1", "Y_HO2_1", "Y_H2O_1", "Y_H2O2_1", "Y_N2_1"
0  700 0.0448672 0 0.222554 0 0 0 0 0 0.732579
0.00625  700 0.0448672 3.92848e-17 0.222554 9.22272e-18 1.90661e-18 2.41423e-10 5.84047e-12 4.08433e-13 0.732579
0.0125  700 0.0448672 6.92155e-18 0.222554 1.52662e-18 2.86783e-19 -2.56416e-10 -8.72381e-12 -4.2015e-13 0.732579
0.01875  700 0.0448672 1.0969e-16 0.222554 3.05929e-17 5.77924e-18 7.70187e-10 2.75951e-11 1.27018e-12 0.732579
0.025  700 0.0448672 -1.79214e-18 0.222554 -1.81538e-17 -2.15308e-18 -1.34678e-09 -6.2973e-11 -2.16814e-12 0.732579
0.03125  700 0.0448672 8.63063e-16 0.222554 1.9883e-16 3.97898e-17 3.01866e-09 1.62876e-10 4.83486e-12 0.732579
0.0375  700 0.0448672 3.52622e-15 0.222554 -3.66948e-18 8.30155e-17 -5.9833e-09 -4.00322e-10 -9.41644e-12 0.732579
0.04375  700 0.0448672 2.95624e-14 0.222554 5.47505e-15 1.21288e-15 1.25803e-08 1.00413e-09 1.9596e-11 0.732579
0.05  700 0.0448672 1.9872e-13 0.222554 9.41167e-15 5.61346e-15 -2.56964e-08 -2.49809e-09 -3.94328e-11 0.732579
0.056  700 0.0448672 1.36056e-12 0.222554 2.22406e-13 5.39314e-14 4.78503e-08 5.65133e-09 7.24918e-11 0.732579
0.062  700 0.0448672 8.79245e-12 0.222554 5.94608e-13 2.58018e-13 -1.08741e-07 -1.55832e-08 -1.62826e-10 0.732579
0.068  700 0.0448672 5.71364e-11 0.222553 9.35035e-12 2.39067e-12 2.26095e-07 3.97621e-08 3.32862e-10 0.732579
0.074  700 0.0448671 3.69187e-10 0.222554 2.55816e-11 9.19877e-12 -4.80591e-07 -1.04369e-07 -7.0564e-10 0.732579
0.08  700.001 0.0448672 2.39685e-09 0.222552 3.89108e-10 1.23798e-10 1.07089e-06 2.71584e-07 1.49545e-09 0.732579
0.086  699.997 0.0448671 1.54749e-08 0.222556 1.09147e-09 9.24408e-11 -1.94333e-06 -7.03258e-07 -3.04368e-09 0.732579
0.092  700.028 0.0448669 1.00692e-07 0.222546 1.61985e-08 9.85949e-09 6.38563e-06 1.84074e-06 6.79323e-09 0.732579
0.098  699.971 0.0448646 6.47424e-07 0.222557 4.62102e-08 1.98419e-09 7.58272e-07 -4.40159e-06 -1.07335e-08 0.732582
0.09825  699.987 0.0448638 7.35999e-07 0.222555 6.04128e-08 2.85194e-08 2.62421e-06 -4.17153e-06 -1.0274e-08 0.732582
0.0985  700.005 0.0448628 8.30253e-07 0.222553 7.57101e-08 5.82341e-08 4.66589e-06 -3.89665e-06 -9.69628e-09 0.732582
0.09875  700.025 0.0448618 9.30636e-07 0.222551 9.21651e-08 9.22119e-08 6.89119e-06 -3.57049e-06 -8.97362e-09 0.732583
0.099  700.047 0.0448608 1.03763e-06 0.222549 1.09845e-07 1.31614e-07 9.30812e-06 -3.18565e-06 -8.07519e-09 0.732583
0.09925  700.071 0.0448596 1.15175e-06 0.222546 1.28822e-07 1.777e-07 1.19248e-05 -2.73373e-06 -6.96569e-09 0.732583
0.0995  700.097 0.0448584 1.27354e-06 0.222544 1.49171e-07 2.31857e-07 1.47492e-05 -2.2052e-06 -5.60501e-09 0.732584
0.09975  700.125 0.0448571 1.40361e-06 0.222541 1.70976e-07 2.95623e-07 1.77895e-05 -1.58936e-06 -3.94783e-09 0.732584
0.1  700.156 0.0448556 1.54257e-06 0.222537 1.94323e-07 3.70715e-07 2.10535e-05 -8.74202e-07 -1.94337e-09 0.732585
0.101042  700.317 0.0448485 2.22465e-06 0.22252 3.09185e-07 8.26275e-07 3.71432e-05 3.31893e-06 1.07548e-08 0.732587
0.102083  700.548 0.044839 3.13115e-06 0.222497 4.60662e-07 1.67898e-06 5.77742e-05 1.08559e-05 3.61734e-08 0.73259
0.102604  700.701 0.0448331 3.69703e-06 0.222482 5.54243e-07 2.34832e-06 6.99081e-05 1.66937e-05 5.67638e-08 0.732592
0.103125  700.882 0.0448263 4.34942e-06 0.222465 6.61368e-07 3.22407e-06 8.32533e-05 2.42648e-05 8.38704e-08 0.732593
0.103646  701.099 0.0448184 5.10129e-06 0.222444 7.83952e-07 4.35824e-06 9.77768e-05 3.39956e-05 1.18897e-07 0.732595
0.103906  701.222 0.044814 5.52004e-06 0.222433 8.51879e-07 5.04473e-06 0.000105454 3.98616e-05 1.39948e-07 0.732596
0.104167  701.356 0.0448093 5.96933e-06 0.222421 9.24541e-07 5.81927e-06 0.000113395 4.64658e-05 1.63552e-07 0.732597
0.104427  701.501 0.0448043 6.45129e-06 0.222408 1.00227e-06 6.69084e-06 0.000121583 5.3885e-05 1.89909e-07 0.732598
0.104687  701.66 0.044799 6.96817e-06 0.222393 1.08545e-06 7.66893e-06 0.000130001 6.22023e-05 2.19216e-07 0.732599
0.104948  701.831 0.0447933 7.52238e-06 0.222378 1.17446e-06 8.76347e-06 0.000138626 7.15067e-05 2.5167e-07 0.732601
0.105208  702.018 0.0447872 8.11646e-06 0.222362 1.26974e-06 9.98488e-06 0.000147434 8.18937e-05 2.87462e-07 0.732602
0.105469  702.22 0.0447807 8.75308e-06 0.222345 1.37176e-06 1.13439e-05 0.000156397 9.34652e-05 3.26779e-07 0.732603
0.105729  702.438 0.0447737 9.4351e-06 0.222326 1.48104e-06 1.28518e-05 0.000165484 0.00010633 3.69797e-07 0.732604
0.10599  702.675 0.0447663 1.01655e-05 0.222306 1.59814e-06 1.45198e-05 0.000174663 0.000120603 4.16681e-07 0.732605
0.10625  702.931 0.0447585 1.09476e-05 0.222285 1.72367e-06 1.63595e-05 0.000183897 0.000136406 4.67582e-07 0.732607
0.10651  703.207 0.0447501 1.17846e-05 0.222262 1.85831e-06 1.83828e-05 0.000193149 0.000153868 5.22635e-07 0.732608
0.106771  703.505 0.0447411 1.26801e-05 0.222238 2.00278e-06 2.06012e-05 0.00020238 0.000173124 5.81958e-07 0.73261
0.107031  703.827 0.0447317 1.36379e-05 0.222212 2.15789e-06 2.30264e-05 0.000211548 0.000194317 6.45648e-07 0.732611
0.107292  704.173 0.0447216 1.4662e-05 0.222184 2.32452e-06 2.56699e-05 0.000220613 0.000217594 7.13784e-07 0.732612
0.107552  704.545 0.0447109 1.57565e-05 0.222155 2.50362e-06 2.85427e-05 0.000229531 0.000243112 7.86421e-07 0.732614
0.107812  704.946 0.0446995 1.69259e-05 0.222123 2.69625e-06 3.16556e-05 0.000238262 0.00027103 8.63594e-07 0.732616
0.108073  705.375 0.0446874 1.81749e-05 0.22209 2.90354e-06 3.50187e-05 0.000246764 0.000301518 9.45316e-07 0.732617
0.108333  705.837 0.0446747 1.95083e-05 0.222054 3.12675e-06 3.86416e-05 0.000254997 0.000334747 1.03158e-06 0.732619
0.108594  706.331 0.0446611 2.09314e-05 0.222016 3.36724e-06 4.25332e-05 0.000262925 0.000370898 1.12236e-06 0.732621
0.108854  706.86 0.0446468 2.24497e-05 0.221976 3.6265e-06 4.67015e-05 0.000270511 0.000410155 1.21761e-06 0.732622
0.109115  707.425 0.0446316 2.40688e-05 0.221933 3.90615e-06 5.11537e-05 0.000277724 0.000452708 1.31728e-06 0.732624
0.109375  708.029 0.0446156 2.57949e-05 0.221887 4.20797e-06 5.5896e-05 0.000284537 0.000498752 1.42128e-06 0.732626
0.109635  708.674 0.0445987 2.76343e-05 0.221839 4.53386e-06 6.09339e-05 0.000290924 0.000548488 1.52953e-06 0.732628
0.109896  709.361 0.0445808 2.95939e-05 0.221787 4.88594e-06 6.62717e-05 0.000296866 0.000602121 1.64195e-06 0.73263
0.110156  710.093 0.0445619 3.16805e-05 0.221733 5.26647e-06 7.19128e-05 0.000302347 0.000659863 1.75843e-06 0.732632
0.110417  710.871 0.044542 3.39018e-05 0.221675 5.67792e-06 7.78599e-05 0.000307359 0.000721927 1.87886e-06 0.732635
0.110677  711.698 0.0445211 3.62655e-05 0.221613 6.12298e-06 8.41144e-05 0.000311894 0.000788536 2.00315e-06 0.732637
0.110937  712.577 0.0444989 3.87798e-05 0.221548 6.60457e-06 9.06774e-05 0.000315953 0.000859913 2.13118e-06 0.732639
0.111198  713.508 0.0444757 4.14533e-05 0.221478 7.12584e-06 9.75488e-05 0.000319539 0.000936289 2.26286e-06 0.732642
0.111458  714.495 0.0444512 4.42952e-05 0.221405 7.69023e-06 0.000104728 0.000322659 0.0010179 2.39807e-06 0.732644
0.111719  715.539 0.0444254 4.7315e-05 0.221327 8.30145e-06 0.000112214 0.000325327 0.00110499 2.53671e-06 0.732647
0.111979  716.644 0.0443983 5.05225e-05 0.221245 8.96355e-06 0.000120005 0.000327557 0.00119779 2.67867e-06 0.732649
0.11224  717.811 0.0443698 5.39284e-05 0.221158 9.68089e-06 0.000128098 0.000329368 0.00129658 2.82385e-06 0.732652
0.1125  719.043 0.0443399 5.75435e-05 0.221065 1.04582e-05 0.000136492 0.00033078 0.00140159 2.97214e-06 0.732655
0.11276  720.343 0.0443085 6.13794e-05 0.220968 1.13007e-05 0.000145183 0.000331816 0.0015131 3.1234e-06 0.732658
0.113021  721.712 0.0442756 6.54481e-05 0.220865 1.22138e-05 0.000154168 0.000332499 0.00163137 3.2775e-06 0.732661
0.113281  723.153 0.044241 6.97622e-05 0.220756 1.32038e-05 0.000163444 0.000332854 0.00175668 3.43429e-06 0.732664
0.113542  724.67 0.0442048 7.43348e-05 0.220641 1.4277e-05 0.000173006 0.000332905 0.00188932 3.59361e-06 0.732667
0.113802  726.263 0.0441669 7.91796e-05 0.22052 1.54407e-05 0.000182851 0.000332676 0.00202957 3.75524e-06 0.73267
0.114063  727.937 0.0441272 8.43111e-05 0.220392 1.67025e-05 0.000192973 0.000332191 0.00217772 3.91897e-06 0.732673
0.114323  729.692 0.0440856 8.97442e-05 0.220257 1.80709e-05 0.000203369 0.000331471 0.00233408 4.08452e-06 0.732676
0.114583  731.533 0.0440421 9.54944e-05 0.220115 1.95549e-05 0.000214032 0.000330539 0.00249895 4.2516e-06 0.73268
0.114844  733.461 0.0439966 0.000101578 0.219966 2.11645e-05 0.000224957 0.000329412 0.00267266 4.41984e-06 0.732683
0.115104  735.48 0.0439491 0.000108012 0.219809 2.29103e-05 0.000236136 0.000328108 0.0028555 4.58885e-06 0.732687
0.115365  737.59 0.0438994 0.000114813 0.219644 2.4804e-05 0.000247563 0.000326644 0.00304782 4.75818e-06 0.73269
0.115625  739.796 0.0438475 0.000122001 0.219471 2.68582e-05 0.000259229 0.000325034 0.00324994 4.92731e-06 0.732694
0.115885  742.099 0.0437933 0.000129593 0.219289 2.90866e-05 0.000271125 0.000323289 0.00346219 5.09568e-06 0.732698
0.116146  744.502 0.0437368 0.00013761 0.219098 3.15042e-05 0.000283241 0.00032142 0.00368492 5.26266e-06 0.732701
0.116406  747.007 0.0436779 0.00014607 0.218898 3.41269e-05 0.000295567 0.000319438 0.00391846 5.42758e-06 0.732705
0.116667  749.616 0.0436164 0.000154996 0.218688 3.69724e-05 0.000308091 0.000317348 0.00416317 5.5897e-06 0.732709
0.116797  750.961 0.0435847 0.000159642 0.21858 3.84859e-05 0.000314422 0.000316266 0.00428985 5.66941e-06 0.732711
0.116927  752.332 0.0435524 0.000164412 0.218469 4.00622e-05 0.000320799 0.00031516 0.00441945 5.74812e-06 0.732713
0.117057  753.731 0.0435194 0.00016931 0.218356 4.17042e-05 0.000327218 0.00031403 0.00455202 5.82573e-06 0.732715
0.117188  755.157 0.0434857 0.000174337 0.21824 4.34144e-05 0.000333679 0.000312878 0.00468761 5.90212e-06 0.732717
0.117318  756.61 0.0434513 0.000179497 0.218121 4.51957e-05 0.000340179 0.000311703 0.00482625 5.97719e-06 0.732719
0.117448  758.091 0.0434162 0.000184793 0.218 4.7051e-05 0.000346717 0.000310507 0.00496799 6.05081e-06 0.732721
0.117578  759.601 0.0433804 0.000190228 0.217876 4.89835e-05 0.000353291 0.000309289 0.00511289 6.12289e-06 0.732723
0.117708  761.139 0.0433439 0.000195804 0.217749 5.09962e-05 0.000359899 0.000308051 0.00526098 6.19329e-06 0.732725
0.117839  762.705 0.0433066 0.000201525 0.21762 5.30925e-05 0.00036654 0.000306792 0.00541231 6.26191e-06 0.732727
0.117969  764.3 0.0432686 0.000207394 0.217488 5.52758e-05 0.00037321 0.000305514 0.00556693 6.32863e-06 0.732729
0.118099  765.924 0.0432299 0.000213414 0.217353 5.75497e-05 0.00037991 0.000304216 0.00572488 6.39332e-06 0.732731
0.118229  767.577 0.0431904 0.000219587 0.217215 5.99179e-05 0.000386636 0.000302899 0.00588621 6.45588e-06 0.732733
0.118359  769.26 0.0431501 0.000225918 0.217075 6.23842e-05 0.000393386 0.000301564 0.00605097 6.51617e-06 0.732735
0.11849  770.972 0.043109 0.000232408 0.216931 6.49526e-05 0.00040016 0.00030021 0.00621921 6.57409e-06 0.732737
0.11862  772.713 0.0430671 0.000239063 0.216784 6.76272e-05 0.000406955 0.000298838 0.00639097 6.62951e-06 0.732738
0.11875  774.485 0.0430245 0.000245883 0.216635 7.04123e-05 0.00041377 0.000297449 0.0065663 6.68233e-06 0.73274
0.11888  776.286 0.042981 0.000252874 0.216482 7.33124e-05 0.000420603 0.000296043 0.00674525 6.73243e-06 0.732742
0.11901  778.118 0.0429366 0.000260038 0.216326 7.63321e-05 0.000427452 0.00029462 0.00692787 6.7797e-06 0.732744
0.119141  779.98 0.0428915 0.000267379 0.216167 7.94761e-05 0.000434315 0.00029318 0.00711421 6.82403e-06 0.732746
0.119271  781.872 0.0428454 0.000274899 0.216005 8.27493e-05 0.000441192 0.000291724 0.00730433 6.86532e-06 0.732748
0.119401  783.795 0.0427985 0.000282603 0.21584 8.6157e-05 0.000448081 0.000290252 0.00749826 6.90346e-06 0.732749
0.119531  785.749 0.0427507 0.000290494 0.215671 8.97042e-05 0.000454981 0.000288765 0.00769607 6.93837e-06 0.732751
0.119661  787.733 0.0427021 0.000298574 0.215499 9.33966e-05 0.00046189 0.000287263 0.0078978 6.96995e-06 0.732753
0.119792  789.749 0.0426525 0.000306849 0.215324 9.72398e-05 0.000468807 0.000285746 0.00810351 6.99812e-06 0.732754
0.119922  791.795 0.042602 0.00031532 0.215145 0.000101239 0.000475731 0.000284215 0.00831326 7.0228e-06 0.732756
0.120052  793.872 0.0425506 0.000323991 0.214963 0.000105402 0.000482662 0.00028267 0.00852709 7.0439e-06 0.732757
0.120312  798.12 0.0424449 0.000341946 0.214588 0.000114232 0.000496541 0.000279539 0.00896717 7.07523e-06 0.73276
0.120833  806.988 0.042222 0.000380377 0.213796 0.000134069 0.000524354 0.000273126 0.00989819 7.09299e-06 0.732765
0.121094  811.611 0.0421044 0.000400948 0.213377 0.000145252 0.0005383 0.000269851 0.0103908 7.07857e-06 0.732766
0.121354  816.36 0.0419826 0.000422449 0.212942 0.000157337 0.000552279 0.000266536 0.010902 7.04859e-06 0.732768
0.121484  818.782 0.0419201 0.000433559 0.212719 0.000163743 0.000559284 0.000264864 0.0111647 7.02778e-06 0.732768
0.121615  821.235 0.0418565 0.000444913 0.212491 0.0001704 0.000566302 0.000263183 0.0114323 7.00312e-06 0.732768
0.121745  823.719 0.0417918 0.000456513 0.212259 0.000177315 0.000573332 0.000261493 0.0117049 6.97466e-06 0.732768
0.121875  826.235 0.0417261 0.000468363 0.212023 0.000184499 0.000580379 0.000259796 0.0119824 6.94241e-06 0.732768
0.122005  828.782 0.0416591 0.000480467 0.211783 0.00019196 0.000587443 0.000258091 0.012265 6.90645e-06 0.732768
0.122135  831.36 0.0415911 0.000492827 0.211538 0.000199708 0.000594528 0.000256379 0.0125527 6.86683e-06 0.732767
0.122266  833.969 0.0415219 0.000505449 0.211289 0.000207752 0.000601636 0.00025466 0.0128457 6.82362e-06 0.732767
0.122396  836.61 0.0414515 0.000518334 0.211036 0.000216101 0.00060877 0.000252935 0.013144 6.77689e-06 0.732766
0.122526  839.282 0.04138 0.000531487 0.210778 0.000224766 0.000615934 0.000251205 0.0134477 6.72674e-06 0.732765
0.122656  841.984 0.0413072 0.000544911 0.210515 0.000233757 0.000623131 0.000249469 0.0137569 6.67326e-06 0.732763
0.122786  844.718 0.0412333 0.000558609 0.210247 0.000243084 0.000630365 0.000247728 0.0140717 6.61655e-06 0.732762
0.122917  847.482 0.0411581 0.000572585 0.209974 0.000252758 0.00063764 0.000245984 0.0143922 6.55672e-06 0.73276
0.123047  850.277 0.0410817 0.000586842 0.209697 0.000262789 0.000644962 0.000244235 0.0147184 6.49389e-06 0.732758
0.123177  853.103 0.0410041 0.000601383 0.209414 0.000273189 0.000652333 0.000242484 0.0150506 6.42818e-06 0.732755
0.123307  855.959 0.0409252 0.000616212 0.209126 0.000283968 0.000659761 0.000240729 0.0153887 6.35973e-06 0.732753
0.123437  858.846 0.040845 0.000631331 0.208834 0.000295137 0.000667249 0.000238972 0.015733 6.28867e-06 0.73275
0.123568  861.763 0.0407635 0.000646744 0.208535 0.000306708 0.000674804 0.000237213 0.0160834 6.21514e-06 0.732746
0.123698  864.711 0.0406808 0.000662455 0.208231 0.000318693 0.000682432 0.000235453 0.0164402 6.13929e-06 0.732742
0.123828  867.688 0.0405967 0.000678465 0.207922 0.000331103 0.000690138 0.000233692 0.0168034 6.06128e-06 0.732738
0.123958  870.696 0.0405113 0.000694778 0.207607 0.000343949 0.00069793 0.00023193 0.0171732 5.98126e-06 0.732734
0.124089  873.733 0.0404246 0.000711397 0.207286 0.000357245 0.000705814 0.000230167 0.0175496 5.89938e-06 0.732729
0.124219  876.8 0.0403365 0.000728325 0.206959 0.000371001 0.000713798 0.000228405 0.0179329 5.81581e-06 0.732724
0.124349  879.897 0.0402471 0.000745564 0.206626 0.00038523 0.000721888 0.000226644 0.0183231 5.73072e-06 0.732718
0.124479  883.023 0.0401563 0.000763117 0.206287 0.000399944 0.000730093 0.000224884 0.0187204 5.64427e-06 0.732712
0.124609  886.179 0.0400641 0.000780988 0.205942 0.000415156 0.00073842 0.000223125 0.0191249 5.55662e-06 0.732706
0.12474  889.364 0.0399705 0.000799177 0.20559 0.000430877 0.000746878 0.000221369 0.0195368 5.46794e-06 0.732699
0.12487  892.577 0.0398755 0.000817688 0.205232 0.00044712 0.000755476 0.000219614 0.0199562 5.37841e-06 0.732691
0.125  895.82 0.0397791 0.000836524 0.204867 0.000463898 0.000764222 0.000217862 0.0203832 5.28818e-06 0.732683
0.125065  897.452 0.0397303 0.000846064 0.204681 0.000472491 0.000768653 0.000216987 0.0205997 5.24287e-06 0.732679
0.12513  899.091 0.0396812 0.000855686 0.204494 0.000481223 0.000773126 0.000216113 0.0208181 5.19745e-06 0.732675
0.125195  900.737 0.0396317 0.00086539 0.204306 0.000490095 0.00077764 0.00021524 0.0210385 5.15194e-06 0.732671
0.12526  902.391 0.0395819 0.000875176 0.204115 0.000499108 0.000782197 0.000214368 0.0212609 5.10635e-06 0.732666
0.125326  904.051 0.0395317 0.000885045 0.203923 0.000508264 0.000786798 0.000213496 0.0214854 5.06072e-06 0.732661
0.125391  905.719 0.0394812 0.000894997 0.203729 0.000517565 0.000791444 0.000212626 0.0217118 5.01505e-06 0.732657
0.125456  907.393 0.0394303 0.000905032 0.203533 0.000527011 0.000796137 0.000211757 0.0219404 4.96937e-06 0.732652
0.125521  909.075 0.039379 0.00091515 0.203335 0.000536605 0.000800878 0.000210888 0.0221711 4.92371e-06 0.732647
0.125586  910.763 0.0393273 0.000925352 0.203135 0.000546348 0.000805668 0.000210021 0.0224038 4.87806e-06 0.732641
0.125651  912.459 0.0392753 0.000935637 0.202934 0.000556241 0.000810509 0.000209155 0.0226387 4.83247e-06 0.732636
0.125716  914.161 0.0392229 0.000946007 0.20273 0.000566287 0.000815401 0.00020829 0.0228758 4.78694e-06 0.73263
0.125781  915.871 0.0391702 0.000956461 0.202525 0.000576486 0.000820346 0.000207426 0.023115 4.7415e-06 0.732625
0.125846  917.587 0.039117 0.000966999 0.202317 0.00058684 0.000825345 0.000206563 0.0233564 4.69615e-06 0.732619
0.125911  919.31 0.0390635 0.000977621 0.202108 0.00059735 0.000830401 0.000205702 0.0236001 4.65093e-06 0.732613
0.125977  921.04 0.0390096 0.000988329 0.201896 0.000608019 0.000835513 0.000204842 0.023846 4.60585e-06 0.732607
0.126042  922.777 0.0389554 0.000999121 0.201683 0.000618847 0.000840684 0.000203983 0.0240941 4.56092e-06 0.732601
0.126107  924.521 0.0389008 0.00101 0.201467 0.000629836 0.000845915 0.000203126 0.0243445 4.51616e-06 0.732594
0.126172  926.271 0.0388457 0.00102096 0.201249 0.000640988 0.000851207 0.00020227 0.0245973 4.47159e-06 0.732588
0.126237  928.028 0.0387904 0.00103201 0.201029 0.000652303 0.000856562 0.000201416 0.0248523 4.42723e-06 0.732581
0.126302  929.792 0.0387346 0.00104314 0.200808 0.000663784 0.000861981 0.000200563 0.0251098 4.38309e-06 0.732574
0.126367  931.563 0.0386785 0.00105436 0.200583 0.000675431 0.000867465 0.000199711 0.0253696 4.33919e-06 0.732567
0.126432  933.34 0.0386219 0.00106566 0.200357 0.000687246 0.000873017 0.000198861 0.0256317 4.29554e-06 0.73256
0.126497  935.124 0.038565 0.00107705 0.200129 0.000699231 0.000878637 0.000198013 0.0258964 4.25216e-06 0.732553
0.126562  936.915 0.0385077 0.00108853 0.199898 0.000711387 0.000884327 0.000197166 0.0261634 4.20906e-06 0.732545
0.126628  938.712 0.0384501 0.00110009 0.199665 0.000723715 0.000890089 0.000196321 0.0264329 4.16625e-06 0.732538
0.126693  940.516 0.038392 0.00111174 0.19943 0.000736217 0.000895924 0.000195478 0.0267049 4.12376e-06 0.73253
0.126758  942.326 0.0383336 0.00112347 0.199192 0.000748893 0.000901833 0.000194636 0.0269795 4.08159e-06 0.732522
0.126823  944.143 0.0382748 0.00113529 0.198952 0.000761746 0.000907818 0.000193796 0.0272565 4.03976e-06 0.732514
0.126888  945.966 0.0382156 0.0011472 0.19871 0.000774776 0.000913881 0.000192957 0.0275361 3.99827e-06 0.732505
0.126953  947.796 0.038156 0.00115919 0.198465 0.000787984 0.000920023 0.000192121 0.0278184 3.95715e-06 0.732497
0.127018  949.632 0.038096 0.00117127 0.198218 0.000801373 0.000926245 0.000191286 0.0281032 3.9164e-06 0.732488
0.127083  951.474 0.0380357 0.00118344 0.197969 0.000814943 0.00093255 0.000190453 0.0283906 3.87604e-06 0.732479
0.127148  953.323 0.0379749 0.00119569 0.197717 0.000828696 0.000938938 0.000189621 0.0286807 3.83607e-06 0.73247
0.127214  955.178 0.0379138 0.00120803 0.197463 0.000842632 0.000945413 0.000188792 0.0289735 3.7965e-06 0.732461
0.127279  957.04 0.0378523 0.00122045 0.197206 0.000856753 0.000951974 0.000187964 0.029269 3.75735e-06 0.732452
0.127344  958.908 0.0377903 0.00123296 0.196946 0.00087106 0.000958623 0.000187138 0.0295673 3.71863e-06 0.732442
0.127409  960.782 0.0377281 0.00124556 0.196684 0.000885554 0.000965363 0.000186314 0.0298683 3.68034e-06 0.732433
0.127474  962.662 0.0376654 0.00125824 0.19642 0.000900235 0.000972194 0.000185492 0.030172 3.6425e-06 0.732423
0.127539  964.549 0.0376023 0.00127101 0.196153 0.000915106 0.000979119 0.000184672 0.0304786 3.60511e-06 0.732413
0.127604  966.441 0.0375388 0.00128386 0.195883 0.000930167 0.000986138 0.000183854 0.030788 3.56817e-06 0.732403
0.127669  968.34 0.037475 0.0012968 0.19561 0.000945418 0.000993254 0.000183038 0.0311002 3.53171e-06 0.732392
0.127734  970.245 0.0374108 0.00130982 0.195335 0.000960862 0.00100047 0.000182224 0.0314153 3.49572e-06 0.732382
0.127799  972.155 0.0373461 0.00132293 0.195057 0.000976498 0.00100778 0.000181411 0.0317333 3.46021e-06 0.732371
0.127865  974.072 0.0372811 0.00133613 0.194777 0.000992328 0.0010152 0.000180601 0.0320543 3.42519e-06 0.73236
0.12793  975.995 0.0372157 0.00134941 0.194493 0.00100835 0.00102272 0.000179793 0.0323781 3.39067e-06 0.732349
0.127995  977.924 0.0371499 0.00136278 0.194207 0.00102457 0.00103034 0.000178987 0.032705 3.35664e-06 0.732338
0.12806  979.858 0.0370838 0.00137623 0.193918 0.00104099 0.00103807 0.000178182 0.0330348 3.32311e-06 0.732327
0.128125  981.799 0.0370172 0.00138976 0.193626 0.0010576 0.0010459 0.00017738 0.0333676 3.2901e-06 0.732315
0.12819  983.745 0.0369503 0.00140338 0.193331 0.00107441 0.00105385 0.00017658 0.0337035 3.2576e-06 0.732303
0.128255  985.697 0.036883 0.00141709 0.193034 0.00109142 0.00106191 0.000175782 0.0340425 3.22562e-06 0.732292
0.12832  987.655 0.0368152 0.00143087 0.192733 0.00110863 0.00107008 0.000174985 0.0343845 3.19415e-06 0.73228
0.128385  989.619 0.0367471 0.00144474 0.192429 0.00112603 0.00107836 0.000174191 0.0347296 3.16321e-06 0.732267
0.128451  991.588 0.0366787 0.0014587 0.192123 0.00114364 0.00108676 0.000173399 0.0350779 3.1328e-06 0.732255
0.128516  993.563 0.0366098 0.00147274 0.191813 0.00116145 0.00109528 0.000172609 0.0354293 3.10291e-06 0.732242
0.128581  995.543 0.0365406 0.00148686 0.191501 0.00117945 0.00110392 0.000171822 0.0357839 3.07356e-06 0.73223
0.128646  997.529 0.0364709 0.00150106 0.191185 0.00119766 0.00111267 0.000171036 0.0361417 3.04474e-06 0.732217
0.128711  999.521 0.0364009 0.00151535 0.190866 0.00121607 0.00112155 0.000170252 0.0365027 3.01645e-06 0.732204
0.128776  1001.52 0.0363305 0.00152971 0.190545 0.00123469 0.00113056 0.00016947 0.0368669 2.9887e-06 0.73219
0.128841  1003.52 0.0362598 0.00154416 0.19022 0.0012535 0.00113969 0.000168691 0.0372344 2.96148e-06 0.732177
0.128906  1005.53 0.0361886 0.00155869 0.189892 0.00127252 0.00114894 0.000167913 0.0376052 2.9348e-06 0.732164
0.128971  1007.54 0.0361171 0.00157331 0.18956 0.00129174 0.00115833 0.000167138 0.0379793 2.90866e-06 0.73215
0.129036  1009.56 0.0360452 0.001588 0.189226 0.00131116 0.00116784 0.000166365 0.0383567 2.88305e-06 0.732136
0.129102  1011.58 0.0359729 0.00160277 0.188888 0.00133079 0.00117749 0.000165593 0.0387374 2.85798e-06 0.732122
0.129167  1013.61 0.0359003 0.00161762 0.188547 0.00135061 0.00118727 0.000164824 0.0391215 2.83344e-06 0.732108
0.129232  1015.65 0.0358273 0.00163255 0.188203 0.00137064 0.00119719 0.000164057 0.039509 2.80943e-06 0.732094
0.129297  1017.68 0.0357539 0.00164756 0.187855 0.00139088 0.00120724 0.000163292 0.0398999 2.78596e-06 0.732079
0.129362  1019.73 0.0356802 0.00166264 0.187504 0.00141131 0.00121742 0.000162529 0.0402942 2.76301e-06 0.732065
0.129427  1021.78 0.0356061 0.0016778 0.18715 0.00143195 0.00122775 0.000161768 0.0406919 2.7406e-06 0.73205
0.129492  1023.83 0.0355316 0.00169305 0.186793 0.00145279 0.00123822 0.000161009 0.0410931 2.71871e-06 0.732035
0.129557  1025.89 0.0354567 0.00170836 0.186432 0.00147383 0.00124883 0.000160252 0.0414977 2.69734e-06 0.73202
0.129688  1030.02 0.035306 0.00173923 0.185699 0.00151651 0.00127048 0.000158745 0.0423175 2.65617e-06 0.73199
0.129818  1034.18 0.0351538 0.00177039 0.184953 0.00156 0.00129272 0.000157245 0.0431514 2.61706e-06 0.731959
0.129948  1038.35 0.0350001 0.00180185 0.184193 0.00160428 0.00131555 0.000155754 0.0439994 2.57998e-06 0.731927
0.130078  1042.54 0.0348451 0.00183359 0.183419 0.00164936 0.00133899 0.00015427 0.0448618 2.5449e-06 0.731895
0.130208  1046.74 0.0346887 0.00186563 0.182631 0.00169521 0.00136305 0.000152795 0.0457386 2.51179e-06 0.731863
0.130339  1050.97 0.034531 0.00189794 0.181828 0.00174185 0.00138774 0.000151327 0.0466299 2.48061e-06 0.73183
0.130469  1055.21 0.0343719 0.00193052 0.18101 0.00178926 0.00141306 0.000149866 0.0475358 2.45133e-06 0.731797
0.130599  1059.46 0.0342115 0.00196337 0.180178 0.00183742 0.00143902 0.000148414 0.0484564 2.42391e-06 0.731763
0.130729  1063.74 0.0340497 0.00199649 0.179331 0.00188633 0.00146565 0.000146969 0.0493917 2.3983e-06 0.73173
0.130859  1068.03 0.0338867 0.00202986 0.178469 0.00193598 0.00149293 0.000145531 0.0503418 2.37446e-06 0.731695
0.13099  1072.33 0.0337225 0.00206347 0.177593 0.00198635 0.00152089 0.000144101 0.0513067 2.35235e-06 0.731661
0.13125  1080.98 0.0333904 0.00213142 0.175794 0.00208922 0.00157883 0.000141261 0.0532811 2.31317e-06 0.731591
0.13151  1089.68 0.0330536 0.00220028 0.173935 0.00219479 0.00163952 0.000138449 0.0553149 2.28035e-06 0.731521
0.131771  1098.44 0.0327123 0.00226997 0.172015 0.00230294 0.00170302 0.000135664 0.057408 2.25351e-06 0.731451
0.132031  1107.23 0.0323669 0.00234044 0.170034 0.00241349 0.00176934 0.000132904 0.05956 2.23226e-06 0.73138
0.132292  1116.07 0.0320176 0.00241161 0.167993 0.00252628 0.00183851 0.000130169 0.0617704 2.21624e-06 0.73131
0.132552  1124.94 0.0316646 0.0024834 0.165891 0.0026411 0.00191054 0.000127457 0.0640383 2.20505e-06 0.731241
0.132812  1133.84 0.0313084 0.00255575 0.163731 0.00275774 0.0019854 0.000124768 0.0663626 2.19834e-06 0.731172
0.133073  1142.77 0.0309491 0.00262856 0.161512 0.00287598 0.0020631 0.000122102 0.0687418 2.19575e-06 0.731105
0.133333  1151.71 0.0305872 0.00270176 0.159236 0.00299557 0.0021436 0.000119456 0.0711745 2.19692e-06 0.73104
0.133594  1160.67 0.030223 0.00277527 0.156904 0.00311627 0.00222685 0.000116831 0.0736589 2.20154e-06 0.730976
0.133854  1169.64 0.0298569 0.00284898 0.154519 0.00323779 0.0023128 0.000114226 0.0761927 2.20927e-06 0.730915
0.134115  1178.61 0.0294891 0.00292283 0.152083 0.00335988 0.00240139 0.00011164 0.0787736 2.21982e-06 0.730856
0.134375  1187.58 0.0291201 0.0029967 0.149597 0.00348223 0.00249253 0.000109073 0.0813991 2.23289e-06 0.730801
0.134635  1196.53 0.0287504 0.00307051 0.147065 0.00360456 0.00258612 0.000106526 0.0840664 2.24821e-06 0.730748
0.134896  1205.48 0.0283801 0.00314417 0.14449 0.00372656 0.00268206 0.000103998 0.0867724 2.26553e-06 0.730699
0.135156  1214.4 0.0280099 0.00321759 0.141874 0.00384794 0.00278025 0.000101489 0.089514 2.28459e-06 0.730653
0.135417  1223.3 0.02764 0.00329067 0.13922 0.00396837 0.00288054 9.89991e-05 0.0922878 2.30518e-06 0.730611
0.135677  1232.17 0.0272708 0.00336332 0.136534 0.00408758 0.00298281 9.65294e-05 0.0950903 2.32706e-06 0.730573
0.135937  1241 0.0269028 0.00343545 0.133817 0.00420524 0.00308692 9.40802e-05 0.0979178 2.35005e-06 0.730539
0.136198  1249.78 0.0265364 0.00350696 0.131074 0.00432107 0.00319271 9.16522e-05 0.100766 2.37395e-06 0.730509
0.136458  1258.52 0.0261719 0.00357778 0.128308 0.00443477 0.00330002 8.92461e-05 0.103632 2.39858e-06 0.730483
0.136719  1267.21 0.0258097 0.00364782 0.125525 0.00454607 0.0034087 8.6863e-05 0.106512 2.42378e-06 0.730462
0.136979  1275.84 0.0254503 0.00371698 0.122728 0.00465469 0.00351858 8.45039e-05 0.109401 2.44941e-06 0.730444
0.13724  1284.41 0.0250939 0.0037852 0.11992 0.00476038 0.00362949 8.21699e-05 0.112295 2.47532e-06 0.730432
0.1375  1292.91 0.0247409 0.00385239 0.117107 0.0048629 0.00374126 7.98622e-05 0.11519 2.50137e-06 0.730423
0.13776  1301.34 0.0243918 0.00391847 0.114293 0.00496201 0.00385373 7.75822e-05 0.118083 2.52747e-06 0.730418
0.138021  1309.69 0.0240468 0.00398339 0.111481 0.00505752 0.00396672 7.5331e-05 0.120969 2.55349e-06 0.730418
0.138281  1317.96 0.0237062 0.00404707 0.108676 0.00514922 0.00408007 7.311e-05 0.123844 2.57935e-06 0.730421
0.138542  1326.15 0.0233704 0.00410945 0.105883 0.00523695 0.00419361 7.09206e-05 0.126705 2.60494e-06 0.730429
0.138802  1334.25 0.0230396 0.00417046 0.103103 0.00532056 0.00430719 6.87642e-05 0.129548 2.63021e-06 0.73044
0.139063  1342.27 0.0227142 0.00423007 0.100343 0.00539992 0.00442065 6.66421e-05 0.132369 2.65508e-06 0.730454
0.139323  1350.19 0.0223943 0.00428821 0.0976049 0.00547492 0.00453384 6.45555e-05 0.135164 2.67948e-06 0.730472
0.139583  1358.01 0.0220803 0.00434485 0.0948928 0.00554547 0.00464662 6.25057e-05 0.137932 2.70338e-06 0.730493
0.139844  1365.74 0.0217722 0.00439995 0.0922098 0.00561152 0.00475886 6.04939e-05 0.140667 2.72672e-06 0.730517
0.140104  1373.36 0.0214704 0.00445346 0.0895594 0.00567302 0.00487043 5.85213e-05 0.143368 2.74946e-06 0.730544
0.140365  1380.88 0.021175 0.00450536 0.0869444 0.00572994 0.00498121 5.65889e-05 0.146031 2.77159e-06 0.730574
0.140625  1388.3 0.0208861 0.00455563 0.0843677 0.00578229 0.00509108 5.46976e-05 0.148654 2.79307e-06 0.730605
0.140885  1395.62 0.020604 0.00460424 0.0818318 0.00583009 0.00519995 5.28483e-05 0.151235 2.81389e-06 0.730639
0.141146  1402.82 0.0203286 0.00465117 0.0793392 0.00587338 0.00530771 5.10419e-05 0.153771 2.83404e-06 0.730675
0.141406  1409.92 0.0200602 0.00469642 0.0768919 0.00591221 0.00541429 4.92788e-05 0.156261 2.8535e-06 0.730712
0.141667  1416.91 0.0197987 0.00473998 0.074492 0.00594665 0.0055196 4.75597e-05 0.158701 2.87229e-06 0.730751
0.141927  1423.79 0.0195443 0.00478184 0.0721412 0.0059768 0.00562357 4.58851e-05 0.161092 2.89038e-06 0.730792
0.142188  1430.57 0.019297 0.004822 0.0698409 0.00600276 0.00572615 4.42553e-05 0.163431 2.9078e-06 0.730833
0.142448  1437.23 0.0190569 0.00486046 0.0675926 0.00602465 0.00582726 4.26704e-05 0.165717 2.92455e-06 0.730875
0.142708  1443.79 0.0188238 0.00489725 0.0653973 0.0060426 0.00592688 4.11307e-05 0.16795 2.94063e-06 0.730918
0.142969  1450.23 0.0185979 0.00493235 0.0632559 0.00605674 0.00602495 3.9636e-05 0.170128 2.95607e-06 0.730962
0.143229  1456.57 0.0183791 0.0049658 0.0611691 0.00606723 0.00612145 3.81864e-05 0.17225 2.97087e-06 0.731006
0.14349  1462.8 0.0181674 0.00499761 0.0591374 0.00607423 0.00621635 3.67816e-05 0.174317 2.98505e-06 0.73105
0.14375  1468.93 0.0179626 0.00502779 0.0571612 0.00607789 0.00630962 3.54214e-05 0.176328 2.99862e-06 0.731095
0.14401  1474.95 0.0177648 0.00505637 0.0552407 0.00607838 0.00640124 3.41053e-05 0.178282 3.01161e-06 0.731139
0.144271  1480.86 0.0175739 0.00508338 0.053376 0.00607588 0.00649122 3.28329e-05 0.18018 3.02402e-06 0.731183
0.144531  1486.68 0.0173898 0.00510883 0.0515668 0.00607056 0.00657953 3.16037e-05 0.182022 3.03589e-06 0.731227
0.144792  1492.38 0.0172124 0.00513277 0.049813 0.0060626 0.00666618 3.04171e-05 0.183809 3.04722e-06 0.731271
0.145052  1497.99 0.0170416 0.00515522 0.0481141 0.00605217 0.00675116 2.92724e-05 0.185539 3.05804e-06 0.731314
0.145313  1503.5 0.0168773 0.00517621 0.0464696 0.00603944 0.00683449 2.81688e-05 0.187215 3.06836e-06 0.731357
0.145573  1508.91 0.0167193 0.00519577 0.044879 0.00602459 0.00691617 2.71056e-05 0.188836 3.0782e-06 0.731399
0.145833  1514.23 0.0165676 0.00521395 0.0433416 0.00600779 0.00699621 2.6082e-05 0.190403 3.08757e-06 0.73144
0.146354  1524.58 0.0162824 0.00524624 0.0404235 0.00596885 0.00715139 2.41504e-05 0.19338 3.10499e-06 0.731521
0.146875  1534.56 0.0160205 0.00527342 0.0377075 0.00592404 0.0073002 2.2366e-05 0.196151 3.12076e-06 0.731598
0.147396  1544.2 0.0157808 0.00529577 0.0351855 0.00587455 0.00744279 2.07212e-05 0.198726 3.13497e-06 0.731671
0.147917  1553.5 0.015562 0.00531361 0.0328484 0.00582146 0.00757935 1.92079e-05 0.201112 3.14774e-06 0.731741
0.148438  1562.48 0.0153629 0.00532723 0.0306869 0.00576576 0.00771006 1.78181e-05 0.20332 3.15917e-06 0.731806
0.148958  1571.16 0.0151823 0.00533693 0.0286912 0.00570832 0.00783514 1.65437e-05 0.205358 3.16933e-06 0.731868
0.149479  1579.54 0.015019 0.00534302 0.0268517 0.00564989 0.00795478 1.53767e-05 0.207237 3.1783e-06 0.731926
0.15  1587.65 0.0148718 0.00534577 0.0251585 0.00559113 0.00806921 1.43095e-05 0.208966 3.18614e-06 0.73198
0.150521  1595.49 0.0147396 0.00534545 0.023602 0.00553258 0.00817863 1.33344e-05 0.210556 3.19291e-06 0.73203
0.151042  1603.09 0.0146211 0.00534234 0.0221728 0.0054747 0.00828327 1.24445e-05 0.212014 3.19867e-06 0.732076
0.151563  1610.45 0.0145155 0.00533669 0.0208618 0.00541786 0.00838332 1.16329e-05 0.213351 3.20346e-06 0.732119
0.152083  1617.59 0.0144217 0.00532872 0.0196603 0.00536233 0.00847899 1.08932e-05 0.214575 3.20733e-06 0.732159
0.152604  1624.51 0.0143386 0.00531866 0.0185602 0.00530834 0.00857048 1.02193e-05 0.215695 3.21031e-06 0.732196
0.153125  1631.23 0.0142655 0.00530673 0.0175533 0.00525604 0.00865799 9.60566e-06 0.216718 3.21244e-06 0.732229
0.153646  1637.77 0.0142014 0.00529311 0.0166325 0.00520552 0.00874171 9.04696e-06 0.217653 3.21376e-06 0.73226
0.154167  1644.12 0.0141456 0.005278 0.0157906 0.00515684 0.00882181 8.53835e-06 0.218507 3.2143e-06 0.732289
0.154688  1650.3 0.0140973 0.00526155 0.0150211 0.00511001 0.00889847 8.07533e-06 0.219286 3.21409e-06 0.732315
0.155208  1656.32 0.0140559 0.00524393 0.0143181 0.00506504 0.00897186 7.65373e-06 0.219996 3.21317e-06 0.732338
0.155729  1662.19 0.0140206 0.00522528 0.0136757 0.00502186 0.00904214 7.26975e-06 0.220644 3.21155e-06 0.73236
0.15625  1667.91 0.0139909 0.00520573 0.0130888 0.00498044 0.00910946 6.91987e-06 0.221235 3.20928e-06 0.73238
0.156771  1673.49 0.0139663 0.00518541 0.0125525 0.0049407 0.00917397 6.60089e-06 0.221773 3.20637e-06 0.732398
0.157292  1678.95 0.0139462 0.00516441 0.0120623 0.00490256 0.00923581 6.30985e-06 0.222265 3.20286e-06 0.732415
0.158333  1689.48 0.0139183 0.00512072 0.0112077 0.00483082 0.00935186 5.80308e-06 0.223118 3.19411e-06 0.732443
0.159375  1699.55 0.0139037 0.00507546 0.010492 0.00476441 0.00945871 5.37904e-06 0.22383 3.18325e-06 0.732467
0.160417  1709.22 0.0138995 0.00502918 0.00989114 0.00470261 0.00955725 5.02264e-06 0.224426 3.17048e-06 0.732487
0.161458  1718.51 0.0139037 0.00498235 0.00938507 0.00464476 0.00964827 4.72151e-06 0.224925 3.15597e-06 0.732503
0.1625  1727.45 0.0139145 0.00493533 0.00895701 0.00459028 0.00973245 4.46551e-06 0.225347 3.13989e-06 0.732516
0.163542  1736.07 0.0139303 0.00488841 0.00859311 0.00453863 0.00981042 4.2464e-06 0.225705 3.12242e-06 0.732527
0.164583  1744.4 0.01395 0.00484181 0.00828195 0.00448938 0.00988274 4.05747e-06 0.226011 3.10369e-06 0.732536
0.165625  1752.45 0.0139726 0.0047957 0.0080141 0.00444217 0.00994989 3.89328e-06 0.226275 3.08386e-06 0.732544
0.166667  1760.25 0.0139974 0.00475023 0.00778185 0.00439668 0.0100123 3.74941e-06 0.226505 3.06305e-06 0.73255
0.167708  1767.82 0.0140237 0.00470547 0.00757887 0.00435268 0.0100704 3.62228e-06 0.226707 3.04139e-06 0.732555
0.16875  1775.15 0.014051 0.00466151 0.00739995 0.00430994 0.0101245 3.50901e-06 0.226888 3.01897e-06 0.732559
0.169792  1782.28 0.0140789 0.00461839 0.00724088 0.00426833 0.010175 3.40723e-06 0.22705 2.99591e-06 0.732562
0.170833  1789.21 0.0141072 0.00457615 0.00709818 0.00422769 0.010222 3.31503e-06 0.227197 2.97229e-06 0.732565
0.171875  1795.95 0.0141355 0.00453478 0.00696905 0.00418794 0.0102659 3.23088e-06 0.227333 2.9482e-06 0.732568
0.172917  1802.52 0.0141638 0.00449431 0.00685117 0.00414898 0.0103069 3.15352e-06 0.227459 2.92371e-06 0.73257
0.173958  1808.91 0.0141918 0.00445473 0.00674268 0.00411076 0.0103451 3.08192e-06 0.227578 2.89889e-06 0.732571
0.175  1815.15 0.0142194 0.00441603 0.00664203 0.00407321 0.0103808 3.01524e-06 0.22769 2.87381e-06 0.732573
0.176042  1821.23 0.0142467 0.00437819 0.006548 0.0040363 0.0104142 2.9528e-06 0.227797 2.84852e-06 0.732574
0.177083  1827.16 0.0142734 0.0043412 0.00645956 0.00399999 0.0104453 2.89404e-06 0.2279 2.82307e-06 0.732575
0.178125  1832.96 0.0142997 0.00430504 0.00637589 0.00396425 0.0104744 2.8385e-06 0.228 2.79751e-06 0.732575
0.179167  1838.62 0.0143253 0.00426968 0.0062963 0.00392907 0.0105015 2.78579e-06 0.228096 2.77188e-06 0.732576
0.180208  1844.16 0.0143505 0.00423511 0.00622024 0.00389442 0.0105267 2.7356e-06 0.228191 2.74621e-06 0.732577
0.18125  1849.57 0.014375 0.0042013 0.00614726 0.00386029 0.0105502 2.68766e-06 0.228283 2.72055e-06 0.732577
0.182292  1854.86 0.014399 0.00416822 0.00607699 0.00382667 0.0105721 2.64176e-06 0.228374 2.69491e-06 0.732578
0.183333  1860.05 0.0144224 0.00413586 0.00600911 0.00379353 0.0105924 2.59769e-06 0.228463 2.66933e-06 0.732578
0.184375  1865.12 0.0144453 0.00410419 0.00594339 0.00376088 0.0106112 2.55531e-06 0.228552 2.64383e-06 0.732578
0.185417  1870.09 0.0144676 0.00407319 0.00587959 0.0037287 0.0106286 2.51447e-06 0.228639 2.61844e-06 0.732579
0.186458  1874.95 0.0144893 0.00404284 0.00581756 0.00369698 0.0106448 2.47506e-06 0.228725 2.59316e-06 0.732579
0.1875  1879.72 0.0145106 0.00401311 0.00575713 0.00366571 0.0106596 2.43698e-06 0.22881 2.56803e-06 0.732579
0.188542  1884.4 0.0145313 0.00398399 0.0056982 0.00363489 0.0106733 2.40014e-06 0.228894 2.54305e-06 0.732579
0.189583  1888.98 0.0145515 0.00395545 0.00564065 0.00360451 0.0106858 2.36446e-06 0.228978 2.51824e-06 0.732579
0.190625  1893.48 0.0145713 0.00392747 0.0055844 0.00357456 0.0106973 2.32987e-06 0.229061 2.49361e-06 0.73258
0.191667  1897.9 0.0145906 0.00390005 0.00552937 0.00354503 0.0107077 2.29631e-06 0.229143 2.46917e-06 0.73258
0.192708  1902.23 0.0146094 0.00387315 0.00547549 0.00351592 0.0107171 2.26373e-06 0.229224 2.44494e-06 0.73258
0.19375  1906.48 0.0146279 0.00384676 0.0054227 0.00348721 0.0107256 2.23207e-06 0.229305 2.42091e-06 0.73258
0.194792  1910.65 0.0146459 0.00382087 0.00537096 0.00345891 0.0107332 2.20128e-06 0.229385 2.3971e-06 0.73258
0.195833  1914.76 0.0146635 0.00379546 0.00532022 0.003431 0.01074 2.17134e-06 0.229465 2.37352e-06 0.73258
0.196875  1918.79 0.0146807 0.00377052 0.00527044 0.00340348 0.0107459 2.1422e-06 0.229544 2.35016e-06 0.73258
0.197917  1922.75 0.0146975 0.00374602 0.00522158 0.00337634 0.010751 2.11382e-06 0.229623 2.32704e-06 0.73258
0.198958  1926.64 0.014714 0.00372196 0.00517361 0.00334958 0.0107554 2.08618e-06 0.229701 2.30415e-06 0.73258
0.2  1930.46 0.0147301 0.00369833 0.00512651 0.00332318 0.0107591 2.05923e-06 0.229778 2.28151e-06 0.732581
0.203125  1941.56 0.0147764 0.00362988 0.00499013 0.00324617 0.0107662 1.98238e-06 0.230006 2.21507e-06 0.732581
0.20625  1952.14 0.01482 0.0035648 0.00486058 0.00317224 0.0107678 1.91093e-06 0.23023 2.15087e-06 0.732581
0.209375  1962.23 0.014861 0.00350283 0.00473731 0.00310123 0.0107648 1.84431e-06 0.230448 2.0889e-06 0.732581
0.2125  1971.87 0.0148998 0.00344372 0.00461984 0.00303299 0.0107575 1.78204e-06 0.230661 2.02917e-06 0.732581
0.215625  1981.1 0.0149366 0.00338724 0.00450776 0.00296737 0.0107465 1.72372e-06 0.23087 1.97162e-06 0.732581
0.21875  1989.95 0.0149714 0.00333319 0.00440069 0.00290423 0.0107322 1.66897e-06 0.231073 1.91622e-06 0.732581
0.221875  1998.44 0.0150045 0.00328141 0.00429831 0.00284344 0.010715 1.61748e-06 0.231272 1.86291e-06 0.732581
0.225  2006.6 0.015036 0.00323174 0.0042003 0.00278488 0.0106952 1.56898e-06 0.231467 1.81162e-06 0.732581
0.228125  2014.46 0.015066 0.00318402 0.00410638 0.00272844 0.0106732 1.52321e-06 0.231657 1.76229e-06 0.732581
0.23125  2022.02 0.0150947 0.00313814 0.0040163 0.002674 0.010649 1.47995e-06 0.231843 1.71485e-06 0.732581
0.234375  2029.3 0.0151221 0.00309397 0.00392982 0.00262147 0.0106231 1.43901e-06 0.232025 1.66922e-06 0.732581
0.2375  2036.34 0.0151484 0.00305141 0.00384673 0.00257074 0.0105956 1.40021e-06 0.232203 1.62533e-06 0.732581
0.240625  2043.13 0.0151735 0.00301036 0.00376683 0.00252174 0.0105667 1.36339e-06 0.232377 1.58312e-06 0.732581
0.24375  2049.69 0.0151977 0.00297072 0.00368994 0.00247437 0.0105364 1.32841e-06 0.232547 1.5425e-06 0.732581
0.246875  2056.05 0.0152208 0.00293243 0.00361589 0.00242856 0.0105051 1.29513e-06 0.232713 1.50342e-06 0.732581
0.25  2062.19 0.0152432 0.0028954 0.00354452 0.00238424 0.0104728 1.26344e-06 0.232876 1.4658e-06 0.732581
0.25625  2073.92 0.0152853 0.0028249 0.00340935 0.00229982 0.0104057 1.20444e-06 0.233191 1.39475e-06 0.732581
0.2625  2084.95 0.0153245 0.00275868 0.00328327 0.00222056 0.0103358 1.15061e-06 0.233493 1.32881e-06 0.732581
0.26875  2095.36 0.0153611 0.00269631 0.0031654 0.00214599 0.010264 1.10131e-06 0.233784 1.26753e-06 0.732581
0.275  2105.21 0.0153954 0.00263743 0.00305495 0.00207572 0.0101906 1.05602e-06 0.234063 1.21052e-06 0.732581
0.28125  2114.54 0.0154275 0.00258172 0.00295125 0.0020094 0.0101161 1.01429e-06 0.234331 1.15739e-06 0.732581
0.2875  2123.4 0.0154578 0.00252891 0.00285368 0.00194671 0.0100409 9.7572e-07 0.234589 1.10782e-06 0.732581
0.29375  2131.83 0.0154864 0.00247874 0.00276172 0.00188736 0.00996525 9.39983e-07 0.234838 1.06149e-06 0.732581
0.3  2139.86 0.0155134 0.00243099 0.00267491 0.00183109 0.0098894 9.06792e-07 0.235078 1.01815e-06 0.732581
0.31875  2161.76 0.0155863 0.00230103 0.00244221 0.00167918 0.0096634 8.20428e-07 0.235746 9.04056e-07 0.73258
0.3375  2181.04 0.0156493 0.00218699 0.00224274 0.00154778 0.0094411 7.4939e-07 0.23635 8.08995e-07 0.73258
0.35625  2198.18 0.0157046 0.00208589 0.00206997 0.00143312 0.00922472 6.90075e-07 0.236901 7.28944e-07 0.73258
0.375  2213.55 0.0157535 0.00199547 0.00191902 0.00133226 0.00901538 6.39909e-07 0.237403 6.60885e-07 0.73258
0.403125  2233.81 0.0158174 0.00187647 0.00172585 0.00120235 0.00871656 5.7793e-07 0.238081 5.76566e-07 0.732579
0.43125  2251.44 0.0158724 0.00177317 0.0015636 0.00109251 0.00843515 5.27744e-07 0.238683 5.08325e-07 0.732579
0.459375  2266.95 0.0159205 0.00168248 0.00142565 0.000998628 0.00817087 4.86364e-07 0.239222 4.52249e-07 0.732579
0.4875  2280.71 0.0159628 0.00160211 0.00130714 0.000917593 0.00792281 4.51712e-07 0.239708 4.05576e-07 0.732578
0.529688  2298.66 0.0160178 0.00149743 0.00115842 0.000815422 0.00758009 4.09304e-07 0.240352 3.49031e-07 0.732578
0.571875  2314.07 0.0160648 0.0014076 0.00103611 0.000731011 0.00726765 3.75218e-07 0.240915 3.04317e-07 0.732578
0.614063  2327.51 0.0161056 0.00132952 0.000934043 0.000660317 0.00698241 3.47225e-07 0.24141 2.68254e-07 0.732577
0.65625  2339.26 0.0161413 0.00126113 0.000848105 0.000600554 0.00672162 3.2388e-07 0.24185 2.38804e-07 0.732577
0.782813  2366.89 0.0162253 0.00110067 0.000659647 0.000468933 0.00606986 2.72929e-07 0.242899 1.77284e-07 0.732577
0.909375  2387.2 0.0162871 0.000982488 0.000533438 0.00038035 0.00555299 2.38306e-07 0.243687 1.38579e-07 0.732576
1.09922  2409.14 0.0163544 0.000855188 0.000410389 0.000293629 0.00496107 2.03195e-07 0.244549 1.02847e-07 0.732576
1.28906  2424.6 0.0164022 0.000765209 0.00033196 0.000238158 0.00452005 1.79364e-07 0.245167 8.11809e-08 0.732576
1.57383  2440.58 0.016452 0.00067242 0.000258873 0.00018633 0.00404574 1.55379e-07 0.245809 6.18008e-08 0.732575
1.85859  2450.97 0.0164847 0.000611871 0.000215627 0.000155586 0.00372526 1.39905e-07 0.246232 5.07271e-08 0.732575
2.71289  2465.77 0.0165315 0.000525439 0.000160161 0.000116094 0.0032528 1.17887e-07 0.246839 3.69844e-08 0.732575
3.99434  2473.73 0.016557 0.00047901 0.00013348 9.70854e-05 0.00299178 1.06041e-07 0.247167 3.05694e-08 0.732575
5.9165  2473.73 0.016557 0.00047901 0.00013348 9.70854e-05 0.00299178 1.06041e-07 0.247167 3.05694e-08 0.732575
