TITLE="Graphics"
VARIABLES= "x", "T1", "Y_H2_1", 
"Y_H_1", "Y_O2_1", "Y_O_1", "Y_OH_1", "Y_HO2_1", "Y_H2O_1", "Y_H2O2_1", "Y_N2_1"
0  700 0.0421812 0 0.223179 0 0 0 0 0 0.734639
0.00625  700 0.0421812 4.1489e-17 0.223179 1.0382e-17 2.14713e-18 2.74146e-10 6.71604e-12 4.62316e-13 0.734639
0.0125  700 0.0421812 5.30672e-18 0.223179 1.14871e-18 2.12446e-19 -2.8786e-10 -9.91358e-12 -4.70362e-13 0.734639
0.01875  700 0.0421812 1.13509e-16 0.223179 3.43462e-17 6.43545e-18 8.64274e-10 3.12633e-11 1.42154e-12 0.734639
0.025  700 0.0421812 -2.1072e-17 0.223179 -2.58314e-17 -3.42713e-18 -1.49763e-09 -7.06952e-11 -2.40515e-12 0.734639
0.03125  700 0.0421812 8.04294e-16 0.223179 2.22255e-16 4.17681e-17 3.34436e-09 1.81766e-10 5.34502e-12 0.734639
0.0375  700 0.0421812 2.99631e-15 0.223179 -1.75718e-16 5.8811e-17 -6.58182e-09 -4.43355e-10 -1.0338e-11 0.734639
0.04375  700 0.0421812 2.63882e-14 0.223179 5.87909e-15 1.20944e-15 1.37676e-08 1.10452e-09 2.14101e-11 0.734639
0.05  700 0.0421812 1.77702e-13 0.223179 4.14677e-15 4.88805e-15 -2.79462e-08 -2.72815e-09 -4.28204e-11 0.734639
0.056  700 0.0421812 1.23453e-12 0.223179 2.3096e-13 5.3422e-14 5.17266e-08 6.12676e-09 7.82838e-11 0.734639
0.062  700 0.0421812 8.06005e-12 0.22318 4.35909e-13 2.3705e-13 -1.16886e-07 -1.67736e-08 -1.74801e-10 0.734639
0.068  700 0.0421812 5.30104e-11 0.223179 9.66795e-12 2.40528e-12 2.41289e-07 4.24651e-08 3.55263e-10 0.734639
0.074  700 0.0421812 3.46274e-10 0.22318 2.10072e-11 8.57182e-12 -5.10764e-07 -1.10659e-07 -7.48281e-10 0.734639
0.08  700.001 0.0421812 2.27474e-09 0.223178 4.01517e-10 1.27599e-10 1.12581e-06 2.85707e-07 1.57863e-09 0.734639
0.086  699.997 0.0421812 1.48482e-08 0.223182 9.83062e-10 5.4522e-11 -2.05598e-06 -7.34628e-07 -3.18449e-09 0.734639
0.092  700.03 0.042181 9.77667e-08 0.223171 1.67133e-08 1.04132e-08 6.55927e-06 1.90647e-06 7.10646e-09 0.734639
0.098  699.967 0.0421787 6.35453e-07 0.223183 4.50174e-08 -1.70778e-09 3.83223e-07 -4.53e-06 -1.09912e-08 0.734642
0.09825  699.983 0.0421778 7.2352e-07 0.223181 5.97044e-08 2.63559e-08 2.27571e-06 -4.29865e-06 -1.05229e-08 0.734642
0.0985  700.002 0.0421769 8.17259e-07 0.223179 7.55331e-08 5.78039e-08 4.34806e-06 -4.02161e-06 -9.93262e-09 0.734642
0.09875  700.022 0.0421759 9.17123e-07 0.223177 9.25691e-08 9.37956e-08 6.60835e-06 -3.69224e-06 -9.19219e-09 0.734643
0.099  700.044 0.0421748 1.0236e-06 0.223175 1.10883e-07 1.35576e-07 9.06477e-06 -3.30296e-06 -8.26909e-09 0.734643
0.09925  700.068 0.0421736 1.1372e-06 0.223172 1.30548e-07 1.84499e-07 1.17256e-05 -2.84516e-06 -7.12604e-09 0.734644
0.0995  700.095 0.0421724 1.25849e-06 0.22317 1.51646e-07 2.42057e-07 1.45989e-05 -2.30908e-06 -5.72065e-09 0.734644
0.09975  700.124 0.042171 1.38807e-06 0.223167 1.7426e-07 3.09908e-07 1.76931e-05 -1.68375e-06 -4.00503e-09 0.734645
0.1  700.156 0.0421696 1.52657e-06 0.223163 1.98481e-07 3.89905e-07 2.10161e-05 -9.56846e-07 -1.92546e-09 0.734645
0.101042  700.321 0.0421624 2.20701e-06 0.223146 3.17735e-07 8.76402e-07 3.7407e-05 3.31289e-06 1.12996e-08 0.734648
0.102083  700.559 0.0421527 3.11306e-06 0.223122 4.7513e-07 1.7919e-06 5.84286e-05 1.10032e-05 3.79221e-08 0.73465
0.103125  700.899 0.0421398 4.3215e-06 0.223089 6.82027e-07 3.41483e-06 8.43645e-05 2.43206e-05 8.66765e-08 0.734654
0.103646  701.124 0.0421318 5.07645e-06 0.223068 8.09796e-07 4.63908e-06 9.9119e-05 3.43321e-05 1.23623e-07 0.734656
0.104167  701.39 0.0421226 5.94675e-06 0.223044 9.56127e-07 6.20479e-06 0.000114984 4.7101e-05 1.70548e-07 0.734658
0.104687  701.705 0.0421121 6.94921e-06 0.223016 1.12378e-06 8.18678e-06 0.000131833 6.32419e-05 2.29109e-07 0.73466
0.105208  702.077 0.0421 8.1028e-06 0.222984 1.31603e-06 1.06681e-05 0.000149491 8.34686e-05 3.00961e-07 0.734662
0.105729  702.515 0.0420863 9.42883e-06 0.222947 1.53676e-06 1.37387e-05 0.000167735 0.000108599 3.87678e-07 0.734665
0.10625  703.028 0.0420708 1.09512e-05 0.222905 1.79059e-06 1.7494e-05 0.000186295 0.000139561 4.90667e-07 0.734667
0.106771  703.628 0.0420531 1.26968e-05 0.222857 2.0831e-06 2.20318e-05 0.000204864 0.000177392 6.11093e-07 0.73467
0.107292  704.325 0.0420332 1.46956e-05 0.222802 2.42092e-06 2.74496e-05 0.000223108 0.000223238 7.49817e-07 0.734673
0.107812  705.134 0.0420106 1.69809e-05 0.222739 2.81205e-06 3.38404e-05 0.000240683 0.000278353 9.07355e-07 0.734676
0.108333  706.067 0.0419853 1.95902e-05 0.222668 3.26604e-06 4.129e-05 0.000257253 0.000344092 1.08387e-06 0.73468
0.108854  707.138 0.0419569 2.25649e-05 0.222588 3.79433e-06 4.98727e-05 0.000272511 0.000421908 1.2792e-06 0.734683
0.109375  708.365 0.0419251 2.59511e-05 0.222497 4.41052e-06 5.96492e-05 0.000286197 0.000513341 1.49291e-06 0.734687
0.109896  709.762 0.0418895 2.98002e-05 0.222394 5.1308e-06 7.06649e-05 0.000298116 0.00062002 1.72437e-06 0.734691
0.110417  711.347 0.0418499 3.41689e-05 0.222278 5.97435e-06 8.29494e-05 0.000308145 0.000743655 1.97284e-06 0.734695
0.110937  713.138 0.0418059 3.91201e-05 0.222147 6.96381e-06 9.65175e-05 0.000316244 0.000886036 2.23754e-06 0.7347
0.111458  715.152 0.0417571 4.47231e-05 0.222 8.12596e-06 0.000111371 0.000322445 0.00104904 2.51769e-06 0.734705
0.111979  717.41 0.0417031 5.10546e-05 0.221835 9.49228e-06 0.0001275 0.00032685 0.00123463 2.81252e-06 0.73471
0.1125  719.931 0.0416435 5.81989e-05 0.221649 1.10999e-05 0.000144889 0.000329608 0.00144485 3.12121e-06 0.734715
0.113021  722.735 0.0415777 6.62485e-05 0.221442 1.29926e-05 0.000163513 0.000330905 0.00168187 3.44282e-06 0.734721
0.113542  725.843 0.0415054 7.53047e-05 0.221211 1.52218e-05 0.000183343 0.000330938 0.00194792 3.77613e-06 0.734727
0.114063  729.277 0.041426 8.54782e-05 0.220954 1.78483e-05 0.000204344 0.000329901 0.00224536 4.11947e-06 0.734733
0.114583  733.056 0.041339 9.68894e-05 0.220668 2.09439e-05 0.000226474 0.000327973 0.00257666 4.47058e-06 0.73474
0.115104  737.202 0.0412439 0.000109669 0.220351 2.4593e-05 0.000249681 0.000325309 0.00294437 4.82641e-06 0.734747
0.115625  741.736 0.04114 0.000123957 0.220001 2.88958e-05 0.0002739 0.000322033 0.00335112 5.18299e-06 0.734754
0.116146  746.677 0.0410268 0.000139906 0.219616 3.39701e-05 0.000299055 0.000318243 0.00379964 5.53534e-06 0.734761
0.116667  752.044 0.0409037 0.000157677 0.219193 3.99549e-05 0.000325055 0.000314011 0.00429272 5.87748e-06 0.734768
0.116927  754.895 0.0408382 0.000167313 0.218966 4.33512e-05 0.000338338 0.000311749 0.00455713 6.04214e-06 0.734772
0.117188  757.859 0.0407699 0.000177469 0.218729 4.70393e-05 0.000351793 0.000309394 0.00483376 6.20159e-06 0.734776
0.117448  760.937 0.0406988 0.00018817 0.218481 5.10441e-05 0.000365403 0.000306952 0.005123 6.35484e-06 0.734779
0.117708  764.132 0.0406248 0.000199438 0.218222 5.53928e-05 0.000379153 0.000304427 0.00542521 6.5009e-06 0.734783
0.117969  767.446 0.0405478 0.000211299 0.217952 6.01144e-05 0.000393028 0.000301822 0.00574076 6.63874e-06 0.734786
0.118229  770.88 0.0404677 0.000223775 0.21767 6.52406e-05 0.00040701 0.00029914 0.00607004 6.76735e-06 0.73479
0.11849  774.435 0.0403844 0.000236894 0.217377 7.08052e-05 0.000421086 0.000296385 0.00641344 6.88569e-06 0.734793
0.11875  778.113 0.0402979 0.000250679 0.217071 7.68449e-05 0.000435241 0.000293559 0.00677134 6.99279e-06 0.734797
0.11901  781.915 0.040208 0.000265158 0.216752 8.33989e-05 0.000449461 0.000290666 0.00714416 7.08769e-06 0.7348
0.119271  785.842 0.0401147 0.000280357 0.21642 9.05095e-05 0.000463735 0.000287709 0.00753228 7.1695e-06 0.734803
0.119531  789.895 0.0400178 0.000296302 0.216076 9.82219e-05 0.000478052 0.000284689 0.00793615 7.23739e-06 0.734806
0.119792  794.074 0.0399173 0.000313022 0.215717 0.000106584 0.000492405 0.000281611 0.00835618 7.29063e-06 0.734809
0.120052  798.381 0.039813 0.000330542 0.215344 0.000115649 0.000506786 0.000278478 0.00879283 7.3286e-06 0.734811
0.120312  802.815 0.0397049 0.000348891 0.214957 0.000125469 0.000521192 0.000275293 0.00924656 7.35078e-06 0.734813
0.120833  812.066 0.0394768 0.00038815 0.214139 0.00014755 0.000550076 0.000268777 0.0102065 7.34674e-06 0.734816
0.121094  816.885 0.0393565 0.000409152 0.213706 0.000160008 0.000564576 0.000265456 0.0107145 7.31994e-06 0.734816
0.121354  821.832 0.039232 0.000431095 0.213257 0.000173477 0.000579125 0.000262096 0.0112416 7.27672e-06 0.734816
0.121615  826.907 0.0391031 0.000454005 0.212791 0.000188031 0.000593735 0.000258702 0.0117885 7.21731e-06 0.734816
0.121875  832.109 0.0389696 0.00047791 0.212308 0.000203746 0.000608426 0.000255278 0.0123557 7.14208e-06 0.734814
0.122135  837.439 0.0388316 0.000502838 0.211807 0.000220702 0.000623221 0.000251826 0.012944 7.05158e-06 0.734812
0.122396  842.895 0.0386889 0.000528815 0.211287 0.000238984 0.000638147 0.000248352 0.013554 6.94649e-06 0.734809
0.122656  848.478 0.0385414 0.000555867 0.210748 0.000258678 0.000653238 0.000244859 0.0141865 6.82765e-06 0.734804
0.122917  854.185 0.038389 0.000584021 0.21019 0.000279875 0.00066853 0.000241351 0.0148422 6.69602e-06 0.734799
0.123177  860.018 0.0382316 0.000613302 0.20961 0.000302668 0.000684066 0.000237832 0.015522 6.55269e-06 0.734792
0.123437  865.973 0.038069 0.000643733 0.209009 0.000327154 0.000699893 0.000234305 0.0162268 6.39884e-06 0.734784
0.123698  872.052 0.0379013 0.000675338 0.208385 0.000353433 0.000716065 0.000230774 0.0169575 6.23575e-06 0.734774
0.123958  878.251 0.0377281 0.000708141 0.207738 0.000381604 0.000732638 0.000227243 0.0177151 6.06475e-06 0.734763
0.124219  884.572 0.0375496 0.000742161 0.207066 0.000411773 0.000749676 0.000223715 0.0185007 5.88724e-06 0.73475
0.124479  891.011 0.0373656 0.00077742 0.206369 0.000444043 0.000767246 0.000220194 0.0193153 5.70463e-06 0.734736
0.12474  897.568 0.0371759 0.000813935 0.205645 0.00047852 0.000785421 0.000216682 0.0201602 5.51835e-06 0.734719
0.125  904.242 0.0369805 0.000851725 0.204893 0.000515311 0.000804278 0.000213183 0.0210365 5.32981e-06 0.7347
0.12513  907.622 0.0368807 0.000871104 0.204506 0.000534615 0.000813993 0.00021144 0.021487 5.23521e-06 0.73469
0.12526  911.031 0.0367794 0.000890807 0.204112 0.000554537 0.00082391 0.0002097 0.0219458 5.14056e-06 0.734679
0.125391  914.468 0.0366766 0.000910836 0.20371 0.000575091 0.000834039 0.000207965 0.0224131 5.04602e-06 0.734668
0.125521  917.933 0.0365724 0.000931192 0.2033 0.000596289 0.000844392 0.000206235 0.0228891 4.95176e-06 0.734656
0.125651  921.427 0.0364666 0.000951876 0.202882 0.000618145 0.00085498 0.00020451 0.023374 4.85793e-06 0.734643
0.125781  924.948 0.0363594 0.000972891 0.202456 0.000640671 0.000865816 0.00020279 0.0238679 4.76468e-06 0.73463
0.125911  928.497 0.0362507 0.000994236 0.202021 0.00066388 0.00087691 0.000201076 0.024371 4.67217e-06 0.734616
0.126042  932.073 0.0361405 0.00101591 0.201578 0.000687784 0.000888276 0.000199369 0.0248835 4.58053e-06 0.734602
0.126172  935.676 0.0360288 0.00103792 0.201126 0.000712396 0.000899925 0.000197667 0.0254056 4.4899e-06 0.734587
0.126302  939.306 0.0359155 0.00106027 0.200666 0.000737728 0.00091187 0.000195972 0.0259375 4.4004e-06 0.734571
0.126432  942.963 0.0358008 0.00108294 0.200196 0.000763792 0.000924124 0.000194283 0.0264793 4.31216e-06 0.734555
0.126562  946.647 0.0356845 0.00110595 0.199717 0.000790599 0.0009367 0.000192602 0.0270312 4.2253e-06 0.734538
0.126693  950.357 0.0355666 0.0011293 0.199228 0.00081816 0.00094961 0.000190927 0.0275935 4.13992e-06 0.73452
0.126823  954.093 0.0354473 0.00115297 0.198729 0.000846486 0.00096287 0.00018926 0.0281663 4.05612e-06 0.734501
0.126953  957.854 0.0353264 0.00117699 0.198221 0.000875588 0.000976491 0.0001876 0.0287498 3.974e-06 0.734482
0.127083  961.642 0.035204 0.00120133 0.197702 0.000905476 0.000990487 0.000185948 0.0293442 3.89365e-06 0.734462
0.127214  965.454 0.03508 0.00122601 0.197173 0.000936161 0.00100487 0.000184304 0.0299498 3.81514e-06 0.734442
0.127344  969.292 0.0349544 0.00125102 0.196634 0.00096765 0.00101966 0.000182667 0.0305666 3.73855e-06 0.734421
0.127474  973.154 0.0348274 0.00127637 0.196083 0.000999952 0.00103487 0.000181039 0.0311949 3.66394e-06 0.734399
0.127604  977.041 0.0346988 0.00130204 0.195522 0.00103308 0.0010505 0.000179419 0.0318349 3.59138e-06 0.734376
0.127734  980.952 0.0345686 0.00132804 0.194949 0.00106703 0.00106658 0.000177806 0.0324867 3.52091e-06 0.734353
0.127865  984.887 0.034437 0.00135437 0.194365 0.00110182 0.00108312 0.000176203 0.0331507 3.45257e-06 0.734329
0.127995  988.846 0.0343038 0.00138102 0.193769 0.00113745 0.00110014 0.000174607 0.0338268 3.38642e-06 0.734304
0.128125  992.828 0.034169 0.001408 0.193161 0.00117393 0.00111763 0.00017302 0.0345154 3.32247e-06 0.734279
0.128255  996.833 0.0340328 0.00143529 0.192541 0.00121126 0.00113563 0.000171441 0.0352165 3.26075e-06 0.734253
0.128385  1000.86 0.033895 0.00146291 0.191909 0.00124945 0.00115414 0.000169871 0.0359304 3.20128e-06 0.734226
0.128516  1004.91 0.0337557 0.00149084 0.191264 0.0012885 0.00117318 0.000168309 0.0366573 3.14408e-06 0.734199
0.128646  1008.98 0.0336149 0.00151908 0.190607 0.00132842 0.00119277 0.000166756 0.0373973 3.08914e-06 0.734171
0.128776  1013.08 0.0334727 0.00154763 0.189937 0.0013692 0.0012129 0.000165211 0.0381506 3.03648e-06 0.734142
0.128906  1017.19 0.0333289 0.00157648 0.189254 0.00141085 0.00123361 0.000163674 0.0389173 2.98608e-06 0.734113
0.129036  1021.33 0.0331837 0.00160564 0.188557 0.00145336 0.00125489 0.000162147 0.0396976 2.93794e-06 0.734083
0.129167  1025.48 0.033037 0.00163509 0.187847 0.00149675 0.00127678 0.000160627 0.0404916 2.89204e-06 0.734052
0.129297  1029.66 0.0328889 0.00166484 0.187123 0.00154099 0.00129926 0.000159116 0.0412994 2.84837e-06 0.734021
0.129427  1033.85 0.0327394 0.00169488 0.186386 0.0015861 0.00132237 0.000157613 0.0421213 2.80691e-06 0.73399
0.129557  1038.07 0.0325884 0.0017252 0.185634 0.00163207 0.00134611 0.000156118 0.0429572 2.76762e-06 0.733958
0.129688  1042.3 0.0324361 0.00175579 0.184869 0.00167889 0.00137049 0.000154632 0.0438074 2.73049e-06 0.733925
0.129818  1046.55 0.0322823 0.00178667 0.184089 0.00172656 0.00139553 0.000153154 0.0446719 2.69548e-06 0.733892
0.129948  1050.82 0.0321273 0.00181781 0.183294 0.00177507 0.00142123 0.000151683 0.0455509 2.66254e-06 0.733859
0.130078  1055.11 0.0319708 0.00184921 0.182486 0.00182442 0.00144761 0.000150221 0.0464444 2.63166e-06 0.733825
0.130208  1059.42 0.0318131 0.00188087 0.181662 0.0018746 0.00147468 0.000148766 0.0473524 2.60278e-06 0.733791
0.130339  1063.74 0.0316541 0.00191278 0.180824 0.00192559 0.00150245 0.000147319 0.0482752 2.57587e-06 0.733756
0.130469  1068.07 0.0314938 0.00194494 0.17997 0.00197739 0.00153092 0.00014588 0.0492126 2.55088e-06 0.733722
0.130729  1076.79 0.0311694 0.00200995 0.178219 0.00208337 0.00159001 0.000143023 0.0511316 2.50651e-06 0.733651
0.13099  1085.57 0.0308403 0.00207586 0.176407 0.00219241 0.00165203 0.000140195 0.0531097 2.46927e-06 0.73358
0.13125  1094.41 0.0305067 0.0021426 0.174534 0.00230439 0.00171702 0.000137396 0.055147 2.43876e-06 0.733508
0.13151  1103.29 0.0301687 0.0022101 0.172601 0.00241917 0.00178504 0.000134623 0.0572431 2.4146e-06 0.733436
0.131771  1112.21 0.0298267 0.0022783 0.170606 0.00253657 0.00185612 0.000131876 0.0593975 2.39638e-06 0.733364
0.132031  1121.18 0.029481 0.00234712 0.168551 0.00265642 0.00193028 0.000129154 0.0616095 2.3837e-06 0.733293
0.132292  1130.18 0.0291318 0.00241649 0.166436 0.00277852 0.00200752 0.000126455 0.0638781 2.37617e-06 0.733223
0.132552  1139.21 0.0287795 0.00248633 0.164262 0.00290264 0.00208785 0.00012378 0.0662021 2.3734e-06 0.733154
0.132812  1148.26 0.0284244 0.00255656 0.16203 0.00302856 0.00217125 0.000121127 0.06858 2.37503e-06 0.733086
0.133073  1157.33 0.0280668 0.00262709 0.159741 0.00315604 0.00225769 0.000118495 0.0710101 2.38067e-06 0.73302
0.133333  1166.41 0.0277071 0.00269784 0.157398 0.00328479 0.00234714 0.000115884 0.0734902 2.39e-06 0.732956
0.133854  1184.6 0.0269824 0.00283974 0.152554 0.00354535 0.00253484 0.000110722 0.078594 2.41862e-06 0.732837
0.134375  1202.77 0.0262538 0.00298144 0.147518 0.00380764 0.00273371 0.000105637 0.0838684 2.45815e-06 0.732729
0.134896  1220.88 0.0255244 0.00312222 0.142313 0.00406925 0.00294291 0.000100631 0.0892891 2.50637e-06 0.732636
0.135417  1238.88 0.0247974 0.00326134 0.136967 0.00432769 0.00316146 9.57065e-05 0.0948287 2.56133e-06 0.732558
0.135937  1256.72 0.024076 0.00339809 0.131509 0.00458049 0.00338821 9.08669e-05 0.100458 2.62126e-06 0.732497
0.136458  1274.36 0.0233634 0.00353178 0.12597 0.00482527 0.00362188 8.61193e-05 0.106144 2.68466e-06 0.732454
0.136979  1291.77 0.0226626 0.00366176 0.120385 0.0050598 0.00386115 8.14721e-05 0.111857 2.75019e-06 0.732428
0.1375  1308.9 0.0219765 0.00378742 0.114787 0.00528204 0.00410461 7.69349e-05 0.117563 2.81671e-06 0.73242
0.138021  1325.71 0.0213078 0.00390822 0.109209 0.00549023 0.00435086 7.25183e-05 0.12323 2.88326e-06 0.732428
0.138542  1342.19 0.0206589 0.0040237 0.103685 0.0056829 0.00459855 6.82329e-05 0.128829 2.94905e-06 0.732451
0.139063  1358.3 0.0200319 0.00413343 0.0982441 0.0058589 0.00484638 6.40895e-05 0.134329 3.01344e-06 0.732489
0.139583  1374.02 0.0194288 0.00423709 0.0929154 0.00601743 0.00509314 6.00977e-05 0.139706 3.07592e-06 0.732539
0.140104  1389.33 0.018851 0.00433443 0.0877242 0.00615805 0.00533771 5.62665e-05 0.144936 3.13613e-06 0.7326
0.140625  1404.22 0.0182998 0.00442526 0.0826926 0.00628062 0.00557913 5.26033e-05 0.149997 3.19379e-06 0.73267
0.141146  1418.68 0.0177761 0.00450948 0.0778395 0.00638533 0.00581654 4.91138e-05 0.154874 3.24872e-06 0.732747
0.141667  1432.71 0.0172804 0.00458704 0.0731801 0.00647266 0.0060492 4.58022e-05 0.159552 3.30083e-06 0.73283
0.142188  1446.29 0.016813 0.00465797 0.0687263 0.00654331 0.00627653 4.26707e-05 0.16402 3.35009e-06 0.732917
0.142708  1459.44 0.0163739 0.00472234 0.0644865 0.0065982 0.00649804 3.972e-05 0.168271 3.3965e-06 0.733007
0.143229  1472.16 0.0159629 0.0047803 0.0604661 0.00663841 0.00671336 3.69488e-05 0.172301 3.44012e-06 0.733098
0.14375  1484.45 0.0155796 0.00483201 0.0566677 0.00666512 0.0069222 3.43546e-05 0.176107 3.48101e-06 0.733189
0.144271  1496.33 0.0152232 0.00487769 0.053091 0.00667962 0.00712439 3.19333e-05 0.179689 3.51926e-06 0.733279
0.144792  1507.8 0.0148931 0.00491758 0.0497337 0.00668319 0.0073198 2.96798e-05 0.183052 3.55496e-06 0.733368
0.145313  1518.87 0.0145881 0.00495194 0.0465917 0.00667714 0.00750837 2.7588e-05 0.186198 3.58822e-06 0.733454
0.145833  1529.56 0.0143074 0.00498105 0.043659 0.00666275 0.00769012 2.5651e-05 0.189133 3.61913e-06 0.733537
0.146354  1539.89 0.0140497 0.00500522 0.0409285 0.00664124 0.00786508 2.38614e-05 0.191866 3.64778e-06 0.733617
0.146875  1549.86 0.0138139 0.00502473 0.038392 0.00661377 0.00803333 2.22113e-05 0.194403 3.67425e-06 0.733693
0.147396  1559.49 0.0135988 0.0050399 0.0360406 0.00658139 0.00819499 2.06926e-05 0.196755 3.69864e-06 0.733765
0.147917  1568.79 0.0134031 0.00505103 0.033865 0.00654509 0.00835018 1.92971e-05 0.198929 3.721e-06 0.733833
0.148438  1577.79 0.0132257 0.00505841 0.0318554 0.00650573 0.00849907 1.80169e-05 0.200937 3.74142e-06 0.733897
0.148958  1586.49 0.0130652 0.00506235 0.0300021 0.00646408 0.00864182 1.68437e-05 0.202786 3.75995e-06 0.733957
0.149479  1594.91 0.0129205 0.00506311 0.0282951 0.00642083 0.00877859 1.57699e-05 0.204489 3.77667e-06 0.734013
0.15  1603.06 0.0127905 0.00506098 0.0267249 0.00637656 0.00890959 1.47877e-05 0.206053 3.79162e-06 0.734066
0.151042  1618.61 0.012571 0.00504881 0.0239646 0.00628643 0.00915479 1.3075e-05 0.208799 3.81647e-06 0.734159
0.152083  1633.24 0.0123975 0.005028 0.0216415 0.00619701 0.00937929 1.16475e-05 0.211103 3.83497e-06 0.734238
0.153125  1647.05 0.0122624 0.00500022 0.019691 0.00611011 0.00958476 1.04588e-05 0.213032 3.84759e-06 0.734305
0.154167  1660.12 0.0121594 0.00496693 0.0180556 0.00602673 0.0097728 9.46881e-06 0.214643 3.85479e-06 0.734362
0.155208  1672.53 0.0120829 0.00492937 0.016685 0.00594732 0.00994498 8.64311e-06 0.215989 3.85702e-06 0.734409
0.15625  1684.34 0.0120279 0.00488861 0.0155357 0.00587195 0.0101027 7.95277e-06 0.217112 3.85474e-06 0.734449
0.157292  1695.6 0.0119905 0.0048455 0.0145708 0.00580043 0.0102475 7.37363e-06 0.218052 3.84839e-06 0.734482
0.158333  1706.37 0.0119672 0.00480078 0.0137587 0.00573245 0.0103804 6.88564e-06 0.21884 3.83837e-06 0.734509
0.159375  1716.69 0.0119552 0.00475504 0.0130731 0.00566763 0.0105027 6.4723e-06 0.219504 3.82509e-06 0.734532
0.160417  1726.59 0.0119522 0.00470873 0.0124919 0.00560561 0.0106153 6.12006e-06 0.220066 3.80891e-06 0.734551
0.161458  1736.12 0.0119563 0.00466226 0.0119967 0.00554601 0.0107193 5.81786e-06 0.220544 3.79017e-06 0.734566
0.1625  1745.31 0.0119658 0.0046159 0.0115724 0.00548853 0.0108153 5.55667e-06 0.220954 3.76918e-06 0.734579
0.163542  1754.17 0.0119795 0.00456989 0.0112064 0.00543286 0.0109043 5.32917e-06 0.221309 3.74622e-06 0.734589
0.164583  1762.73 0.0119964 0.00452441 0.0108883 0.00537879 0.0109868 5.1294e-06 0.221618 3.72155e-06 0.734598
0.165625  1771.02 0.0120156 0.00447958 0.0106098 0.0053261 0.0110634 4.95252e-06 0.221892 3.6954e-06 0.734605
0.166667  1779.04 0.0120365 0.00443552 0.0103637 0.00527465 0.0111346 4.79462e-06 0.222136 3.66798e-06 0.734611
0.167708  1786.82 0.0120586 0.00439228 0.0101444 0.0052243 0.011201 4.65252e-06 0.222355 3.63948e-06 0.734616
0.16875  1794.38 0.0120815 0.00434992 0.00994739 0.00517496 0.0112628 4.52363e-06 0.222556 3.61005e-06 0.73462
0.169792  1801.71 0.0121048 0.00430845 0.00976873 0.00512653 0.0113205 4.40585e-06 0.22274 3.57985e-06 0.734623
0.170833  1808.85 0.0121283 0.0042679 0.00960537 0.00507896 0.0113744 4.29749e-06 0.222911 3.54901e-06 0.734626
0.171875  1815.79 0.0121517 0.00422826 0.00945479 0.00503219 0.0114247 4.19714e-06 0.223073 3.51764e-06 0.734628
0.172917  1822.54 0.012175 0.00418953 0.00931492 0.00498619 0.0114718 4.10367e-06 0.223225 3.48584e-06 0.73463
0.173958  1829.13 0.0121981 0.00415171 0.00918409 0.00494092 0.0115158 4.01615e-06 0.22337 3.45372e-06 0.734632
0.175  1835.54 0.0122207 0.00411476 0.00906094 0.00489635 0.011557 3.9338e-06 0.22351 3.42134e-06 0.734633
0.176042  1841.8 0.012243 0.00407868 0.00894434 0.00485246 0.0115956 3.856e-06 0.223645 3.3888e-06 0.734634
0.177083  1847.91 0.0122648 0.00404344 0.00883338 0.00480924 0.0116317 3.78221e-06 0.223775 3.35613e-06 0.734635
0.178125  1853.88 0.0122861 0.00400902 0.00872731 0.00476666 0.0116655 3.71201e-06 0.223903 3.32342e-06 0.734636
0.179167  1859.71 0.0123069 0.0039754 0.00862553 0.00472472 0.011697 3.64501e-06 0.224027 3.2907e-06 0.734636
0.180208  1865.4 0.0123271 0.00394254 0.00852751 0.00468341 0.0117266 3.58091e-06 0.224149 3.25802e-06 0.734637
0.18125  1870.97 0.0123469 0.00391042 0.00843286 0.0046427 0.0117542 3.51946e-06 0.224269 3.22542e-06 0.734638
0.182292  1876.42 0.0123662 0.00387903 0.00834121 0.00460259 0.0117799 3.46042e-06 0.224386 3.19293e-06 0.734638
0.183333  1881.75 0.0123849 0.00384833 0.00825229 0.00456308 0.011804 3.4036e-06 0.224502 3.16059e-06 0.734638
0.184375  1886.96 0.0124031 0.0038183 0.00816585 0.00452414 0.0118263 3.34883e-06 0.224617 3.12843e-06 0.734639
0.185417  1892.07 0.0124209 0.00378893 0.00808169 0.00448578 0.0118472 3.29598e-06 0.22473 3.09647e-06 0.734639
0.186458  1897.08 0.0124382 0.00376017 0.00799965 0.00444797 0.0118666 3.24491e-06 0.224842 3.06472e-06 0.734639
0.1875  1901.98 0.012455 0.00373203 0.00791957 0.00441072 0.0118845 3.19551e-06 0.224952 3.03322e-06 0.73464
0.188542  1906.79 0.0124714 0.00370447 0.00784133 0.00437401 0.0119012 3.14768e-06 0.225062 3.00197e-06 0.73464
0.189583  1911.5 0.0124874 0.00367747 0.00776483 0.00433783 0.0119165 3.10134e-06 0.22517 2.97098e-06 0.73464
0.190625  1916.13 0.0125029 0.00365101 0.00768997 0.00430217 0.0119307 3.05639e-06 0.225277 2.94029e-06 0.73464
0.191667  1920.66 0.0125181 0.00362509 0.00761667 0.00426703 0.0119437 3.01278e-06 0.225383 2.90988e-06 0.73464
0.192708  1925.12 0.0125328 0.00359967 0.00754486 0.00423239 0.0119556 2.97042e-06 0.225488 2.87978e-06 0.734641
0.19375  1929.49 0.0125472 0.00357475 0.00747447 0.00419825 0.0119665 2.92926e-06 0.225592 2.84998e-06 0.734641
0.194792  1933.78 0.0125612 0.0035503 0.00740544 0.00416459 0.0119763 2.88925e-06 0.225695 2.82051e-06 0.734641
0.195833  1937.99 0.0125749 0.00352631 0.00733772 0.00413142 0.0119853 2.85033e-06 0.225798 2.79135e-06 0.734641
0.196875  1942.13 0.0125882 0.00350277 0.00727127 0.00409871 0.0119932 2.81246e-06 0.225899 2.76252e-06 0.734641
0.197917  1946.2 0.0126013 0.00347966 0.00720603 0.00406646 0.0120004 2.77559e-06 0.225999 2.73402e-06 0.734641
0.198958  1950.2 0.012614 0.00345697 0.00714198 0.00403467 0.0120067 2.73968e-06 0.226099 2.70586e-06 0.734641
0.2  1954.13 0.0126264 0.00343468 0.00707906 0.00400332 0.0120121 2.70468e-06 0.226198 2.67804e-06 0.734641
0.20625  1976.36 0.012695 0.00330912 0.00672442 0.00382444 0.0120298 2.51257e-06 0.22677 2.51847e-06 0.734642
0.2125  1996.6 0.0127553 0.00319539 0.00640316 0.00365953 0.0120262 2.34579e-06 0.227313 2.37084e-06 0.734642
0.21875  2015.15 0.0128087 0.0030917 0.00611053 0.00350709 0.0120057 2.19965e-06 0.227829 2.23464e-06 0.734643
0.225  2032.23 0.0128565 0.0029966 0.00584269 0.00336579 0.0119719 2.07054e-06 0.22832 2.10915e-06 0.734643
0.23125  2048.05 0.0128994 0.00290896 0.00559652 0.0032345 0.0119276 1.9557e-06 0.228786 1.99357e-06 0.734643
0.2375  2062.75 0.0129384 0.00282781 0.00536938 0.0031122 0.0118749 1.85292e-06 0.229231 1.88708e-06 0.734643
0.24375  2076.46 0.0129738 0.00275238 0.00515908 0.00299801 0.0118156 1.76042e-06 0.229655 1.7889e-06 0.734643
0.25  2089.29 0.0130063 0.00268201 0.00496377 0.00289116 0.0117509 1.67679e-06 0.23006 1.69827e-06 0.734643
0.2625  2112.62 0.0130635 0.00255465 0.00461278 0.00269732 0.0116102 1.53191e-06 0.230816 1.53739e-06 0.734643
0.275  2133.39 0.0131128 0.00244179 0.00430495 0.00252552 0.0114591 1.41049e-06 0.23151 1.39904e-06 0.734643
0.2875  2152.07 0.0131557 0.00234084 0.00403267 0.00237224 0.0113023 1.30741e-06 0.232151 1.27933e-06 0.734642
0.3  2168.96 0.0131934 0.00224981 0.00379014 0.00223462 0.0111421 1.219e-06 0.232745 1.17515e-06 0.734642
0.3375  2210.94 0.0132833 0.00202514 0.00320505 0.00189924 0.0106688 1.01862e-06 0.234275 9.3493e-07 0.734642
0.375  2244.15 0.0133508 0.00184854 0.00276167 0.0016421 0.0102133 8.78675e-07 0.235541 7.64989e-07 0.734641
0.43125  2282.91 0.0134269 0.00164424 0.0022711 0.00135515 0.00958977 7.35155e-07 0.237071 5.90363e-07 0.73464
0.4875  2312.85 0.0134836 0.00148691 0.00191304 0.00114414 0.00903343 6.37298e-07 0.238298 4.72654e-07 0.73464
0.571875  2347.15 0.013548 0.00130822 0.00153066 0.000917732 0.00831847 5.38186e-07 0.239737 3.56348e-07 0.734639
0.65625  2372.76 0.0135952 0.00117469 0.00126472 0.000759459 0.00772249 4.71485e-07 0.240844 2.81511e-07 0.734639
0.909375  2420.05 0.0136827 0.000928574 0.000825482 0.000497148 0.00648055 3.61182e-07 0.242947 1.69241e-07 0.734638
1.28906  2457.04 0.0137533 0.000736517 0.000535785 0.00032382 0.00537731 2.822e-07 0.244636 1.03355e-07 0.734637
1.85859  2482.48 0.0138034 0.000603945 0.000367126 0.000222808 0.00454456 2.2874e-07 0.245821 6.82058e-08 0.734637
2.71289  2498.68 0.0138366 0.000519847 0.000274689 0.000167431 0.00398597 1.94528e-07 0.246579 4.99986e-08 0.734637
3.99434  2498.68 0.0138366 0.000519847 0.000274689 0.000167431 0.00398597 1.94528e-07 0.246579 4.99986e-08 0.734637
