TITLE="Graphics"
VARIABLES= "x", "T1", "Y_H2_1", 
"Y_H_1", "Y_O2_1", "Y_O_1", "Y_OH_1", "Y_HO2_1", "Y_H2O_1", "Y_H2O2_1", "Y_N2_1"
0  700 0.0285219 0 0.226362 0 0 0 0 0 0.745116
0.00625  700 0.0285219 -4.00868e-19 0.226362 -1.07623e-18 -1.3557e-19 -8.30717e-11 -4.12902e-13 -5.50712e-14 0.745116
0.0125  700 0.0285219 1.48087e-17 0.226362 5.12696e-18 1.09677e-18 9.30021e-11 6.60218e-13 5.81751e-14 0.745116
0.01875  700 0.0285219 8.50849e-18 0.226362 -3.06304e-18 -2.81472e-20 -2.80182e-10 -2.12876e-12 -1.77393e-13 0.745116
0.025  700 0.0285219 1.69522e-16 0.226362 5.10009e-17 1.12444e-17 5.10789e-10 5.11972e-12 3.09628e-13 0.745116
0.03125  700 0.0285219 8.37676e-16 0.226362 3.90161e-17 3.50339e-17 -1.16565e-09 -1.37185e-11 -6.99581e-13 0.745116
0.0375  700 0.0285219 6.4399e-15 0.226362 1.58944e-15 3.87726e-16 2.38772e-09 3.52429e-11 1.3882e-12 0.745116
0.04375  700 0.0285219 4.3266e-14 0.226362 3.927e-15 1.99797e-15 -5.14259e-09 -9.19933e-11 -2.93078e-12 0.745116
0.05  700 0.0285219 3.04015e-13 0.226362 6.80053e-14 1.76771e-14 1.08252e-08 2.3876e-10 6.00085e-12 0.745116
0.056  700 0.0285219 2.0017e-12 0.226362 2.22708e-13 9.61832e-14 -2.06607e-08 -5.63045e-10 -1.11816e-11 0.745116
0.062  700 0.0285219 1.28528e-11 0.226362 2.90216e-12 7.64911e-13 4.87484e-08 1.62357e-09 2.56527e-11 0.745116
0.068  700 0.0285219 8.20238e-11 0.226362 9.3639e-12 3.83092e-12 -1.01422e-07 -4.30435e-09 -5.28191e-11 0.745116
0.074  700 0.0285219 5.25124e-10 0.226362 1.17984e-10 3.31336e-11 2.41542e-07 1.19687e-08 1.1602e-10 0.745116
0.08  700 0.0285218 3.35055e-09 0.226363 3.86722e-10 1.32661e-10 -4.24632e-07 -3.12067e-08 -2.38176e-10 0.745116
0.086  700.006 0.0285217 2.14627e-08 0.226361 4.7943e-09 1.76236e-09 1.58851e-06 9.09073e-08 5.38819e-10 0.745116
0.092  700.003 0.0285206 1.36768e-07 0.226362 1.59208e-08 4.53686e-09 6.8604e-07 -1.81168e-07 -8.43062e-10 0.745117
0.095  700.068 0.028516 4.29101e-07 0.226354 8.4352e-08 7.74189e-08 9.73518e-06 1.20998e-07 1.42416e-10 0.745119
0.098  700.258 0.0285049 1.12035e-06 0.226334 2.47322e-07 5.19173e-07 3.23535e-05 1.91014e-06 5.78935e-09 0.745125
0.09825  700.293 0.0285033 1.22195e-06 0.226331 2.71384e-07 6.34968e-07 3.55663e-05 2.8166e-06 1.02797e-08 0.745125
0.0985  700.331 0.0285016 1.33081e-06 0.226327 2.97156e-07 7.65219e-07 3.89904e-05 3.85366e-06 1.54699e-08 0.745126
0.09875  700.373 0.0284998 1.44747e-06 0.226323 3.24743e-07 9.12416e-07 4.26327e-05 5.03708e-06 2.14498e-08 0.745127
0.099  700.418 0.0284979 1.57251e-06 0.226319 3.54255e-07 1.07927e-06 4.64995e-05 6.38443e-06 2.83175e-08 0.745127
0.09925  700.467 0.0284958 1.70655e-06 0.226314 3.8581e-07 1.26875e-06 5.05967e-05 7.91518e-06 3.61795e-08 0.745128
0.0995  700.521 0.0284936 1.85024e-06 0.226309 4.19537e-07 1.48408e-06 5.49296e-05 9.65087e-06 4.51516e-08 0.745129
0.09975  700.58 0.0284912 2.00428e-06 0.226304 4.55568e-07 1.72884e-06 5.95028e-05 1.16153e-05 5.53584e-08 0.74513
0.1  700.644 0.0284887 2.16942e-06 0.226298 4.94048e-07 2.00692e-06 6.43197e-05 1.38344e-05 6.69334e-08 0.745131
0.101042  700.97 0.0284764 2.98549e-06 0.226268 6.82385e-07 3.57047e-06 8.70406e-05 2.6131e-05 1.31422e-07 0.745135
0.101562  701.184 0.0284689 3.49659e-06 0.22625 7.98746e-07 4.72945e-06 9.99976e-05 3.51689e-05 1.78062e-07 0.745137
0.102083  701.439 0.0284603 4.08664e-06 0.226229 9.32053e-07 6.19902e-06 0.000113966 4.65731e-05 2.36002e-07 0.745139
0.102604  701.74 0.0284505 4.76726e-06 0.226204 1.08485e-06 8.04655e-06 0.000128857 6.08626e-05 3.07017e-07 0.745141
0.102865  701.911 0.0284451 5.14648e-06 0.22619 1.16969e-06 9.14029e-06 0.000136598 6.93166e-05 3.48097e-07 0.745143
0.103125  702.096 0.0284394 5.55342e-06 0.226176 1.26059e-06 1.03577e-05 0.000144516 7.87269e-05 3.93109e-07 0.745144
0.103385  702.298 0.0284333 5.99e-06 0.22616 1.35801e-06 1.17094e-05 0.000152587 8.9183e-05 4.42264e-07 0.745145
0.103646  702.516 0.0284268 6.45824e-06 0.226143 1.46248e-06 1.32067e-05 0.000160786 0.00010078 4.95766e-07 0.745147
0.103906  702.753 0.0284199 6.9603e-06 0.226125 1.57454e-06 1.4861e-05 0.000169084 0.000113621 5.53804e-07 0.745148
0.104167  703.009 0.0284125 7.49844e-06 0.226106 1.69483e-06 1.6684e-05 0.00017745 0.000127812 6.16554e-07 0.74515
0.104427  703.286 0.0284048 8.07509e-06 0.226085 1.82402e-06 1.86878e-05 0.00018585 0.000143468 6.84176e-07 0.745151
0.104687  703.585 0.0283965 8.69281e-06 0.226064 1.96284e-06 2.08844e-05 0.000194251 0.000160709 7.56811e-07 0.745153
0.104948  703.908 0.0283877 9.35431e-06 0.22604 2.11214e-06 2.3286e-05 0.000202615 0.000179662 8.34577e-07 0.745154
0.105208  704.256 0.0283784 1.00625e-05 0.226015 2.27279e-06 2.59047e-05 0.000210906 0.00020046 9.17574e-07 0.745156
0.105469  704.632 0.0283685 1.08203e-05 0.225989 2.44579e-06 2.87522e-05 0.000219085 0.000223242 1.00588e-06 0.745158
0.105729  705.036 0.0283581 1.16311e-05 0.22596 2.63222e-06 3.18405e-05 0.000227114 0.000248154 1.09954e-06 0.745159
0.10599  705.47 0.028347 1.24981e-05 0.22593 2.83327e-06 3.51806e-05 0.000234955 0.000275347 1.19859e-06 0.745161
0.10625  705.937 0.0283353 1.34251e-05 0.225898 3.05025e-06 3.87835e-05 0.000242572 0.000304979 1.30303e-06 0.745163
0.10651  706.438 0.0283229 1.44158e-05 0.225863 3.28457e-06 4.26594e-05 0.000249929 0.000337212 1.41286e-06 0.745165
0.106771  706.975 0.0283098 1.54742e-05 0.225827 3.5378e-06 4.68181e-05 0.000256993 0.000372216 1.52804e-06 0.745167
0.107031  707.551 0.0282959 1.66046e-05 0.225788 3.81165e-06 5.12684e-05 0.000263733 0.000410166 1.64853e-06 0.745169
0.107292  708.166 0.0282813 1.78114e-05 0.225747 4.10799e-06 5.60187e-05 0.000270122 0.000451242 1.77425e-06 0.745171
0.107552  708.823 0.0282659 1.90994e-05 0.225703 4.42885e-06 6.10762e-05 0.000276135 0.000495629 1.90514e-06 0.745173
0.107812  709.526 0.0282496 2.04735e-05 0.225657 4.77647e-06 6.64474e-05 0.000281752 0.000543519 2.04111e-06 0.745175
0.108073  710.274 0.0282324 2.19389e-05 0.225607 5.15325e-06 7.21382e-05 0.000286957 0.000595107 2.18207e-06 0.745177
0.108333  711.072 0.0282143 2.35013e-05 0.225555 5.56184e-06 7.81532e-05 0.000291738 0.000650596 2.32794e-06 0.745179
0.108594  711.921 0.0281953 2.51664e-05 0.225499 6.00513e-06 8.44964e-05 0.000296087 0.000710192 2.47861e-06 0.745181
0.108854  712.823 0.0281752 2.69402e-05 0.22544 6.48622e-06 9.1171e-05 0.000300001 0.000774108 2.634e-06 0.745184
0.109115  713.782 0.0281541 2.88294e-05 0.225377 7.00852e-06 9.81792e-05 0.000303481 0.000842561 2.79402e-06 0.745186
0.109375  714.799 0.0281319 3.08404e-05 0.22531 7.57573e-06 0.000105523 0.000306533 0.000915773 2.95856e-06 0.745188
0.109635  715.877 0.0281086 3.29806e-05 0.22524 8.19184e-06 0.000113203 0.000309165 0.000993973 3.12755e-06 0.745191
0.109896  717.019 0.0280841 3.52572e-05 0.225165 8.86123e-06 0.000121219 0.000311389 0.0010774 3.30089e-06 0.745194
0.110156  718.226 0.0280583 3.76782e-05 0.225086 9.58861e-06 0.000129571 0.000313221 0.00116628 3.47849e-06 0.745196
0.110417  719.503 0.0280313 4.02515e-05 0.225002 1.03791e-05 0.000138259 0.000314679 0.00126087 3.66024e-06 0.745199
0.110677  720.85 0.028003 4.29859e-05 0.224913 1.12384e-05 0.000147281 0.000315782 0.00136142 3.84604e-06 0.745201
0.110937  722.272 0.0279733 4.58901e-05 0.224819 1.21724e-05 0.000156635 0.00031655 0.00146819 4.03576e-06 0.745204
0.111198  723.771 0.0279422 4.89736e-05 0.22472 1.31877e-05 0.00016632 0.000317006 0.00158143 4.22926e-06 0.745207
0.111458  725.349 0.0279096 5.22461e-05 0.224615 1.42915e-05 0.000176331 0.000317172 0.00170142 4.42635e-06 0.74521
0.111719  727.009 0.0278754 5.57177e-05 0.224504 1.54916e-05 0.000186667 0.00031707 0.00182844 4.62683e-06 0.745212
0.111979  728.754 0.0278397 5.93991e-05 0.224387 1.67964e-05 0.000197323 0.000316721 0.00196276 4.83046e-06 0.745215
0.11224  730.586 0.0278023 6.33012e-05 0.224264 1.82151e-05 0.000208295 0.000316147 0.00210468 5.03693e-06 0.745218
0.1125  732.509 0.0277633 6.74356e-05 0.224134 1.97576e-05 0.000219578 0.000315366 0.00225448 5.24591e-06 0.745221
0.11276  734.524 0.0277224 7.1814e-05 0.223997 2.14348e-05 0.000231167 0.000314396 0.00241247 5.45697e-06 0.745224
0.113021  736.636 0.0276798 7.64489e-05 0.223853 2.32584e-05 0.000243054 0.000313256 0.00257894 5.66967e-06 0.745227
0.113281  738.845 0.0276353 8.1353e-05 0.223701 2.52413e-05 0.000255233 0.000311959 0.00275421 5.88344e-06 0.74523
0.113542  741.155 0.0275888 8.65396e-05 0.223542 2.73975e-05 0.000267696 0.000310519 0.00293859 6.09768e-06 0.745233
0.113802  743.569 0.0275404 9.20223e-05 0.223374 2.9742e-05 0.000280432 0.000308948 0.0031324 6.31169e-06 0.745236
0.114063  746.088 0.0274898 9.78151e-05 0.223198 3.22914e-05 0.000293433 0.000307256 0.00333596 6.52471e-06 0.745239
0.114323  748.716 0.0274372 0.000103933 0.223014 3.50636e-05 0.000306687 0.000305452 0.00354959 6.7359e-06 0.745241
0.114583  751.454 0.0273823 0.00011039 0.222821 3.8078e-05 0.000320182 0.000303543 0.00377363 6.94434e-06 0.745244
0.114844  754.304 0.0273252 0.000117202 0.222618 4.13558e-05 0.000333905 0.000301537 0.00400841 7.14904e-06 0.745247
0.115104  757.269 0.0272657 0.000124385 0.222406 4.49199e-05 0.000347843 0.000299439 0.00425425 7.34895e-06 0.74525
0.115365  760.35 0.0272039 0.000131954 0.222185 4.87952e-05 0.000361981 0.000297254 0.00451151 7.54296e-06 0.745252
0.115625  763.55 0.0271395 0.000139926 0.221953 5.30088e-05 0.000376306 0.000294985 0.00478052 7.72993e-06 0.745255
0.115885  766.87 0.0270727 0.000148319 0.221711 5.75897e-05 0.000390801 0.000292636 0.00506163 7.90867e-06 0.745257
0.116146  770.312 0.0270032 0.000157147 0.221459 6.25697e-05 0.000405453 0.000290211 0.00535519 8.07797e-06 0.745259
0.116406  773.876 0.026931 0.00016643 0.221195 6.79829e-05 0.000420247 0.000287713 0.00566155 8.23663e-06 0.745262
0.116667  777.565 0.0268561 0.000176185 0.220921 7.3866e-05 0.000435169 0.000285143 0.00598107 8.38345e-06 0.745263
0.116797  779.456 0.0268176 0.000181246 0.220779 7.6999e-05 0.000442674 0.000283833 0.00614591 8.45198e-06 0.745264
0.116927  781.379 0.0267784 0.000186432 0.220635 8.02647e-05 0.000450205 0.000282506 0.00631418 8.51711e-06 0.745265
0.117057  783.333 0.0267384 0.000191744 0.220487 8.36685e-05 0.000457763 0.000281162 0.00648593 8.57871e-06 0.745266
0.117188  785.319 0.0266977 0.000197186 0.220337 8.72162e-05 0.000465344 0.000279803 0.00666119 8.63665e-06 0.745266
0.117318  787.337 0.0266563 0.000202758 0.220183 9.09134e-05 0.000472949 0.000278427 0.00684003 8.69079e-06 0.745267
0.117448  789.387 0.0266141 0.000208465 0.220026 9.47664e-05 0.000480575 0.000277037 0.00702248 8.74101e-06 0.745267
0.117578  791.468 0.0265711 0.000214307 0.219867 9.87813e-05 0.000488222 0.000275631 0.00720859 8.78719e-06 0.745268
0.117708  793.582 0.0265274 0.000220287 0.219704 0.000102965 0.000495889 0.000274211 0.00739843 8.82923e-06 0.745268
0.117839  795.727 0.0264829 0.000226408 0.219538 0.000107323 0.000503575 0.000272777 0.00759203 8.86701e-06 0.745268
0.117969  797.905 0.0264376 0.000232671 0.219369 0.000111864 0.000511279 0.000271329 0.00778944 8.90044e-06 0.745268
0.118099  800.115 0.0263915 0.000239079 0.219196 0.000116594 0.000519002 0.000269867 0.00799072 8.92943e-06 0.745268
0.118229  802.357 0.0263446 0.000245635 0.21902 0.00012152 0.000526742 0.000268392 0.00819593 8.9539e-06 0.745268
0.11849  806.936 0.0262483 0.000259193 0.218658 0.000131986 0.000542274 0.000265405 0.00861824 8.98907e-06 0.745267
0.11875  811.645 0.0261486 0.000273367 0.218282 0.000143332 0.000557879 0.00026237 0.00905688 9.00543e-06 0.745266
0.119271  821.445 0.0259391 0.000303609 0.217488 0.000168863 0.000589318 0.00025617 0.00998432 8.98094e-06 0.745262
0.119531  826.538 0.0258289 0.000319738 0.217068 0.000183277 0.000605195 0.000253013 0.0104748 8.93992e-06 0.745258
0.119792  831.757 0.025715 0.000336553 0.216632 0.000198867 0.000621194 0.000249823 0.0109836 8.87999e-06 0.745254
0.119922  834.415 0.0256567 0.000345225 0.216408 0.000207135 0.000629248 0.000248216 0.0112451 8.84309e-06 0.745251
0.120052  837.104 0.0255974 0.000354074 0.21618 0.000215729 0.000637342 0.000246603 0.0115114 8.80164e-06 0.745249
0.120182  839.824 0.0255371 0.000363103 0.215948 0.000224661 0.000645479 0.000244983 0.0117826 8.75572e-06 0.745246
0.120312  842.576 0.0254759 0.000372315 0.215711 0.000233941 0.000653662 0.000243357 0.0120586 8.70542e-06 0.745242
0.120443  845.359 0.0254138 0.00038171 0.21547 0.000243581 0.000661897 0.000241725 0.0123397 8.65085e-06 0.745239
0.120573  848.172 0.0253506 0.00039129 0.215225 0.000253593 0.000670188 0.000240088 0.012626 8.59213e-06 0.745235
0.120703  851.017 0.0252864 0.000401059 0.214975 0.000263989 0.000678539 0.000238447 0.0129173 8.52936e-06 0.745231
0.120833  853.893 0.0252213 0.000411017 0.21472 0.000274781 0.000686955 0.000236801 0.013214 8.46269e-06 0.745226
0.120964  856.799 0.0251551 0.000421167 0.214461 0.000285983 0.000695444 0.000235152 0.013516 8.39226e-06 0.745221
0.121094  859.736 0.0250879 0.00043151 0.214198 0.000297607 0.000704009 0.0002335 0.0138235 8.31821e-06 0.745216
0.121224  862.704 0.0250197 0.000442047 0.213929 0.000309666 0.000712657 0.000231845 0.0141365 8.24071e-06 0.745211
0.121354  865.701 0.0249504 0.000452782 0.213655 0.000322173 0.000721396 0.000230188 0.0144551 8.15993e-06 0.745205
0.121484  868.729 0.0248801 0.000463714 0.213376 0.000335141 0.000730231 0.000228529 0.0147795 8.07602e-06 0.745198
0.121615  871.787 0.0248087 0.000474846 0.213092 0.000348585 0.000739171 0.000226868 0.0151097 7.98918e-06 0.745192
0.121745  874.874 0.0247363 0.00048618 0.212803 0.000362517 0.000748221 0.000225207 0.0154458 7.89959e-06 0.745185
0.121875  877.991 0.0246628 0.000497716 0.212509 0.000376953 0.000757392 0.000223545 0.0157879 7.80744e-06 0.745177
0.122005  881.137 0.0245882 0.000509456 0.212209 0.000391905 0.00076669 0.000221883 0.0161362 7.71291e-06 0.745169
0.122135  884.313 0.0245125 0.000521402 0.211903 0.000407388 0.000776124 0.000220222 0.0164908 7.61622e-06 0.745161
0.122266  887.517 0.0244357 0.000533554 0.211592 0.000423417 0.000785704 0.000218561 0.0168517 7.51756e-06 0.745152
0.122396  890.751 0.0243578 0.000545914 0.211275 0.000440005 0.000795438 0.000216902 0.0172191 7.41713e-06 0.745142
0.122526  894.012 0.0242788 0.000558483 0.210952 0.000457169 0.000805336 0.000215244 0.017593 7.31515e-06 0.745132
0.122656  897.303 0.0241987 0.000571263 0.210623 0.000474921 0.000815408 0.000213589 0.0179737 7.2118e-06 0.745122
0.122786  900.622 0.0241175 0.000584253 0.210288 0.000493278 0.000825664 0.000211935 0.0183612 7.10731e-06 0.745111
0.122917  903.968 0.0240351 0.000597454 0.209946 0.000512253 0.000836115 0.000210285 0.0187557 7.00187e-06 0.7451
0.123047  907.343 0.0239516 0.000610869 0.209598 0.000531863 0.000846771 0.000208638 0.0191573 6.89569e-06 0.745088
0.123177  910.745 0.0238669 0.000624496 0.209243 0.00055212 0.000857644 0.000206994 0.019566 6.78897e-06 0.745076
0.123307  914.174 0.0237811 0.000638337 0.208882 0.000573041 0.000868746 0.000205354 0.0199822 6.68191e-06 0.745062
0.123437  917.631 0.0236942 0.000652393 0.208514 0.00059464 0.000880087 0.000203719 0.0204058 6.57471e-06 0.745049
0.123568  921.115 0.0236061 0.000666663 0.208138 0.000616932 0.00089168 0.000202087 0.020837 6.46756e-06 0.745035
0.123698  924.625 0.0235168 0.000681148 0.207756 0.000639932 0.000903538 0.000200461 0.0212759 6.36065e-06 0.74502
0.123828  928.162 0.0234263 0.000695849 0.207366 0.000663654 0.000915673 0.00019884 0.0217227 6.25416e-06 0.745005
0.123958  931.725 0.0233347 0.000710764 0.206969 0.000688113 0.000928097 0.000197224 0.0221776 6.14827e-06 0.744989
0.124089  935.315 0.0232419 0.000725895 0.206564 0.000713323 0.000940824 0.000195613 0.0226406 6.04317e-06 0.744972
0.124219  938.93 0.023148 0.00074124 0.206151 0.000739299 0.000953867 0.000194009 0.0231119 5.939e-06 0.744955
0.124349  942.57 0.0230528 0.000756801 0.20573 0.000766055 0.00096724 0.000192411 0.0235916 5.83594e-06 0.744937
0.124479  946.236 0.0229565 0.000772575 0.205301 0.000793604 0.000980956 0.000190819 0.0240799 5.73413e-06 0.744919
0.124609  949.927 0.022859 0.000788564 0.204864 0.00082196 0.00099503 0.000189234 0.0245769 5.63373e-06 0.7449
0.12474  953.643 0.0227603 0.000804765 0.204418 0.000851137 0.00100947 0.000187655 0.0250828 5.53488e-06 0.74488
0.12487  957.383 0.0226604 0.000821178 0.203964 0.000881147 0.00102431 0.000186084 0.0255977 5.4377e-06 0.74486
0.125  961.148 0.0225593 0.000837803 0.203501 0.000912004 0.00103954 0.00018452 0.0261218 5.34233e-06 0.744839
0.125065  963.039 0.0225084 0.000846195 0.203266 0.000927755 0.00104731 0.000183741 0.0263873 5.29536e-06 0.744828
0.12513  964.936 0.0224571 0.000854638 0.203028 0.000943722 0.00105519 0.000182963 0.0266552 5.24888e-06 0.744818
0.125195  966.839 0.0224056 0.000863134 0.202789 0.000959907 0.00106317 0.000182187 0.0269254 5.20292e-06 0.744807
0.12526  968.748 0.0223537 0.000871682 0.202547 0.000976311 0.00107126 0.000181414 0.0271979 5.15747e-06 0.744795
0.125326  970.663 0.0223015 0.000880282 0.202303 0.000992935 0.00107947 0.000180642 0.0274729 5.11255e-06 0.744784
0.125391  972.584 0.0222491 0.000888933 0.202057 0.00100978 0.00108779 0.000179872 0.0277503 5.06818e-06 0.744773
0.125456  974.51 0.0221964 0.000897637 0.201808 0.00102685 0.00109622 0.000179104 0.0280301 5.02436e-06 0.744761
0.125521  976.442 0.0221433 0.000906391 0.201557 0.00104415 0.00110477 0.000178338 0.0283123 4.98111e-06 0.744749
0.125586  978.38 0.02209 0.000915196 0.201303 0.00106167 0.00111344 0.000177574 0.028597 4.93843e-06 0.744737
0.125651  980.324 0.0220364 0.000924053 0.201047 0.00107942 0.00112223 0.000176812 0.0288842 4.89634e-06 0.744725
0.125716  982.273 0.0219825 0.00093296 0.200788 0.0010974 0.00113114 0.000176052 0.0291739 4.85485e-06 0.744713
0.125781  984.228 0.0219283 0.000941917 0.200527 0.00111561 0.00114017 0.000175294 0.029466 4.81395e-06 0.744701
0.125846  986.188 0.0218738 0.000950925 0.200264 0.00113405 0.00114934 0.000174538 0.0297607 4.77368e-06 0.744688
0.125911  988.154 0.0218191 0.000959983 0.199998 0.00115272 0.00115863 0.000173784 0.030058 4.73402e-06 0.744675
0.125977  990.125 0.021764 0.00096909 0.199729 0.00117162 0.00116805 0.000173032 0.0303578 4.69499e-06 0.744662
0.126042  992.102 0.0217087 0.000978246 0.199458 0.00119077 0.0011776 0.000172283 0.0306601 4.65659e-06 0.744649
0.126107  994.084 0.021653 0.000987452 0.199184 0.00121014 0.00118729 0.000171535 0.0309651 4.61884e-06 0.744636
0.126172  996.072 0.0215971 0.000996706 0.198908 0.00122976 0.00119711 0.000170789 0.0312726 4.58173e-06 0.744623
0.126237  998.065 0.0215409 0.00100601 0.198629 0.00124961 0.00120707 0.000170045 0.0315828 4.54528e-06 0.74461
0.126302  1000.06 0.0214844 0.00101536 0.198348 0.0012697 0.00121717 0.000169304 0.0318956 4.50948e-06 0.744596
0.126367  1002.07 0.0214276 0.00102476 0.198064 0.00129003 0.00122741 0.000168564 0.032211 4.47435e-06 0.744582
0.126432  1004.07 0.0213706 0.0010342 0.197777 0.0013106 0.00123779 0.000167827 0.0325291 4.43988e-06 0.744569
0.126497  1006.09 0.0213133 0.0010437 0.197487 0.00133142 0.00124832 0.000167092 0.0328499 4.40608e-06 0.744555
0.126562  1008.11 0.0212556 0.00105324 0.197195 0.00135247 0.001259 0.000166359 0.0331734 4.37296e-06 0.74454
0.126628  1010.13 0.0211978 0.00106282 0.1969 0.00137377 0.00126983 0.000165627 0.0334995 4.34051e-06 0.744526
0.126693  1012.16 0.0211396 0.00107246 0.196602 0.00139532 0.0012808 0.000164898 0.0338284 4.30874e-06 0.744512
0.126758  1014.19 0.0210811 0.00108213 0.196302 0.00141711 0.00129193 0.000164171 0.03416 4.27766e-06 0.744497
0.126823  1016.23 0.0210224 0.00109186 0.195999 0.00143914 0.00130322 0.000163447 0.0344943 4.24725e-06 0.744483
0.126888  1018.28 0.0209634 0.00110162 0.195693 0.00146142 0.00131466 0.000162724 0.0348314 4.21753e-06 0.744468
0.126953  1020.32 0.0209042 0.00111143 0.195384 0.00148395 0.00132626 0.000162003 0.0351712 4.1885e-06 0.744453
0.127018  1022.38 0.0208446 0.00112129 0.195072 0.00150672 0.00133802 0.000161285 0.0355138 4.16015e-06 0.744438
0.127083  1024.44 0.0207848 0.00113119 0.194757 0.00152974 0.00134994 0.000160568 0.0358592 4.13249e-06 0.744423
0.127214  1028.57 0.0206644 0.00115112 0.19412 0.00157653 0.00137428 0.000159142 0.0365583 4.07922e-06 0.744392
0.127344  1032.72 0.020543 0.00117121 0.19347 0.00162431 0.00139929 0.000157724 0.0372687 4.02868e-06 0.744361
0.127474  1036.88 0.0204205 0.00119147 0.192809 0.00167309 0.00142498 0.000156314 0.0379904 3.98088e-06 0.74433
0.127604  1041.07 0.020297 0.00121189 0.192136 0.00172287 0.00145137 0.000154912 0.0387234 3.93579e-06 0.744298
0.127734  1045.27 0.0201725 0.00123247 0.191451 0.00177365 0.00147847 0.000153519 0.0394679 3.89339e-06 0.744266
0.127865  1049.49 0.020047 0.00125319 0.190755 0.00182542 0.00150629 0.000152133 0.0402238 3.85366e-06 0.744234
0.127995  1053.72 0.0199205 0.00127407 0.190046 0.00187819 0.00153485 0.000150756 0.0409912 3.81657e-06 0.744201
0.128125  1057.97 0.0197931 0.00129508 0.189325 0.00193196 0.00156417 0.000149387 0.0417701 3.7821e-06 0.744168
0.128255  1062.24 0.0196648 0.00131623 0.188591 0.00198671 0.00159424 0.000148026 0.0425606 3.7502e-06 0.744135
0.128385  1066.52 0.0195355 0.00133751 0.187845 0.00204245 0.00162509 0.000146673 0.0433625 3.72084e-06 0.744101
0.128646  1075.12 0.0192743 0.00138045 0.186317 0.00215688 0.00168915 0.00014399 0.0450011 3.6696e-06 0.744033
0.128906  1083.78 0.0190098 0.00142385 0.184739 0.00227517 0.00175643 0.000141338 0.0466856 3.62802e-06 0.743965
0.129167  1092.49 0.0187421 0.00146766 0.183111 0.00239727 0.00182702 0.000138715 0.0484157 3.5957e-06 0.743897
0.129427  1101.24 0.0184715 0.00151183 0.181433 0.00252308 0.00190098 0.000136122 0.0501909 3.57226e-06 0.743829
0.129688  1110.03 0.0181982 0.00155631 0.179705 0.00265252 0.00197837 0.000133557 0.0520105 3.55727e-06 0.743761
0.129948  1118.86 0.0179224 0.00160104 0.177929 0.00278545 0.00205924 0.000131019 0.0538737 3.55032e-06 0.743695
0.130208  1127.72 0.0176443 0.00164598 0.176104 0.00292177 0.00214362 0.000128508 0.0557794 3.55097e-06 0.743629
0.130469  1136.61 0.0173643 0.00169106 0.174232 0.00306131 0.00223155 0.000126023 0.0577262 3.55879e-06 0.743564
0.130729  1145.52 0.0170826 0.00173622 0.172313 0.00320392 0.00232303 0.000123564 0.0597127 3.57337e-06 0.743501
0.13099  1154.45 0.0167995 0.00178141 0.17035 0.00334943 0.00241806 0.000121129 0.0617373 3.59428e-06 0.74344
0.13125  1163.39 0.0165153 0.00182656 0.168343 0.00349764 0.00251664 0.000118719 0.063798 3.62112e-06 0.743381
0.13151  1172.34 0.0162302 0.0018716 0.166294 0.00364836 0.00261874 0.000116333 0.0658929 3.65349e-06 0.743324
0.131771  1181.28 0.0159446 0.00191649 0.164205 0.00380138 0.00272433 0.00011397 0.0680196 3.691e-06 0.743271
0.132031  1190.23 0.0156588 0.00196115 0.162079 0.00395648 0.00283334 0.00011163 0.0701759 3.73329e-06 0.74322
0.132292  1199.16 0.0153731 0.00200551 0.159918 0.00411342 0.00294572 0.000109314 0.0723592 3.78e-06 0.743172
0.132552  1208.08 0.0150878 0.00204953 0.157724 0.00427197 0.00306138 0.000107021 0.0745667 3.83078e-06 0.743128
0.132682  1212.54 0.0149455 0.00207138 0.156615 0.00435176 0.00312042 0.000105883 0.0756786 3.85758e-06 0.743107
0.132812  1216.98 0.0148033 0.00209312 0.1555 0.00443185 0.00318024 0.000104751 0.0767955 3.88527e-06 0.743087
0.132943  1221.42 0.0146615 0.00211475 0.154378 0.00451223 0.00324084 0.000103625 0.077917 3.91383e-06 0.743068
0.133073  1225.86 0.0145199 0.00213624 0.153249 0.00459285 0.0033022 0.000102505 0.0790428 3.9432e-06 0.74305
0.133203  1230.29 0.0143787 0.0021576 0.152115 0.00467368 0.00336431 0.000101391 0.0801725 3.97335e-06 0.743033
0.133333  1234.7 0.0142378 0.00217882 0.150974 0.0047547 0.00342715 0.000100283 0.0813057 4.00425e-06 0.743017
0.133594  1243.52 0.0139574 0.00222082 0.148678 0.00491719 0.00355498 9.80854e-05 0.0835816 4.06816e-06 0.742988
0.133854  1252.29 0.0136789 0.00226217 0.146364 0.00508003 0.00368555 9.59122e-05 0.0858669 4.13464e-06 0.742962
0.134115  1261.02 0.0134027 0.00230281 0.144035 0.00524296 0.0038187 9.37645e-05 0.0881584 4.2034e-06 0.742941
0.134375  1269.69 0.0131291 0.0023427 0.141696 0.00540572 0.0039543 9.16429e-05 0.0904528 4.27421e-06 0.742924
0.134635  1278.32 0.0128583 0.00238178 0.139348 0.00556806 0.00409219 8.95482e-05 0.0927471 4.34681e-06 0.742911
0.134896  1286.88 0.0125907 0.00242 0.136996 0.00572974 0.0042322 8.74813e-05 0.095038 4.42097e-06 0.742902
0.135156  1295.38 0.0123265 0.00245732 0.134643 0.00589052 0.00437416 8.54428e-05 0.0973223 4.49648e-06 0.742896
0.135417  1303.82 0.0120659 0.0024937 0.132292 0.00605015 0.0045179 8.34338e-05 0.099597 4.57312e-06 0.742895
0.135677  1312.19 0.0118092 0.0025291 0.129947 0.00620843 0.00466324 8.14551e-05 0.101859 4.65069e-06 0.742898
0.135937  1320.48 0.0115567 0.00256348 0.127611 0.00636512 0.00481001 7.95077e-05 0.104105 4.729e-06 0.742904
0.136198  1328.69 0.0113084 0.00259682 0.125287 0.00652002 0.00495803 7.75923e-05 0.106333 4.80787e-06 0.742914
0.136458  1336.83 0.0110647 0.00262908 0.122978 0.00667294 0.00510711 7.571e-05 0.10854 4.88713e-06 0.742927
0.136719  1344.88 0.0108257 0.00266024 0.120688 0.00682369 0.00525708 7.38616e-05 0.110723 4.96661e-06 0.742944
0.136979  1352.84 0.0105915 0.00269028 0.118418 0.0069721 0.00540777 7.20478e-05 0.11288 5.04615e-06 0.742963
0.13724  1360.72 0.0103624 0.00271918 0.116173 0.00711801 0.00555899 7.02694e-05 0.115008 5.12562e-06 0.742986
0.1375  1368.5 0.0101384 0.00274692 0.113953 0.00726126 0.00571057 6.85272e-05 0.117105 5.20487e-06 0.743011
0.13776  1376.2 0.0099196 0.0027735 0.111763 0.00740172 0.00586235 6.68217e-05 0.119169 5.28378e-06 0.743039
0.138021  1383.79 0.0097062 0.00279891 0.109603 0.00753927 0.00601416 6.51536e-05 0.121198 5.36221e-06 0.74307
0.138281  1391.3 0.00949824 0.00282313 0.107477 0.0076738 0.00616584 6.35234e-05 0.123191 5.44007e-06 0.743102
0.138542  1398.7 0.00929577 0.00284618 0.105385 0.00780521 0.00631725 6.19314e-05 0.125146 5.51723e-06 0.743136
0.138802  1406.01 0.00909886 0.00286805 0.103331 0.00793341 0.00646823 6.03781e-05 0.127062 5.59361e-06 0.743173
0.139063  1413.22 0.00890752 0.00288875 0.101315 0.00805833 0.00661865 5.88636e-05 0.128937 5.66911e-06 0.743211
0.139323  1420.33 0.0087218 0.00290829 0.0993384 0.0081799 0.00676836 5.73881e-05 0.13077 5.74364e-06 0.74325
0.139583  1427.35 0.00854168 0.00292666 0.0974033 0.00829809 0.00691725 5.59517e-05 0.132561 5.81714e-06 0.74329
0.139844  1434.26 0.00836716 0.0029439 0.0955103 0.00841284 0.00706519 5.45545e-05 0.134309 5.88952e-06 0.743332
0.140104  1441.07 0.00819823 0.00296 0.0936604 0.00852412 0.00721207 5.31963e-05 0.136012 5.96072e-06 0.743374
0.140365  1447.78 0.00803484 0.002975 0.0918543 0.00863193 0.00735778 5.18769e-05 0.137671 6.03068e-06 0.743417
0.140625  1454.39 0.00787695 0.0029889 0.0900926 0.00873624 0.00750222 5.05962e-05 0.139286 6.09935e-06 0.743461
0.140885  1460.91 0.00772452 0.00300173 0.0883757 0.00883706 0.00764531 4.93538e-05 0.140856 6.16667e-06 0.743504
0.141146  1467.32 0.00757746 0.00301351 0.086704 0.00893439 0.00778695 4.81494e-05 0.142381 6.23262e-06 0.743549
0.141406  1473.64 0.00743572 0.00302426 0.0850777 0.00902825 0.00792708 4.69824e-05 0.143861 6.29714e-06 0.743593
0.141667  1479.86 0.0072992 0.00303401 0.0834967 0.00911866 0.00806561 4.58524e-05 0.145296 6.36021e-06 0.743637
0.141927  1485.99 0.00716781 0.00304278 0.0819611 0.00920565 0.00820248 4.47589e-05 0.146688 6.42178e-06 0.743681
0.142188  1492.02 0.00704147 0.0030506 0.0804705 0.00928926 0.00833764 4.37012e-05 0.148035 6.48185e-06 0.743725
0.142448  1497.95 0.00692006 0.0030575 0.0790248 0.00936951 0.00847103 4.26787e-05 0.149339 6.54039e-06 0.743769
0.142708  1503.8 0.00680349 0.00306351 0.0776235 0.00944647 0.00860261 4.16906e-05 0.1506 6.59738e-06 0.743812
0.142969  1509.55 0.00669162 0.00306865 0.0762661 0.00952017 0.00873234 4.07362e-05 0.151819 6.65281e-06 0.743854
0.143229  1515.21 0.00658436 0.00307296 0.0749522 0.00959068 0.00886018 3.98149e-05 0.152997 6.70667e-06 0.743896
0.14349  1520.78 0.00648158 0.00307646 0.073681 0.00965804 0.0089861 3.89257e-05 0.154133 6.75895e-06 0.743938
0.14375  1526.27 0.00638315 0.00307919 0.0724518 0.00972233 0.00911008 3.80678e-05 0.15523 6.80965e-06 0.743978
0.14401  1531.67 0.00628896 0.00308117 0.071264 0.00978359 0.0092321 3.72405e-05 0.156288 6.85876e-06 0.744018
0.144271  1536.99 0.00619887 0.00308243 0.0701167 0.0098419 0.00935215 3.64429e-05 0.157307 6.9063e-06 0.744057
0.144531  1542.22 0.00611277 0.003083 0.0690091 0.00989732 0.00947021 3.56741e-05 0.15829 6.95225e-06 0.744095
0.144792  1547.38 0.00603051 0.00308292 0.0679403 0.00994992 0.00958628 3.49334e-05 0.159236 6.99663e-06 0.744133
0.145052  1552.45 0.00595199 0.0030822 0.0669093 0.00999978 0.00970035 3.42197e-05 0.160146 7.03945e-06 0.744169
0.145313  1557.45 0.00587706 0.00308088 0.0659153 0.0100469 0.00981243 3.35323e-05 0.161022 7.08071e-06 0.744204
0.145573  1562.37 0.00580561 0.00307899 0.0649572 0.0100915 0.00992252 3.28703e-05 0.161865 7.12043e-06 0.744239
0.145833  1567.21 0.0057375 0.00307655 0.0640341 0.0101335 0.0100306 3.22328e-05 0.162676 7.15863e-06 0.744272
0.146094  1571.99 0.00567262 0.00307359 0.063145 0.0101731 0.0101368 3.16191e-05 0.163455 7.19531e-06 0.744305
0.146354  1576.69 0.00561085 0.00307014 0.062289 0.0102103 0.0102409 3.10282e-05 0.164204 7.2305e-06 0.744337
0.146615  1581.32 0.00555205 0.00306622 0.0614649 0.0102451 0.0103432 3.04594e-05 0.164924 7.26421e-06 0.744367
0.146875  1585.88 0.00549612 0.00306186 0.0606718 0.0102777 0.0104435 2.99119e-05 0.165615 7.29647e-06 0.744397
0.147135  1590.38 0.00544295 0.00305708 0.0599087 0.0103081 0.0105418 2.93848e-05 0.166279 7.32728e-06 0.744425
0.147396  1594.8 0.00539241 0.00305191 0.0591747 0.0103364 0.0106383 2.88774e-05 0.166917 7.35669e-06 0.744453
0.147656  1599.17 0.0053444 0.00304636 0.0584687 0.0103627 0.010733 2.83889e-05 0.167529 7.3847e-06 0.74448
0.147917  1603.47 0.00529881 0.00304046 0.0577897 0.010387 0.0108258 2.79185e-05 0.168117 7.41134e-06 0.744506
0.148438  1611.9 0.00521457 0.00302768 0.05651 0.0104298 0.0110059 2.70301e-05 0.169223 7.4606e-06 0.744555
0.148958  1620.09 0.00513879 0.00301374 0.0553273 0.0104656 0.011179 2.6206e-05 0.170242 7.50469e-06 0.7446
0.149479  1628.05 0.00507073 0.0029988 0.0542344 0.0104947 0.0113452 2.54412e-05 0.171181 7.54381e-06 0.744642
0.15  1635.81 0.00500968 0.00298298 0.0532246 0.0105177 0.0115049 2.47307e-05 0.172047 7.57816e-06 0.744681
0.150521  1643.36 0.004955 0.00296643 0.0522912 0.0105351 0.0116583 2.40701e-05 0.172846 7.60798e-06 0.744716
0.151042  1650.71 0.00490608 0.00294924 0.0514283 0.0105473 0.0118055 2.34553e-05 0.173583 7.63347e-06 0.744749
0.151563  1657.89 0.00486235 0.00293153 0.0506301 0.0105547 0.011947 2.28823e-05 0.174264 7.65485e-06 0.744779
0.152083  1664.88 0.00482332 0.0029134 0.0498912 0.0105576 0.0120829 2.23477e-05 0.174894 7.67233e-06 0.744807
0.152604  1671.71 0.00478851 0.00289491 0.0492068 0.0105566 0.0122135 2.18481e-05 0.175478 7.68613e-06 0.744832
0.153125  1678.38 0.00475748 0.00287616 0.0485721 0.0105518 0.012339 2.13806e-05 0.176019 7.69645e-06 0.744855
0.153646  1684.89 0.00472986 0.00285721 0.0479829 0.0105437 0.0124597 2.09424e-05 0.176521 7.70348e-06 0.744877
0.154167  1691.25 0.00470527 0.00283811 0.0474352 0.0105325 0.0125757 2.05311e-05 0.176989 7.70743e-06 0.744896
0.154688  1697.48 0.0046834 0.00281893 0.0469254 0.0105185 0.0126874 2.01442e-05 0.177425 7.70848e-06 0.744914
0.155208  1703.57 0.00466395 0.00279972 0.0464502 0.010502 0.0127949 1.97799e-05 0.177832 7.7068e-06 0.74493
0.155729  1709.53 0.00464667 0.00278051 0.0460064 0.0104833 0.0128985 1.9436e-05 0.178213 7.70258e-06 0.744944
0.15625  1715.36 0.0046313 0.00276133 0.0455913 0.0104625 0.0129983 1.91111e-05 0.178571 7.69598e-06 0.744957
0.156771  1721.07 0.00461763 0.00274224 0.0452022 0.0104398 0.0130944 1.88034e-05 0.178908 7.68715e-06 0.74497
0.157292  1726.67 0.00460547 0.00272324 0.0448369 0.0104155 0.0131872 1.85115e-05 0.179225 7.67625e-06 0.744981
0.158333  1737.54 0.00458515 0.00268562 0.044171 0.0103625 0.0133631 1.79712e-05 0.179807 7.6487e-06 0.745
0.159375  1748 0.00456899 0.00264865 0.0435767 0.0103049 0.0135273 1.74801e-05 0.180333 7.61447e-06 0.745015
0.160417  1758.08 0.00455605 0.00261244 0.043042 0.0102436 0.0136809 1.70312e-05 0.180812 7.57449e-06 0.745028
0.161458  1767.8 0.00454559 0.00257706 0.0425568 0.0101796 0.013825 1.66183e-05 0.181253 7.52958e-06 0.745039
0.1625  1777.19 0.00453702 0.00254257 0.0421131 0.0101135 0.0139603 1.62366e-05 0.181662 7.48047e-06 0.745048
0.163542  1786.28 0.00452986 0.00250897 0.0417043 0.0100459 0.0140878 1.58818e-05 0.182044 7.42779e-06 0.745056
0.164063  1790.71 0.00452668 0.00249252 0.0415109 0.0100118 0.0141488 1.57134e-05 0.182227 7.40031e-06 0.745059
0.164583  1795.07 0.00452372 0.00247629 0.0413243 0.00997742 0.014208 1.55505e-05 0.182405 7.37215e-06 0.745062
0.165104  1799.36 0.00452096 0.00246029 0.0411439 0.00994294 0.0142656 1.53928e-05 0.182579 7.34335e-06 0.745065
0.165625  1803.59 0.00451835 0.00244452 0.0409692 0.00990835 0.0143217 1.524e-05 0.182748 7.31399e-06 0.745067
0.166146  1807.75 0.00451588 0.00242898 0.0407999 0.0098737 0.0143762 1.50917e-05 0.182913 7.28411e-06 0.74507
0.166667  1811.85 0.00451353 0.00241365 0.0406354 0.00983901 0.0144292 1.49478e-05 0.183075 7.25375e-06 0.745072
0.167188  1815.88 0.00451127 0.00239855 0.0404756 0.00980433 0.0144809 1.4808e-05 0.183234 7.22298e-06 0.745074
0.167708  1819.86 0.00450908 0.00238366 0.0403199 0.00976968 0.0145312 1.46721e-05 0.183389 7.19182e-06 0.745075
0.168229  1823.78 0.00450695 0.00236899 0.0401683 0.00973507 0.0145802 1.45399e-05 0.183542 7.16032e-06 0.745077
0.16875  1827.65 0.00450488 0.00235453 0.0400203 0.00970054 0.014628 1.44111e-05 0.183692 7.12851e-06 0.745079
0.169271  1831.45 0.00450283 0.00234028 0.0398757 0.0096661 0.0146745 1.42856e-05 0.183839 7.09644e-06 0.74508
0.169792  1835.21 0.00450081 0.00232624 0.0397343 0.00963178 0.01472 1.41633e-05 0.183984 7.06413e-06 0.745081
0.170313  1838.92 0.00449881 0.00231239 0.039596 0.00959758 0.0147643 1.4044e-05 0.184127 7.03161e-06 0.745083
0.170833  1842.57 0.00449681 0.00229875 0.0394605 0.00956352 0.0148075 1.39276e-05 0.184268 6.99891e-06 0.745084
0.171354  1846.17 0.00449482 0.0022853 0.0393277 0.00952961 0.0148497 1.38139e-05 0.184407 6.96606e-06 0.745085
0.171875  1849.73 0.00449282 0.00227204 0.0391975 0.00949586 0.0148909 1.37028e-05 0.184544 6.93308e-06 0.745086
0.172396  1853.24 0.00449082 0.00225897 0.0390696 0.00946229 0.0149311 1.35942e-05 0.18468 6.89999e-06 0.745087
0.172917  1856.7 0.00448881 0.00224608 0.038944 0.00942889 0.0149703 1.3488e-05 0.184814 6.86682e-06 0.745088
0.173438  1860.12 0.00448678 0.00223337 0.0388205 0.00939568 0.0150087 1.33841e-05 0.184946 6.83359e-06 0.745088
0.173958  1863.5 0.00448473 0.00222084 0.0386991 0.00936266 0.0150462 1.32825e-05 0.185077 6.80031e-06 0.745089
0.174479  1866.83 0.00448266 0.00220848 0.0385796 0.00932984 0.0150828 1.31829e-05 0.185207 6.767e-06 0.74509
0.175  1870.12 0.00448057 0.00219629 0.0384621 0.00929722 0.0151186 1.30854e-05 0.185335 6.73369e-06 0.745091
0.175521  1873.37 0.00447846 0.00218427 0.0383463 0.00926481 0.0151537 1.29899e-05 0.185462 6.70037e-06 0.745091
0.176042  1876.58 0.00447632 0.00217241 0.0382322 0.00923261 0.0151879 1.28963e-05 0.185587 6.66708e-06 0.745092
0.176562  1879.75 0.00447416 0.00216071 0.0381198 0.00920061 0.0152213 1.28046e-05 0.185711 6.63381e-06 0.745093
0.177083  1882.89 0.00447197 0.00214917 0.0380089 0.00916883 0.0152541 1.27146e-05 0.185835 6.60059e-06 0.745093
0.177604  1885.98 0.00446975 0.00213778 0.0378996 0.00913727 0.0152861 1.26263e-05 0.185957 6.56742e-06 0.745094
0.178125  1889.04 0.00446751 0.00212654 0.0377917 0.00910591 0.0153174 1.25397e-05 0.186078 6.53432e-06 0.745094
0.178646  1892.07 0.00446524 0.00211545 0.0376853 0.00907478 0.0153481 1.24547e-05 0.186198 6.5013e-06 0.745095
0.179167  1895.06 0.00446295 0.0021045 0.0375802 0.00904386 0.0153781 1.23712e-05 0.186316 6.46836e-06 0.745095
0.179687  1898.01 0.00446063 0.00209369 0.0374765 0.00901316 0.0154074 1.22893e-05 0.186434 6.43552e-06 0.745096
0.180208  1900.93 0.00445828 0.00208302 0.037374 0.00898268 0.0154362 1.22088e-05 0.186551 6.40277e-06 0.745096
0.180729  1903.82 0.00445591 0.00207248 0.0372728 0.00895242 0.0154643 1.21297e-05 0.186667 6.37014e-06 0.745096
0.18125  1906.68 0.00445351 0.00206208 0.0371728 0.00892237 0.0154918 1.2052e-05 0.186782 6.33762e-06 0.745097
0.181771  1909.5 0.00445109 0.00205181 0.037074 0.00889253 0.0155187 1.19756e-05 0.186896 6.30523e-06 0.745097
0.182292  1912.3 0.00444865 0.00204166 0.0369764 0.00886292 0.0155451 1.19005e-05 0.18701 6.27297e-06 0.745097
0.182812  1915.06 0.00444618 0.00203164 0.0368798 0.00883351 0.015571 1.18267e-05 0.187122 6.24084e-06 0.745098
0.183333  1917.8 0.00444369 0.00202175 0.0367843 0.00880432 0.0155963 1.17541e-05 0.187234 6.20885e-06 0.745098
0.183854  1920.5 0.00444118 0.00201197 0.0366899 0.00877534 0.015621 1.16827e-05 0.187344 6.17701e-06 0.745099
0.184375  1923.18 0.00443864 0.00200231 0.0365965 0.00874657 0.0156453 1.16125e-05 0.187454 6.14532e-06 0.745099
0.184896  1925.83 0.00443609 0.00199276 0.0365042 0.00871801 0.0156691 1.15434e-05 0.187563 6.11378e-06 0.745099
0.185417  1928.45 0.00443351 0.00198333 0.0364128 0.00868965 0.0156924 1.14754e-05 0.187671 6.0824e-06 0.745099
0.185937  1931.05 0.00443092 0.00197401 0.0363224 0.00866151 0.0157152 1.14084e-05 0.187779 6.05118e-06 0.7451
0.186458  1933.61 0.0044283 0.00196479 0.0362329 0.00863356 0.0157375 1.13425e-05 0.187886 6.02013e-06 0.7451
0.186979  1936.16 0.00442567 0.00195569 0.0361444 0.00860582 0.0157594 1.12777e-05 0.187992 5.98924e-06 0.7451
0.1875  1938.67 0.00442302 0.00194669 0.0360567 0.00857828 0.0157808 1.12138e-05 0.188097 5.95853e-06 0.745101
0.188021  1941.16 0.00442036 0.00193779 0.03597 0.00855094 0.0158018 1.11509e-05 0.188201 5.92799e-06 0.745101
0.188542  1943.63 0.00441767 0.00192899 0.0358841 0.0085238 0.0158224 1.10889e-05 0.188305 5.89762e-06 0.745101
0.189062  1946.07 0.00441498 0.00192029 0.035799 0.00849686 0.0158426 1.10278e-05 0.188408 5.86743e-06 0.745101
0.189583  1948.49 0.00441227 0.00191169 0.0357148 0.00847011 0.0158623 1.09677e-05 0.18851 5.83742e-06 0.745102
0.190104  1950.89 0.00440954 0.00190318 0.0356314 0.00844355 0.0158817 1.09084e-05 0.188612 5.80758e-06 0.745102
0.190625  1953.26 0.0044068 0.00189476 0.0355488 0.00841718 0.0159007 1.085e-05 0.188713 5.77794e-06 0.745102
0.191146  1955.61 0.00440405 0.00188644 0.035467 0.008391 0.0159193 1.07924e-05 0.188814 5.74847e-06 0.745102
0.191667  1957.94 0.00440128 0.00187821 0.0353859 0.00836501 0.0159375 1.07357e-05 0.188913 5.71919e-06 0.745102
0.192187  1960.25 0.0043985 0.00187007 0.0353056 0.0083392 0.0159553 1.06797e-05 0.189012 5.6901e-06 0.745103
0.192708  1962.53 0.00439572 0.00186201 0.0352261 0.00831358 0.0159728 1.06246e-05 0.189111 5.66119e-06 0.745103
0.193229  1964.8 0.00439292 0.00185404 0.0351473 0.00828814 0.01599 1.05702e-05 0.189208 5.63247e-06 0.745103
0.19375  1967.04 0.00439011 0.00184615 0.0350692 0.00826287 0.0160068 1.05165e-05 0.189306 5.60393e-06 0.745103
0.194271  1969.26 0.00438729 0.00183835 0.0349918 0.00823779 0.0160232 1.04636e-05 0.189402 5.57559e-06 0.745103
0.194792  1971.47 0.00438446 0.00183062 0.0349151 0.00821289 0.0160394 1.04114e-05 0.189498 5.54743e-06 0.745104
0.195312  1973.65 0.00438162 0.00182298 0.0348391 0.00818815 0.0160552 1.03599e-05 0.189593 5.51946e-06 0.745104
0.195833  1975.81 0.00437878 0.00181541 0.0347637 0.0081636 0.0160707 1.03091e-05 0.189688 5.49168e-06 0.745104
0.196354  1977.96 0.00437593 0.00180793 0.0346891 0.00813921 0.0160859 1.0259e-05 0.189782 5.46409e-06 0.745104
0.196875  1980.08 0.00437307 0.00180051 0.034615 0.00811499 0.0161007 1.02095e-05 0.189876 5.43669e-06 0.745104
0.197396  1982.19 0.0043702 0.00179317 0.0345416 0.00809094 0.0161153 1.01607e-05 0.189969 5.40948e-06 0.745104
0.197917  1984.28 0.00436733 0.00178591 0.0344688 0.00806706 0.0161296 1.01125e-05 0.190061 5.38246e-06 0.745105
0.198958  1988.4 0.00436156 0.00177159 0.0343252 0.00801979 0.0161573 1.00179e-05 0.190244 5.32898e-06 0.745105
0.2  1992.46 0.00435578 0.00175756 0.0341839 0.00797316 0.016184 9.92577e-06 0.190425 5.27626e-06 0.745105
0.203125  2004.22 0.00433831 0.00171706 0.0337738 0.00783709 0.0162576 9.66289e-06 0.190955 5.12263e-06 0.745106
0.20625  2015.43 0.00432075 0.00167876 0.0333829 0.00770637 0.0163226 9.4184e-06 0.191467 4.97557e-06 0.745107
0.209375  2026.12 0.00430314 0.00164248 0.0330094 0.00758069 0.0163801 9.19041e-06 0.191963 4.83487e-06 0.745107
0.2125  2036.35 0.00428553 0.00160805 0.0326521 0.00745974 0.0164306 8.97728e-06 0.192442 4.70032e-06 0.745108
0.215625  2046.14 0.00426797 0.00157532 0.0323096 0.00734327 0.016475 8.77759e-06 0.192907 4.57166e-06 0.745108
0.21875  2055.53 0.00425046 0.00154414 0.031981 0.00723101 0.0165138 8.5901e-06 0.193358 4.44864e-06 0.745109
0.221875  2064.54 0.00423305 0.00151442 0.0316652 0.00712273 0.0165475 8.41372e-06 0.193795 4.331e-06 0.745109
0.225  2073.21 0.00421575 0.00148602 0.0313613 0.00701822 0.0165766 8.24751e-06 0.19422 4.21848e-06 0.74511
0.228125  2081.55 0.00419858 0.00145887 0.0310685 0.00691727 0.0166015 8.09062e-06 0.194633 4.11082e-06 0.74511
0.23125  2089.59 0.00418156 0.00143288 0.0307862 0.00681968 0.0166226 7.94229e-06 0.195035 4.00779e-06 0.74511
0.234375  2097.34 0.00416468 0.00140796 0.0305136 0.0067253 0.0166402 7.80186e-06 0.195426 3.90914e-06 0.745111
0.2375  2104.82 0.00414796 0.00138405 0.0302501 0.00663394 0.0166546 7.66873e-06 0.195807 3.81464e-06 0.745111
0.240625  2112.06 0.00413142 0.00136108 0.0299953 0.00654547 0.0166662 7.54236e-06 0.196178 3.72409e-06 0.745111
0.24375  2119.05 0.00411504 0.00133899 0.0297486 0.00645973 0.016675 7.42226e-06 0.19654 3.63727e-06 0.745111
0.246875  2125.82 0.00409884 0.00131773 0.0295095 0.0063766 0.0166814 7.308e-06 0.196894 3.55399e-06 0.745112
0.25  2132.38 0.00408282 0.00129725 0.0292777 0.00629594 0.0166855 7.19917e-06 0.197238 3.47406e-06 0.745112
0.25625  2144.91 0.00405133 0.00125847 0.0288346 0.00614173 0.0166877 6.99656e-06 0.197904 3.32368e-06 0.745112
0.2625  2156.71 0.00402056 0.00122231 0.028416 0.00599612 0.0166829 6.81171e-06 0.19854 3.18473e-06 0.745112
0.26875  2167.86 0.00399052 0.00118848 0.0280198 0.00585837 0.016672 6.64252e-06 0.199149 3.05605e-06 0.745112
0.275  2178.42 0.0039612 0.00115677 0.0276437 0.00572782 0.016656 6.48719e-06 0.199732 2.93665e-06 0.745113
0.28125  2188.45 0.00393257 0.00112695 0.027286 0.00560389 0.0166357 6.34421e-06 0.200293 2.82564e-06 0.745113
0.2875  2197.99 0.00390462 0.00109886 0.0269452 0.00548605 0.0166115 6.21226e-06 0.200832 2.72221e-06 0.745113
0.29375  2207.07 0.00387733 0.00107233 0.0266199 0.00537384 0.0165841 6.09021e-06 0.201351 2.62568e-06 0.745113
0.3  2215.74 0.0038507 0.00104724 0.0263088 0.00526682 0.016554 5.9771e-06 0.201851 2.53541e-06 0.745113
0.31875  2239.47 0.00377471 0.00097969 0.0254542 0.00497464 0.0164508 5.68434e-06 0.203245 2.29781e-06 0.745113
0.3375  2260.45 0.00370381 0.000921359 0.0246942 0.00471747 0.0163341 5.4462e-06 0.204508 2.09948e-06 0.745113
0.35625  2279.19 0.00363751 0.000870415 0.0240118 0.00448918 0.0162091 5.25017e-06 0.205661 1.93179e-06 0.745113
0.375  2296.07 0.00357537 0.000825488 0.0233941 0.00428497 0.0160793 5.08729e-06 0.20672 1.78846e-06 0.745113
0.403125  2318.45 0.00348931 0.000767319 0.02257 0.00401657 0.0158814 4.89134e-06 0.208155 1.60945e-06 0.745114
0.43125  2338.04 0.00341056 0.000717761 0.0218437 0.00378428 0.0156835 4.73878e-06 0.209441 1.46299e-06 0.745113
0.459375  2355.38 0.00333822 0.000675007 0.0211968 0.0035812 0.0154888 4.61866e-06 0.210601 1.3412e-06 0.745113
0.4875  2370.84 0.00327149 0.000637739 0.0206163 0.00340213 0.0152991 4.52328e-06 0.211654 1.23861e-06 0.745113
0.529688  2391.12 0.00318084 0.00059014 0.0198493 0.00317062 0.0150272 4.41492e-06 0.213063 1.11239e-06 0.745113
0.571875  2408.63 0.00309956 0.00055021 0.019182 0.00297398 0.0147704 4.3365e-06 0.214305 1.01082e-06 0.745113
0.614063  2423.96 0.00302638 0.000516251 0.0185939 0.00280491 0.0145294 4.27921e-06 0.215411 9.27418e-07 0.745113
0.65625  2437.41 0.00296018 0.000487118 0.0180742 0.00265862 0.0143042 4.23733e-06 0.216397 8.5823e-07 0.745113
0.782813  2469.1 0.00279794 0.000421326 0.016836 0.00232358 0.0137245 4.16825e-06 0.218779 7.09588e-07 0.745113
0.909375  2492.26 0.00267297 0.000375675 0.0159182 0.00208746 0.0132544 4.14145e-06 0.220573 6.12885e-07 0.745113
1.09922  2516.73 0.00253575 0.000329945 0.0149345 0.00184757 0.012716 4.13089e-06 0.222519 5.21073e-07 0.745113
1.28906  2533.25 0.00243932 0.000300432 0.0142625 0.00169119 0.0123263 4.13147e-06 0.223863 4.64687e-07 0.745113
1.57383  2549.15 0.00234443 0.00027325 0.0136083 0.00154577 0.0119327 4.13545e-06 0.225178 4.1456e-07 0.745113
1.85859  2558.28 0.00228831 0.00025807 0.0132292 0.00146418 0.0116969 4.13839e-06 0.225946 3.87438e-07 0.745113
2.71289  2568.59 0.00222372 0.000241362 0.0127983 0.00137399 0.0114225 4.14144e-06 0.226823 3.5827e-07 0.745113
3.99434  2572.34 0.00220001 0.000235424 0.0126411 0.00134183 0.011321 4.14232e-06 0.227143 3.48067e-07 0.745113
5.9165  2572.34 0.00220001 0.000235424 0.0126411 0.00134183 0.011321 4.14232e-06 0.227143 3.48067e-07 0.745113
