TITLE="Graphics"
VARIABLES= "x", "T1", "Y_H2_1", 
"Y_H_1", "Y_O2_1", "Y_O_1", "Y_OH_1", "Y_HO2_1", "Y_H2O_1", "Y_H2O2_1", "Y_N2_1"
0  700 0.0173106 0 0.228975 0 0 0 0 0 0.753715
0.0125  700 0.0173106 6.24925e-18 0.228975 9.59722e-20 3.89512e-19 -1.29527e-11 -6.5024e-14 -5.00262e-14 0.753715
0.01875  700 0.0173106 3.09044e-17 0.228975 1.01898e-17 2.99239e-18 -6.75176e-12 -2.88334e-14 -2.64548e-14 0.753715
0.025  700 0.0173106 1.5862e-16 0.228975 5.54126e-17 1.55591e-17 -2.38114e-11 -1.64912e-13 -9.11207e-14 0.753715
0.03125  700 0.0173106 9.02323e-16 0.228975 3.13323e-16 8.82678e-17 2.32092e-11 3.47934e-13 8.45862e-14 0.753715
0.0375  700 0.0173106 5.21299e-15 0.228975 1.78541e-15 5.0733e-16 -1.05959e-10 -1.57837e-12 -3.94499e-13 0.753715
0.04375  700 0.0173106 3.03451e-14 0.228975 1.05176e-14 2.96498e-15 2.51308e-10 5.69405e-12 9.10076e-13 0.753715
0.05  700 0.0173106 1.76491e-13 0.228975 5.97552e-14 1.71068e-14 -7.22731e-10 -2.15464e-11 -2.64382e-12 0.753715
0.056  700 0.0173106 9.79947e-13 0.228974 3.45396e-13 9.66786e-14 1.83386e-09 7.50959e-11 6.39495e-12 0.753715
0.062  700 0.0173106 5.33069e-12 0.228975 1.88892e-12 5.25904e-13 -5.26065e-09 -3.1242e-10 -1.94869e-11 0.753715
0.068  700 0.0173106 2.89603e-11 0.228974 1.03068e-11 2.87884e-12 1.69562e-08 1.28248e-09 5.46312e-11 0.753715
0.074  700 0.0173106 1.57295e-10 0.228975 5.5579e-11 1.53448e-11 -3.82712e-08 -5.0551e-09 -1.57472e-10 0.753715
0.08  700 0.0173105 8.54478e-10 0.228974 3.06744e-10 8.84512e-11 1.71069e-07 2.13315e-08 4.50371e-10 0.753715
0.086  700.001 0.01731 4.63994e-09 0.228975 1.60826e-09 4.21544e-10 -1.66683e-07 -8.16857e-08 -1.28247e-09 0.753715
0.092  700.012 0.0173079 2.52184e-08 0.228973 9.42074e-09 3.72532e-09 2.26998e-06 3.5497e-07 3.69263e-09 0.753717
0.098  700.012 0.0172992 1.3667e-07 0.228975 4.26584e-08 1.70904e-08 3.08979e-06 -1.24815e-06 -9.47964e-09 0.753724
0.0985  700.031 0.0172972 1.68313e-07 0.228974 5.68597e-08 3.68514e-08 4.93696e-06 -9.81252e-07 -8.18256e-09 0.753725
0.099  700.052 0.017295 2.03971e-07 0.228972 7.30108e-08 6.13206e-08 7.086e-06 -6.37743e-07 -6.39088e-09 0.753726
0.1  700.107 0.0172899 2.89294e-07 0.228967 1.11805e-07 1.30961e-07 1.23807e-05 3.35126e-07 -8.47063e-10 0.753729
0.102083  700.286 0.0172757 5.47515e-07 0.228953 2.27027e-07 4.39415e-07 2.85506e-05 4.26328e-06 2.4916e-08 0.753738
0.103125  700.44 0.0172658 7.49672e-07 0.22894 3.12961e-07 8.12579e-07 4.04749e-05 8.81069e-06 5.90214e-08 0.753743
0.104167  700.654 0.0172536 1.01628e-06 0.228923 4.22581e-07 1.42779e-06 5.53101e-05 1.59901e-05 1.14879e-07 0.753749
0.104687  700.792 0.0172464 1.18136e-06 0.228913 4.88589e-07 1.87783e-06 6.39144e-05 2.1064e-05 1.54775e-07 0.753752
0.105208  700.953 0.0172385 1.37068e-06 0.228901 5.62981e-07 2.44608e-06 7.33233e-05 2.73368e-05 2.04138e-07 0.753756
0.105729  701.141 0.0172297 1.58764e-06 0.228887 6.46814e-07 3.15973e-06 8.35354e-05 3.50553e-05 2.64593e-07 0.753759
0.10625  701.362 0.01722 1.83612e-06 0.228871 7.41316e-07 4.05033e-06 9.45307e-05 4.45075e-05 3.37872e-07 0.753763
0.106771  701.619 0.0172093 2.12046e-06 0.228853 8.47916e-07 5.15397e-06 0.000106268 5.60275e-05 4.25776e-07 0.753767
0.107292  701.918 0.0171975 2.44553e-06 0.228832 9.68299e-07 6.51148e-06 0.000118683 6.99996e-05 5.3012e-07 0.753772
0.107812  702.265 0.0171844 2.8168e-06 0.228808 1.10445e-06 8.16832e-06 0.000131685 8.68623e-05 6.52667e-07 0.753776
0.108333  702.668 0.01717 3.24038e-06 0.228781 1.25875e-06 1.01744e-05 0.000145157 0.000107112 7.95057e-07 0.753781
0.108854  703.133 0.0171542 3.72313e-06 0.228751 1.43402e-06 1.25835e-05 0.000158958 0.000131306 9.58734e-07 0.753786
0.109375  703.67 0.0171367 4.27269e-06 0.228717 1.63363e-06 1.54525e-05 0.00017292 0.000160064 1.14486e-06 0.753791
0.109896  704.287 0.0171176 4.8976e-06 0.228678 1.86164e-06 1.88406e-05 0.00018686 0.000194073 1.35424e-06 0.753797
0.110417  704.994 0.0170966 5.60738e-06 0.228634 2.12288e-06 2.28079e-05 0.00020058 0.000234082 1.58732e-06 0.753802
0.110937  705.802 0.0170736 6.41264e-06 0.228585 2.42315e-06 2.74144e-05 0.000213876 0.00028091 1.84408e-06 0.753808
0.111458  706.723 0.0170484 7.32519e-06 0.228531 2.76933e-06 3.27182e-05 0.000226548 0.000335439 2.1241e-06 0.753814
0.111979  707.768 0.0170208 8.35811e-06 0.228469 3.16964e-06 3.87747e-05 0.000238407 0.000398615 2.42656e-06 0.75382
0.1125  708.951 0.0169907 9.52595e-06 0.2284 3.6338e-06 4.56349e-05 0.000249289 0.000471448 2.75028e-06 0.753827
0.113021  710.285 0.0169579 1.08448e-05 0.228323 4.17327e-06 5.33447e-05 0.000259057 0.000555011 3.09382e-06 0.753833
0.113542  711.783 0.0169222 1.23323e-05 0.228237 4.80158e-06 6.19442e-05 0.000267612 0.000650437 3.45555e-06 0.75384
0.114063  713.462 0.0168833 1.40081e-05 0.228141 5.53457e-06 7.14674e-05 0.000274895 0.000758922 3.83373e-06 0.753847
0.114583  715.335 0.0168412 1.58936e-05 0.228033 6.39081e-06 8.19421e-05 0.00028089 0.000881721 4.22659e-06 0.753854
0.115104  717.42 0.0167954 1.80123e-05 0.227914 7.39194e-06 9.33901e-05 0.000285619 0.00102015 4.63236e-06 0.753861
0.115625  719.73 0.016746 2.03898e-05 0.227781 8.56326e-06 0.000105828 0.000289139 0.00117559 5.0493e-06 0.753869
0.116146  722.284 0.0166924 2.3054e-05 0.227633 9.93415e-06 0.000119268 0.000291535 0.00134949 5.47565e-06 0.753876
0.116667  725.097 0.0166347 2.60349e-05 0.227469 1.15389e-05 0.000133716 0.000292911 0.00154334 5.90962e-06 0.753883
0.116927  726.608 0.0166041 2.76566e-05 0.22738 1.2444e-05 0.00014132 0.000293258 0.00164836 6.12873e-06 0.753887
0.117188  728.189 0.0165724 2.937e-05 0.227287 1.34232e-05 0.000149178 0.000293393 0.00175897 6.349e-06 0.75389
0.117448  729.844 0.0165395 3.11795e-05 0.227189 1.44823e-05 0.000157287 0.00029333 0.00187537 6.57011e-06 0.753894
0.117708  731.574 0.0165053 3.30897e-05 0.227086 1.56281e-05 0.000165646 0.000293083 0.00199777 6.79177e-06 0.753897
0.117969  733.381 0.0164699 3.51053e-05 0.226977 1.68673e-05 0.000174254 0.000292666 0.00212638 7.01363e-06 0.7539
0.118229  735.268 0.0164333 3.72313e-05 0.226864 1.82076e-05 0.000183109 0.000292093 0.00226143 7.23532e-06 0.753904
0.11849  737.235 0.0163953 3.94727e-05 0.226745 1.96572e-05 0.000192207 0.000291374 0.00240312 7.45644e-06 0.753907
0.11875  739.286 0.016356 4.18348e-05 0.22662 2.12247e-05 0.000201547 0.000290522 0.00255167 7.67653e-06 0.75391
0.11901  741.423 0.0163153 4.43228e-05 0.226489 2.29198e-05 0.000211125 0.000289547 0.00270733 7.89511e-06 0.753913
0.119271  743.646 0.0162732 4.69423e-05 0.226352 2.47526e-05 0.000220937 0.000288458 0.0028703 8.11167e-06 0.753916
0.119531  745.958 0.0162296 4.96988e-05 0.226208 2.67341e-05 0.000230977 0.000287264 0.00304082 8.32562e-06 0.753918
0.119792  748.36 0.0161846 5.25982e-05 0.226058 2.88763e-05 0.000241243 0.000285973 0.00321912 8.53637e-06 0.753921
0.120052  750.854 0.0161381 5.56462e-05 0.225901 3.1192e-05 0.000251727 0.000284591 0.00340544 8.74326e-06 0.753923
0.120312  753.442 0.01609 5.88488e-05 0.225738 3.36949e-05 0.000262423 0.000283124 0.00360001 8.94561e-06 0.753925
0.120573  756.126 0.0160404 6.22121e-05 0.225567 3.63999e-05 0.000273326 0.000281578 0.00380306 9.14268e-06 0.753927
0.120833  758.905 0.0159891 6.57424e-05 0.225388 3.9323e-05 0.000284428 0.000279956 0.00401483 9.33373e-06 0.753929
0.121094  761.783 0.0159362 6.94459e-05 0.225202 4.24814e-05 0.000295723 0.000278263 0.00423557 9.51796e-06 0.75393
0.121354  764.76 0.0158817 7.33288e-05 0.225009 4.58936e-05 0.000307201 0.000276501 0.00446551 9.69456e-06 0.753932
0.121615  767.837 0.0158255 7.73976e-05 0.224807 4.95795e-05 0.000318857 0.000274675 0.00470489 9.86272e-06 0.753932
0.121875  771.015 0.0157675 8.16587e-05 0.224597 5.35602e-05 0.000330681 0.000272786 0.00495396 1.00216e-05 0.753933
0.122135  774.295 0.0157078 8.61186e-05 0.224379 5.78586e-05 0.000342666 0.000270837 0.00521296 1.01704e-05 0.753933
0.122396  777.678 0.0156464 9.07838e-05 0.224152 6.24992e-05 0.000354804 0.000268831 0.00548214 1.03082e-05 0.753933
0.122656  781.164 0.0155831 9.56607e-05 0.223916 6.7508e-05 0.000367088 0.000266768 0.00576173 1.04344e-05 0.753932
0.122917  784.754 0.015518 0.000100756 0.223671 7.2913e-05 0.000379511 0.000264652 0.00605199 1.0548e-05 0.753931
0.123177  788.448 0.015451 0.000106076 0.223417 7.87437e-05 0.000392067 0.000262484 0.00635318 1.06485e-05 0.753929
0.123437  792.247 0.0153821 0.000111627 0.223153 8.5032e-05 0.000404751 0.000260265 0.00666553 1.07351e-05 0.753927
0.123698  796.151 0.0153113 0.000117415 0.22288 9.18115e-05 0.000417558 0.000257999 0.00698932 1.08072e-05 0.753924
0.123958  800.159 0.0152386 0.000123447 0.222596 9.91179e-05 0.000430485 0.000255687 0.00732479 1.08643e-05 0.753921
0.124479  808.487 0.0150872 0.000136259 0.221999 0.000115421 0.00045669 0.000250931 0.00803146 1.09322e-05 0.753912
0.125  817.231 0.0149278 0.000150117 0.221359 0.000134309 0.000483379 0.000246016 0.00878807 1.09359e-05 0.7539
0.12526  821.758 0.014845 0.000157457 0.221022 0.000144862 0.000496921 0.000243506 0.00918602 1.09133e-05 0.753893
0.125521  826.387 0.0147602 0.000165076 0.220674 0.000156202 0.000510603 0.000240962 0.00959731 1.08745e-05 0.753885
0.125781  831.118 0.0146732 0.000172978 0.220314 0.00016838 0.000524433 0.000238388 0.0100222 1.08198e-05 0.753876
0.126042  835.948 0.0145841 0.000181169 0.219942 0.000181448 0.000538426 0.000235786 0.0104611 1.07493e-05 0.753866
0.126172  838.401 0.0145388 0.000185374 0.219751 0.000188338 0.00054549 0.000234476 0.0106859 1.07083e-05 0.75386
0.126302  840.879 0.0144929 0.000189653 0.219557 0.000195473 0.000552599 0.00023316 0.0109143 1.06636e-05 0.753854
0.126432  843.381 0.0144465 0.000194007 0.21936 0.000202858 0.000559758 0.000231837 0.0111464 1.06152e-05 0.753848
0.126562  845.907 0.0143995 0.000198436 0.219159 0.000210502 0.000566968 0.00023051 0.0113821 1.05632e-05 0.753842
0.126693  848.458 0.014352 0.00020294 0.218956 0.000218412 0.000574233 0.000229178 0.0116216 1.05077e-05 0.753835
0.126823  851.033 0.014304 0.000207519 0.218749 0.000226597 0.000581555 0.000227841 0.0118649 1.04487e-05 0.753828
0.126953  853.632 0.0142554 0.000212175 0.218538 0.000235063 0.000588936 0.000226499 0.0121119 1.03864e-05 0.753821
0.127083  856.255 0.0142063 0.000216908 0.218324 0.000243819 0.000596381 0.000225154 0.0123628 1.03208e-05 0.753814
0.127214  858.902 0.0141567 0.000221718 0.218107 0.000252873 0.000603894 0.000223805 0.0126177 1.02522e-05 0.753806
0.127344  861.572 0.0141064 0.000226606 0.217886 0.000262234 0.000611477 0.000222453 0.0128765 1.01805e-05 0.753798
0.127474  864.265 0.0140557 0.000231571 0.217662 0.000271908 0.000619134 0.000221098 0.0131392 1.01059e-05 0.753789
0.127604  866.982 0.0140044 0.000236615 0.217434 0.000281906 0.00062687 0.00021974 0.013406 1.00286e-05 0.753781
0.127734  869.721 0.0139525 0.000241737 0.217202 0.000292234 0.000634688 0.000218379 0.0136769 9.94858e-06 0.753771
0.127865  872.484 0.0139001 0.000246938 0.216967 0.000302902 0.000642593 0.000217017 0.013952 9.86609e-06 0.753762
0.127995  875.268 0.0138471 0.000252218 0.216728 0.000313918 0.00065059 0.000215653 0.0142312 9.78122e-06 0.753752
0.128125  878.076 0.0137936 0.000257577 0.216484 0.000325292 0.000658683 0.000214288 0.0145146 9.69412e-06 0.753742
0.128255  880.905 0.0137395 0.000263015 0.216237 0.000337031 0.000666877 0.000212922 0.0148023 9.60493e-06 0.753731
0.128385  883.756 0.0136849 0.000268533 0.215986 0.000349145 0.000675177 0.000211555 0.0150943 9.51379e-06 0.75372
0.128516  886.629 0.0136297 0.000274131 0.215732 0.000361643 0.000683589 0.000210187 0.0153907 9.42086e-06 0.753709
0.128646  889.524 0.013574 0.000279809 0.215472 0.000374533 0.000692118 0.00020882 0.0156915 9.32629e-06 0.753697
0.128776  892.439 0.0135177 0.000285566 0.215209 0.000387824 0.00070077 0.000207452 0.0159968 9.23022e-06 0.753685
0.128906  895.376 0.0134608 0.000291403 0.214942 0.000401526 0.00070955 0.000206085 0.0163066 9.1328e-06 0.753673
0.129036  898.334 0.0134035 0.00029732 0.21467 0.000415648 0.000718464 0.000204719 0.016621 9.0342e-06 0.75366
0.129167  901.312 0.0133455 0.000303317 0.214394 0.000430198 0.00072752 0.000203354 0.01694 8.93456e-06 0.753647
0.129297  904.311 0.013287 0.000309393 0.214114 0.000445186 0.000736722 0.00020199 0.0172636 8.83405e-06 0.753634
0.129427  907.33 0.013228 0.000315549 0.213829 0.00046062 0.000746077 0.000200628 0.0175919 8.7328e-06 0.75362
0.129557  910.369 0.0131684 0.000321784 0.213539 0.000476509 0.000755592 0.000199268 0.0179251 8.63099e-06 0.753605
0.129688  913.427 0.0131082 0.000328099 0.213245 0.000492864 0.000765274 0.00019791 0.018263 8.52874e-06 0.753591
0.129818  916.505 0.0130476 0.000334492 0.212947 0.000509692 0.00077513 0.000196554 0.0186058 8.42623e-06 0.753576
0.129948  919.602 0.0129863 0.000340964 0.212643 0.000527004 0.000785167 0.0001952 0.0189535 8.32358e-06 0.75356
0.130078  922.718 0.0129246 0.000347514 0.212335 0.000544806 0.000795391 0.00019385 0.0193062 8.22096e-06 0.753544
0.130208  925.853 0.0128623 0.000354143 0.212022 0.00056311 0.000805811 0.000192503 0.0196638 8.1185e-06 0.753528
0.130339  929.007 0.0127994 0.000360849 0.211704 0.000581922 0.000816434 0.000191159 0.0200266 8.01634e-06 0.753511
0.130469  932.178 0.012736 0.000367632 0.211381 0.000601252 0.000827267 0.000189818 0.0203944 7.91462e-06 0.753494
0.130599  935.368 0.0126721 0.000374491 0.211053 0.000621109 0.000838318 0.000188481 0.0207674 7.81348e-06 0.753477
0.130729  938.575 0.0126076 0.000381427 0.21072 0.000641501 0.000849595 0.000187149 0.0211456 7.71304e-06 0.753459
0.130859  941.799 0.0125427 0.000388438 0.210382 0.000662436 0.000861105 0.00018582 0.0215291 7.61343e-06 0.753441
0.13099  945.041 0.0124772 0.000395524 0.210038 0.000683922 0.000872857 0.000184496 0.0219178 7.51477e-06 0.753423
0.13112  948.3 0.0124112 0.000402684 0.209689 0.000705968 0.000884858 0.000183176 0.0223119 7.41719e-06 0.753404
0.13125  951.575 0.0123446 0.000409917 0.209335 0.00072858 0.000897117 0.00018186 0.0227113 7.3208e-06 0.753385
0.13138  954.867 0.0122776 0.000417223 0.208975 0.000751768 0.000909642 0.00018055 0.0231161 7.2257e-06 0.753365
0.13151  958.174 0.01221 0.000424601 0.208609 0.000775539 0.000922441 0.000179244 0.0235264 7.132e-06 0.753345
0.131641  961.498 0.012142 0.000432049 0.208238 0.0007999 0.000935522 0.000177944 0.0239422 7.03979e-06 0.753325
0.131771  964.837 0.0120734 0.000439568 0.207862 0.000824857 0.000948894 0.000176649 0.0243635 6.94919e-06 0.753304
0.131901  968.191 0.0120044 0.000447155 0.207479 0.000850418 0.000962565 0.000175359 0.0247903 6.86026e-06 0.753284
0.132031  971.56 0.0119348 0.00045481 0.207091 0.000876591 0.000976544 0.000174075 0.0252227 6.77311e-06 0.753262
0.132161  974.944 0.0118648 0.000462531 0.206697 0.00090338 0.000990838 0.000172797 0.0256608 6.6878e-06 0.753241
0.132292  978.342 0.0117943 0.000470319 0.206297 0.000930792 0.00100546 0.000171524 0.0261045 6.60442e-06 0.753219
0.132422  981.754 0.0117234 0.00047817 0.205891 0.000958834 0.00102041 0.000170257 0.0265538 6.52302e-06 0.753197
0.132552  985.18 0.0116519 0.000486085 0.205479 0.00098751 0.0010357 0.000168996 0.0270089 6.44369e-06 0.753175
0.132682  988.62 0.0115801 0.000494062 0.205061 0.00101683 0.00105134 0.000167742 0.0274696 6.36646e-06 0.753152
0.132812  992.072 0.0115077 0.000502099 0.204637 0.00104679 0.00106734 0.000166493 0.0279361 6.29141e-06 0.75313
0.132943  995.538 0.011435 0.000510194 0.204207 0.0010774 0.0010837 0.00016525 0.0284083 6.21857e-06 0.753107
0.133073  999.015 0.0113618 0.000518348 0.203771 0.00110867 0.00110044 0.000164014 0.0288863 6.14799e-06 0.753084
0.133203  1002.51 0.0112882 0.000526557 0.203328 0.00114059 0.00111757 0.000162784 0.02937 6.0797e-06 0.75306
0.133333  1006.01 0.0112141 0.00053482 0.202879 0.00117318 0.00113508 0.000161561 0.0298595 6.01375e-06 0.753037
0.133854  1020.13 0.0109139 0.000568398 0.20102 0.00131016 0.0012091 0.000156732 0.0318749 5.77349e-06 0.752941
0.134375  1034.42 0.0106077 0.000602704 0.199059 0.00145794 0.00128996 0.000152009 0.0339819 5.57215e-06 0.752843
0.134896  1048.84 0.0102963 0.000637612 0.196994 0.00161657 0.0013781 0.000147394 0.0361793 5.40989e-06 0.752745
0.135417  1063.39 0.00998034 0.000672981 0.194826 0.00178598 0.00147391 0.000142886 0.0384644 5.28597e-06 0.752648
0.135937  1078.03 0.00966071 0.00070866 0.192557 0.001966 0.00157768 0.000138485 0.0408336 5.19895e-06 0.752553
0.136458  1092.74 0.00933827 0.000744487 0.190189 0.00215634 0.00168967 0.00013419 0.0432821 5.14688e-06 0.752461
0.136979  1107.49 0.00901397 0.000780293 0.187726 0.00235659 0.00181003 0.00013 0.0458039 5.1274e-06 0.752374
0.1375  1122.26 0.0086888 0.000815902 0.185174 0.00256622 0.00193882 0.000125913 0.0483919 5.13794e-06 0.752293
0.138021  1137.02 0.00836377 0.000851134 0.182541 0.0027846 0.00207599 0.000121929 0.051038 5.17575e-06 0.752218
0.138542  1151.74 0.00803995 0.000885807 0.179834 0.00301099 0.00222139 0.000118046 0.0537329 5.23805e-06 0.752152
0.139063  1166.41 0.00771839 0.000919745 0.177062 0.00324455 0.00237477 0.000114263 0.0564668 5.32207e-06 0.752094
0.139583  1180.98 0.00740014 0.000952771 0.174237 0.00348437 0.00253576 0.000110579 0.059229 5.42509e-06 0.752045
0.140104  1195.45 0.00708624 0.000984718 0.171369 0.00372947 0.00270389 0.000106996 0.0620084 5.5445e-06 0.752006
0.140625  1209.78 0.0067777 0.00101543 0.168469 0.00397882 0.0028786 0.000103512 0.0647936 5.6778e-06 0.751977
0.141146  1223.94 0.00647545 0.00104476 0.165552 0.00423133 0.00305925 0.000100128 0.0675732 5.8226e-06 0.751958
0.141667  1237.93 0.0061804 0.00107257 0.162628 0.0044859 0.00324511 9.68466e-05 0.0703357 5.97666e-06 0.751949
0.142188  1251.72 0.00589337 0.00109876 0.159711 0.00474143 0.0034354 9.36672e-05 0.0730702 6.13787e-06 0.75195
0.142708  1265.29 0.00561509 0.00112323 0.156812 0.00499682 0.00362929 9.05912e-05 0.0757661 6.30426e-06 0.75196
0.143229  1278.63 0.00534619 0.00114589 0.153944 0.00525099 0.00382594 8.76197e-05 0.0784136 6.47401e-06 0.751979
0.14375  1291.71 0.00508722 0.00116669 0.151118 0.00550288 0.00402447 8.47536e-05 0.0810036 6.64544e-06 0.752006
0.144271  1304.54 0.00483864 0.00118559 0.148343 0.00575149 0.00422404 8.19936e-05 0.0835279 6.81702e-06 0.75204
0.144792  1317.09 0.00460078 0.00120256 0.14563 0.00599587 0.00442378 7.93401e-05 0.0859795 6.98737e-06 0.752081
0.145313  1329.37 0.00437388 0.00121761 0.142987 0.00623514 0.00462291 7.67931e-05 0.0883521 7.15526e-06 0.752127
0.145833  1341.36 0.00415809 0.00123074 0.140421 0.00646847 0.00482066 7.43522e-05 0.0906408 7.31961e-06 0.752179
0.146354  1353.06 0.00395347 0.00124199 0.137938 0.00669514 0.00501632 7.20165e-05 0.0928415 7.47948e-06 0.752234
0.146875  1364.47 0.00375997 0.0012514 0.135544 0.00691446 0.00520924 6.9785e-05 0.0949512 7.63408e-06 0.752292
0.147396  1375.58 0.00357749 0.00125902 0.133243 0.00712585 0.00539886 6.76559e-05 0.096968 7.78277e-06 0.752353
0.147917  1386.41 0.00340583 0.00126493 0.131036 0.00732882 0.00558467 6.56273e-05 0.0988908 7.92503e-06 0.752415
0.148438  1396.94 0.00324476 0.0012692 0.128927 0.00752295 0.00576623 6.36966e-05 0.100719 8.06046e-06 0.752479
0.148958  1407.19 0.00309395 0.00127191 0.126916 0.00770788 0.00594319 6.18613e-05 0.102454 8.18879e-06 0.752542
0.149479  1417.16 0.00295308 0.00127314 0.125004 0.00788335 0.00611526 6.01182e-05 0.104097 8.30987e-06 0.752606
0.15  1426.85 0.00282175 0.001273 0.123189 0.00804917 0.0062822 5.84641e-05 0.105649 8.42361e-06 0.752668
0.151042  1445.42 0.00258638 0.00126888 0.119848 0.00835158 0.00660025 5.54095e-05 0.108491 8.62938e-06 0.75279
0.152083  1462.95 0.00238401 0.00126039 0.116874 0.00861488 0.00689664 5.26684e-05 0.111003 8.80676e-06 0.752905
0.153125  1479.52 0.00221101 0.00124825 0.114244 0.00883994 0.00717155 5.02115e-05 0.113214 8.9574e-06 0.753011
0.154167  1495.17 0.00206382 0.00123315 0.11193 0.0090284 0.00742569 4.80095e-05 0.115154 9.08341e-06 0.753108
0.155208  1509.97 0.00193903 0.00121573 0.109901 0.00918242 0.0076601 4.60344e-05 0.116852 9.18711e-06 0.753195
0.15625  1523.99 0.0018335 0.00119653 0.108128 0.00930458 0.00787603 4.42602e-05 0.118336 9.27082e-06 0.753272
0.157292  1537.28 0.00174439 0.00117603 0.10658 0.00939771 0.00807482 4.2663e-05 0.119635 9.33675e-06 0.753339
0.158333  1549.89 0.00166915 0.00115464 0.105231 0.00946475 0.00825784 4.12211e-05 0.120773 9.38695e-06 0.753398
0.159375  1561.88 0.00160559 0.00113271 0.104055 0.00950861 0.00842642 3.99156e-05 0.121773 9.42321e-06 0.753449
0.160417  1573.29 0.00155177 0.00111049 0.103028 0.00953215 0.00858182 3.87293e-05 0.122654 9.44716e-06 0.753493
0.161458  1584.17 0.00150606 0.00108823 0.10213 0.00953807 0.00872522 3.76475e-05 0.123435 9.46021e-06 0.753531
0.1625  1594.55 0.00146706 0.0010661 0.101342 0.00952887 0.00885768 3.66571e-05 0.124129 9.46357e-06 0.753563
0.163542  1604.48 0.00143362 0.00104422 0.100649 0.00950684 0.00898019 3.57471e-05 0.124751 9.45832e-06 0.75359
0.164583  1613.98 0.00140474 0.00102271 0.100036 0.00947402 0.00909364 3.49077e-05 0.125311 9.4454e-06 0.753613
0.165625  1623.09 0.00137962 0.00100165 0.0994932 0.00943222 0.00919882 3.41305e-05 0.125818 9.42563e-06 0.753633
0.166667  1631.83 0.00135758 0.000981087 0.0990087 0.00938305 0.00929645 3.34083e-05 0.126281 9.39976e-06 0.753649
0.167708  1640.23 0.00133806 0.000961059 0.0985744 0.00932789 0.00938718 3.27349e-05 0.126706 9.36843e-06 0.753663
0.16875  1648.3 0.00132061 0.000941589 0.0981829 0.00926792 0.0094716 3.21049e-05 0.127099 9.33223e-06 0.753675
0.169792  1656.08 0.00130485 0.000922689 0.0978281 0.00920416 0.00955023 3.15137e-05 0.127464 9.29169e-06 0.753685
0.170833  1663.57 0.00129048 0.000904363 0.0975047 0.00913746 0.00962353 3.09572e-05 0.127806 9.2473e-06 0.753693
0.171875  1670.8 0.00127726 0.000886607 0.0972084 0.00906856 0.00969194 3.0432e-05 0.128127 9.19948e-06 0.7537
0.172917  1677.78 0.00126497 0.000869412 0.0969354 0.00899805 0.00975583 2.9935e-05 0.128431 9.14864e-06 0.753706
0.173958  1684.53 0.00125345 0.000852768 0.0966826 0.00892644 0.00981554 2.94637e-05 0.12872 9.09514e-06 0.753711
0.175  1691.05 0.00124258 0.000836658 0.0964474 0.00885414 0.0098714 2.90157e-05 0.128995 9.03931e-06 0.753715
0.176042  1697.37 0.00123224 0.000821067 0.0962276 0.00878149 0.00992368 2.8589e-05 0.129258 8.98144e-06 0.753719
0.177083  1703.48 0.00122234 0.000805978 0.0960213 0.00870877 0.00997264 2.81818e-05 0.12951 8.92181e-06 0.753722
0.178125  1709.41 0.00121282 0.000791371 0.095827 0.00863622 0.0100185 2.77926e-05 0.129753 8.86066e-06 0.753724
0.179167  1715.17 0.00120362 0.00077723 0.0956434 0.008564 0.0100615 2.74199e-05 0.129988 8.79822e-06 0.753727
0.180208  1720.75 0.00119469 0.000763535 0.0954692 0.00849227 0.0101018 2.70625e-05 0.130214 8.73469e-06 0.753728
0.18125  1726.17 0.001186 0.000750268 0.0953036 0.00842114 0.0101395 2.67194e-05 0.130434 8.67026e-06 0.75373
0.182292  1731.44 0.00117752 0.000737413 0.0951458 0.00835071 0.0101749 2.63894e-05 0.130647 8.60509e-06 0.753731
0.183333  1736.56 0.00116921 0.000724951 0.0949949 0.00828105 0.0102081 2.60718e-05 0.130855 8.53933e-06 0.753732
0.184375  1741.54 0.00116107 0.000712866 0.0948505 0.0082122 0.0102392 2.57657e-05 0.131056 8.47313e-06 0.753733
0.185417  1746.39 0.00115308 0.000701143 0.094712 0.00814422 0.0102683 2.54703e-05 0.131253 8.40659e-06 0.753734
0.186458  1751.12 0.00114522 0.000689765 0.0945789 0.00807712 0.0102956 2.51851e-05 0.131445 8.33984e-06 0.753735
0.1875  1755.72 0.00113748 0.000678719 0.0944508 0.00801093 0.0103212 2.49094e-05 0.131632 8.27297e-06 0.753736
0.188542  1760.2 0.00112985 0.000667991 0.0943275 0.00794566 0.0103451 2.46427e-05 0.131815 8.20607e-06 0.753736
0.189583  1764.57 0.00112234 0.000657567 0.0942085 0.00788132 0.0103674 2.43844e-05 0.131994 8.13922e-06 0.753737
0.190625  1768.84 0.00111493 0.000647434 0.0940936 0.0078179 0.0103883 2.41341e-05 0.132169 8.07249e-06 0.753737
0.191667  1773 0.00110761 0.000637582 0.0939826 0.0077554 0.0104077 2.38913e-05 0.13234 8.00595e-06 0.753738
0.192708  1777.07 0.00110039 0.000627997 0.0938752 0.00769382 0.0104258 2.36558e-05 0.132507 7.93966e-06 0.753738
0.19375  1781.04 0.00109326 0.00061867 0.0937712 0.00763315 0.0104427 2.3427e-05 0.132672 7.87366e-06 0.753738
0.194792  1784.92 0.00108621 0.00060959 0.0936705 0.00757338 0.0104583 2.32046e-05 0.132833 7.80801e-06 0.753738
0.195833  1788.71 0.00107925 0.000600748 0.0935729 0.00751449 0.0104729 2.29885e-05 0.132991 7.74274e-06 0.753738
0.196875  1792.41 0.00107237 0.000592133 0.0934782 0.00745648 0.0104863 2.27781e-05 0.133145 7.67789e-06 0.753739
0.197917  1796.04 0.00106558 0.000583738 0.0933864 0.00739933 0.0104987 2.25733e-05 0.133297 7.6135e-06 0.753739
0.198958  1799.59 0.00105886 0.000575553 0.0932972 0.00734303 0.0105101 2.23739e-05 0.133447 7.54959e-06 0.753739
0.2  1803.06 0.00105222 0.00056757 0.0932105 0.00728758 0.0105206 2.21794e-05 0.133593 7.48623e-06 0.753739
0.20625  1822.36 0.00101402 0.000523721 0.0927401 0.00697238 0.0105655 2.11124e-05 0.134417 7.11858e-06 0.753739
0.2125  1839.53 0.000978315 0.000485532 0.092338 0.00668327 0.0105859 2.01808e-05 0.135163 6.7727e-06 0.753739
0.21875  1854.92 0.00094488 0.000451982 0.0919909 0.00641723 0.0105873 1.93575e-05 0.135844 6.44926e-06 0.753738
0.225  1868.81 0.000913527 0.000422275 0.0916889 0.00617162 0.0105737 1.86222e-05 0.136467 6.14794e-06 0.753738
0.23125  1881.43 0.000884081 0.000395794 0.0914243 0.00594416 0.0105485 1.79599e-05 0.137042 5.86781e-06 0.753737
0.2375  1892.96 0.000856382 0.000372045 0.0911911 0.0057329 0.010514 1.73588e-05 0.137574 5.60756e-06 0.753736
0.24375  1903.54 0.000830285 0.000350631 0.0909844 0.0055361 0.0104721 1.68097e-05 0.138069 5.36577e-06 0.753736
0.25  1913.28 0.000805659 0.000331225 0.0908007 0.00535228 0.0104244 1.63053e-05 0.13853 5.141e-06 0.753735
0.2625  1930.59 0.000760519 0.000297578 0.0904904 0.00502008 0.0103167 1.54117e-05 0.139361 4.73855e-06 0.753733
0.275  1945.61 0.000719962 0.000269286 0.0902392 0.00472627 0.0101977 1.46374e-05 0.140097 4.38815e-06 0.753732
0.2875  1958.79 0.000683319 0.000245198 0.0900333 0.00446442 0.0100721 1.39574e-05 0.140753 4.0812e-06 0.753731
0.3  1970.43 0.000650009 0.000224447 0.0898649 0.00422916 0.00994236 1.33543e-05 0.141343 3.81083e-06 0.753729
0.3375  1998.16 0.00056777 0.000177568 0.0895131 0.00365893 0.00955903 1.19094e-05 0.142782 3.17694e-06 0.753727
0.375  2019.01 0.000503017 0.00014469 0.0893052 0.00321956 0.00918889 1.08076e-05 0.143901 2.71297e-06 0.753724
0.43125  2042.11 0.000429126 0.000111191 0.0891345 0.00272708 0.00868594 9.5732e-06 0.145179 2.21846e-06 0.753722
0.4875  2059.05 0.000373201 8.85775e-05 0.0890632 0.00236034 0.00823867 8.65419e-06 0.146146 1.86963e-06 0.75372
0.571875  2077.5 0.000311605 6.6302e-05 0.0890368 0.00196134 0.00766841 7.65249e-06 0.147229 1.50782e-06 0.753718
0.65625  2090.59 0.000267126 5.19367e-05 0.0890661 0.00167643 0.00719428 6.94209e-06 0.148019 1.26175e-06 0.753716
0.909375  2113.19 0.000190243 3.05376e-05 0.0892216 0.00118899 0.00621271 5.76179e-06 0.149435 8.63193e-07 0.753715
1.28906  2130.14 0.00013385 1.77462e-05 0.089447 0.000834975 0.00530451 4.9943e-06 0.150543 5.91336e-07 0.753713
1.85859  2141.88 9.62944e-05 1.07236e-05 0.0896775 0.000600459 0.00455667 4.60619e-06 0.15134 4.19529e-07 0.753713
2.71289  2150.29 7.09695e-05 6.7424e-06 0.0898869 0.000442584 0.00394803 4.47248e-06 0.151928 3.07678e-07 0.753712
3.99434  2150.29 7.09695e-05 6.7424e-06 0.0898869 0.000442584 0.00394803 4.47248e-06 0.151928 3.07678e-07 0.753712
