TITLE="Graphics"
VARIABLES= "x", "T1", "Y_H2_1", 
"Y_H_1", "Y_O2_1", "Y_O_1", "Y_OH_1", "Y_HO2_1", "Y_H2O_1", "Y_H2O2_1", "Y_N2_1"
0  700 0.0144672 0 0.229637 0 0 0 0 0 0.755896
0.0125  700 0.0144672 6.43382e-18 0.229637 -8.7933e-17 -7.24676e-18 -1.53769e-11 -7.06297e-14 -9.09384e-14 0.755896
0.025  700 0.0144672 1.3e-16 0.229637 5.88574e-16 6.0706e-17 1.16578e-11 7.28381e-14 6.73318e-14 0.755896
0.0375  700 0.0144672 2.91571e-15 0.229637 -3.10251e-15 -1.0655e-16 -3.57814e-11 -2.15897e-13 -2.09049e-13 0.755896
0.04375  700 0.0144672 3.17153e-14 0.229637 1.20779e-14 3.67488e-15 -9.8152e-12 -3.37373e-14 -6.29636e-14 0.755896
0.05  700 0.0144672 1.77337e-13 0.229637 8.46586e-14 2.22126e-14 -8.44828e-11 -7.77939e-13 -5.60728e-13 0.755896
0.056  700 0.0144672 9.17206e-13 0.229637 4.63039e-13 1.17537e-13 2.32654e-10 4.19339e-12 1.01991e-12 0.755896
0.062  700 0.0144672 4.65537e-12 0.229637 2.37065e-12 5.98438e-13 -5.05448e-10 -1.77742e-11 -4.7161e-12 0.755896
0.068  700 0.0144672 2.35959e-11 0.229637 1.203e-11 3.03774e-12 4.38068e-09 1.50838e-10 1.61165e-11 0.755896
0.074  700 0.014467 1.19581e-10 0.229637 6.09776e-11 1.53656e-11 -2.57529e-09 -6.54956e-10 -5.94124e-11 0.755896
0.08  700 0.0144666 6.0603e-10 0.229637 3.09035e-10 7.9188e-11 7.87987e-08 5.10846e-09 2.15104e-10 0.755896
0.086  700.001 0.0144652 3.07101e-09 0.229637 1.56466e-09 3.95943e-10 6.23106e-08 -2.40126e-08 -7.77359e-10 0.755897
0.092  700.009 0.0144608 1.55636e-08 0.229637 7.9716e-09 2.5977e-09 1.55573e-06 1.74086e-07 2.83591e-09 0.755901
0.098  700.021 0.0144471 7.87607e-08 0.229639 3.84693e-08 1.53359e-08 3.29582e-06 -8.34889e-07 -9.51058e-09 0.755911
0.099  700.055 0.014442 1.14241e-07 0.229637 6.0349e-08 4.04707e-08 6.33688e-06 -2.27383e-07 -5.67111e-09 0.755915
0.1  700.101 0.0144359 1.59341e-07 0.229634 8.81347e-08 7.98007e-08 1.03423e-05 7.13473e-07 9.85935e-10 0.755919
0.101042  700.167 0.0144284 2.1996e-07 0.22963 1.24824e-07 1.47613e-07 1.57648e-05 2.22507e-06 1.27667e-08 0.755924
0.102083  700.256 0.0144195 2.99173e-07 0.229623 1.71349e-07 2.6194e-07 2.27374e-05 4.5579e-06 3.24487e-08 0.755929
0.103125  700.376 0.0144088 4.03018e-07 0.229615 2.30094e-07 4.52538e-07 3.15594e-05 8.12124e-06 6.43457e-08 0.755935
0.104167  700.54 0.014396 5.39264e-07 0.229604 3.04005e-07 7.64907e-07 4.25344e-05 1.35064e-05 1.14509e-07 0.755943
0.105208  700.762 0.0143808 7.17851e-07 0.229588 3.96757e-07 1.26663e-06 5.59364e-05 2.15537e-05 1.9105e-07 0.755951
0.105729  700.901 0.0143722 8.27773e-07 0.229579 4.51951e-07 1.62474e-06 6.36214e-05 2.70161e-05 2.43085e-07 0.755955
0.10625  701.063 0.0143627 9.53325e-07 0.229568 5.13714e-07 2.07044e-06 7.19734e-05 3.36194e-05 3.05765e-07 0.75596
0.106771  701.25 0.0143524 1.09662e-06 0.229556 5.82842e-07 2.62244e-06 8.09929e-05 4.15749e-05 3.8067e-07 0.755965
0.107031  701.355 0.0143469 1.17581e-06 0.229549 6.20511e-07 2.94639e-06 8.57481e-05 4.61512e-05 4.23327e-07 0.755967
0.107292  701.467 0.0143412 1.26035e-06 0.229541 6.60377e-07 3.3053e-06 9.0664e-05 5.116e-05 4.69666e-07 0.75597
0.107552  701.587 0.0143352 1.35058e-06 0.229534 7.02577e-07 3.70238e-06 9.57365e-05 5.66373e-05 5.199e-07 0.755972
0.107812  701.717 0.0143289 1.44686e-06 0.229525 7.47261e-07 4.14105e-06 0.00010096 6.26214e-05 5.7424e-07 0.755975
0.108073  701.856 0.0143224 1.54957e-06 0.229517 7.94589e-07 4.6249e-06 0.00010633 6.91532e-05 6.32897e-07 0.755978
0.108333  702.005 0.0143156 1.65912e-06 0.229507 8.44735e-07 5.15775e-06 0.000111837 7.6276e-05 6.96079e-07 0.755981
0.108594  702.165 0.0143085 1.77593e-06 0.229497 8.97889e-07 5.7436e-06 0.000117474 8.4036e-05 7.63987e-07 0.755984
0.108854  702.336 0.0143012 1.90044e-06 0.229486 9.54255e-07 6.38667e-06 0.00012323 9.24822e-05 8.36813e-07 0.755987
0.109115  702.519 0.0142935 2.03314e-06 0.229475 1.01406e-06 7.09134e-06 0.000129095 0.000101666 9.14742e-07 0.75599
0.109375  702.716 0.0142854 2.17452e-06 0.229463 1.07754e-06 7.86221e-06 0.000135057 0.000111643 9.97945e-07 0.755993
0.109635  702.926 0.0142771 2.32512e-06 0.22945 1.14497e-06 8.70402e-06 0.000141102 0.00012247 1.08658e-06 0.755996
0.109896  703.151 0.0142683 2.48548e-06 0.229437 1.21663e-06 9.62171e-06 0.000147217 0.000134207 1.18079e-06 0.755999
0.110156  703.392 0.0142593 2.65621e-06 0.229422 1.29283e-06 1.06204e-05 0.000153384 0.00014692 1.28069e-06 0.756002
0.110417  703.648 0.0142498 2.83791e-06 0.229407 1.37393e-06 1.17052e-05 0.000159589 0.000160675 1.38639e-06 0.756006
0.110677  703.923 0.01424 3.03126e-06 0.229391 1.4603e-06 1.28815e-05 0.000165814 0.000175542 1.49797e-06 0.756009
0.110937  704.215 0.0142297 3.23692e-06 0.229374 1.55234e-06 1.41547e-05 0.000172041 0.000191594 1.61549e-06 0.756012
0.111198  704.528 0.014219 3.45565e-06 0.229356 1.65049e-06 1.55303e-05 0.00017825 0.00020891 1.73898e-06 0.756016
0.111458  704.86 0.0142079 3.68819e-06 0.229337 1.75525e-06 1.7014e-05 0.000184423 0.000227568 1.86845e-06 0.756019
0.111719  705.214 0.0141964 3.93537e-06 0.229316 1.86714e-06 1.86112e-05 0.00019054 0.000247653 2.00388e-06 0.756023
0.111979  705.592 0.0141843 4.19803e-06 0.229295 1.98674e-06 2.03277e-05 0.000196581 0.000269251 2.14523e-06 0.756026
0.11224  705.993 0.0141718 4.47707e-06 0.229272 2.11466e-06 2.21689e-05 0.000202527 0.000292452 2.29241e-06 0.75603
0.1125  706.419 0.0141588 4.77343e-06 0.229248 2.25161e-06 2.41404e-05 0.000208357 0.000317349 2.44534e-06 0.756034
0.11276  706.872 0.0141453 5.08812e-06 0.229223 2.39831e-06 2.62478e-05 0.000214053 0.00034404 2.60389e-06 0.756037
0.113021  707.352 0.0141313 5.42217e-06 0.229196 2.55556e-06 2.84963e-05 0.000219596 0.000372624 2.7679e-06 0.756041
0.113281  707.862 0.0141167 5.77669e-06 0.229168 2.72426e-06 3.08913e-05 0.000224969 0.000403205 2.93721e-06 0.756045
0.113542  708.403 0.0141015 6.15283e-06 0.229138 2.90533e-06 3.34378e-05 0.000230154 0.00043589 3.11163e-06 0.756049
0.113802  708.975 0.0140858 6.55181e-06 0.229107 3.09981e-06 3.61409e-05 0.000235137 0.000470787 3.29092e-06 0.756053
0.114063  709.581 0.0140694 6.9749e-06 0.229073 3.30882e-06 3.90054e-05 0.000239902 0.000508011 3.47488e-06 0.756057
0.114323  710.221 0.0140524 7.42345e-06 0.229038 3.53356e-06 4.20357e-05 0.000244437 0.000547677 3.66324e-06 0.756061
0.114583  710.898 0.0140348 7.89885e-06 0.229001 3.77532e-06 4.52363e-05 0.000248732 0.000589905 3.85575e-06 0.756065
0.114844  711.613 0.0140165 8.40257e-06 0.228962 4.03553e-06 4.86115e-05 0.000252776 0.000634817 4.05214e-06 0.756068
0.115104  712.367 0.0139976 8.93616e-06 0.228921 4.3157e-06 5.2165e-05 0.000256563 0.00068254 4.25213e-06 0.756072
0.115365  713.162 0.0139779 9.50123e-06 0.228878 4.61748e-06 5.59006e-05 0.000260086 0.000733202 4.45543e-06 0.756076
0.115625  714.001 0.0139576 1.00995e-05 0.228832 4.94265e-06 5.98217e-05 0.000263342 0.000786936 4.66177e-06 0.756081
0.115885  714.883 0.0139364 1.07326e-05 0.228784 5.2931e-06 6.39317e-05 0.00026633 0.000843877 4.87084e-06 0.756085
0.116146  715.811 0.0139146 1.14026e-05 0.228733 5.67091e-06 6.82334e-05 0.000269048 0.000904162 5.08236e-06 0.756089
0.116406  716.787 0.0138919 1.21112e-05 0.22868 6.07829e-06 7.27296e-05 0.0002715 0.000967935 5.29603e-06 0.756093
0.116667  717.813 0.0138685 1.28606e-05 0.228624 6.51764e-06 7.74229e-05 0.000273688 0.00103534 5.51159e-06 0.756096
0.116797  718.344 0.0138564 1.32513e-05 0.228594 6.75026e-06 7.98443e-05 0.000274684 0.00107046 5.61996e-06 0.756098
0.116927  718.889 0.0138442 1.3653e-05 0.228565 6.99186e-06 8.23158e-05 0.000275618 0.00110654 5.72869e-06 0.7561
0.117057  719.447 0.0138317 1.40659e-05 0.228534 7.24279e-06 8.48377e-05 0.000276488 0.00114361 5.83775e-06 0.756102
0.117188  720.019 0.0138191 1.44903e-05 0.228502 7.50341e-06 8.74101e-05 0.000277295 0.00118167 5.9471e-06 0.756104
0.117318  720.604 0.0138062 1.49266e-05 0.22847 7.77409e-06 9.00333e-05 0.000278042 0.00122076 6.0567e-06 0.756106
0.117448  721.203 0.0137931 1.53749e-05 0.228437 8.05524e-06 9.27074e-05 0.000278729 0.00126089 6.16653e-06 0.756108
0.117578  721.816 0.0137797 1.58356e-05 0.228403 8.34727e-06 9.54328e-05 0.000279357 0.00130208 6.27654e-06 0.75611
0.117708  722.443 0.0137662 1.63091e-05 0.228368 8.65058e-06 9.82095e-05 0.000279927 0.00134435 6.3867e-06 0.756112
0.117839  723.085 0.0137524 1.67955e-05 0.228332 8.96563e-06 0.000101038 0.00028044 0.00138772 6.49698e-06 0.756114
0.117969  723.741 0.0137384 1.72952e-05 0.228296 9.29286e-06 0.000103918 0.000280898 0.00143221 6.60734e-06 0.756116
0.118099  724.412 0.0137242 1.78086e-05 0.228258 9.63275e-06 0.000106849 0.000281302 0.00147785 6.71775e-06 0.756118
0.118229  725.099 0.0137097 1.83359e-05 0.22822 9.98578e-06 0.000109833 0.000281654 0.00152464 6.82816e-06 0.75612
0.118359  725.801 0.013695 1.88775e-05 0.22818 1.03525e-05 0.000112869 0.000281954 0.00157262 6.93855e-06 0.756121
0.11849  726.519 0.01368 1.94337e-05 0.22814 1.07333e-05 0.000115956 0.000282205 0.0016218 7.04888e-06 0.756123
0.11862  727.252 0.0136648 2.00049e-05 0.228098 1.11289e-05 0.000119096 0.000282407 0.00167221 7.15911e-06 0.756125
0.11875  728.001 0.0136494 2.05914e-05 0.228056 1.15398e-05 0.000122288 0.000282562 0.00172386 7.26921e-06 0.756127
0.11888  728.767 0.0136337 2.11936e-05 0.228012 1.19665e-05 0.000125533 0.000282672 0.00177678 7.37913e-06 0.756128
0.11901  729.549 0.0136177 2.18118e-05 0.227968 1.24097e-05 0.00012883 0.000282737 0.00183099 7.48884e-06 0.75613
0.119141  730.348 0.0136015 2.24463e-05 0.227922 1.287e-05 0.000132179 0.000282759 0.00188652 7.5983e-06 0.756132
0.119271  731.164 0.013585 2.30976e-05 0.227876 1.33481e-05 0.00013558 0.00028274 0.00194337 7.70748e-06 0.756133
0.119401  731.997 0.0135683 2.37661e-05 0.227828 1.38445e-05 0.000139034 0.000282681 0.00200159 7.81632e-06 0.756135
0.119531  732.847 0.0135513 2.4452e-05 0.227779 1.43601e-05 0.00014254 0.000282584 0.00206118 7.9248e-06 0.756137
0.119661  733.715 0.0135341 2.51559e-05 0.227729 1.48956e-05 0.000146098 0.000282449 0.00212217 8.03286e-06 0.756138
0.119792  734.6 0.0135166 2.5878e-05 0.227678 1.54517e-05 0.000149708 0.000282278 0.00218458 8.14047e-06 0.75614
0.119922  735.503 0.0134988 2.66189e-05 0.227625 1.60291e-05 0.00015337 0.000282072 0.00224845 8.24757e-06 0.756141
0.120052  736.425 0.0134807 2.73788e-05 0.227572 1.66287e-05 0.000157085 0.000281833 0.00231378 8.35414e-06 0.756143
0.120182  737.365 0.0134624 2.81582e-05 0.227517 1.72514e-05 0.000160851 0.000281562 0.00238061 8.46011e-06 0.756144
0.120312  738.323 0.0134437 2.89575e-05 0.227461 1.78979e-05 0.000164668 0.000281259 0.00244895 8.56544e-06 0.756145
0.120443  739.301 0.0134248 2.97771e-05 0.227403 1.85692e-05 0.000168537 0.000280927 0.00251883 8.67008e-06 0.756147
0.120573  740.297 0.0134057 3.06175e-05 0.227345 1.92662e-05 0.000172458 0.000280566 0.00259027 8.77398e-06 0.756148
0.120703  741.312 0.0133862 3.14791e-05 0.227285 1.999e-05 0.000176429 0.000280177 0.0026633 8.8771e-06 0.756149
0.120833  742.347 0.0133664 3.23622e-05 0.227223 2.07413e-05 0.000180451 0.000279761 0.00273794 8.97936e-06 0.75615
0.120964  743.401 0.0133464 3.32675e-05 0.22716 2.15215e-05 0.000184524 0.00027932 0.00281421 9.08074e-06 0.756151
0.121094  744.475 0.013326 3.41952e-05 0.227096 2.23314e-05 0.000188647 0.000278853 0.00289215 9.18115e-06 0.756152
0.121224  745.569 0.0133054 3.51459e-05 0.227031 2.31721e-05 0.00019282 0.000278363 0.00297176 9.28056e-06 0.756153
0.121354  746.683 0.0132844 3.612e-05 0.226964 2.4045e-05 0.000197042 0.00027785 0.00305309 9.37889e-06 0.756154
0.121484  747.817 0.0132631 3.71179e-05 0.226895 2.4951e-05 0.000201314 0.000277314 0.00313614 9.47609e-06 0.756155
0.121615  748.972 0.0132416 3.81401e-05 0.226826 2.58916e-05 0.000205634 0.000276757 0.00322094 9.5721e-06 0.756156
0.121745  750.147 0.0132197 3.91871e-05 0.226754 2.68678e-05 0.000210003 0.000276179 0.00330753 9.66686e-06 0.756157
0.121875  751.343 0.0131975 4.02593e-05 0.226681 2.78812e-05 0.00021442 0.00027558 0.00339592 9.76029e-06 0.756157
0.122005  752.56 0.013175 4.13572e-05 0.226607 2.89329e-05 0.000218884 0.000274963 0.00348613 9.85234e-06 0.756158
0.122135  753.798 0.0131522 4.24814e-05 0.226531 3.00246e-05 0.000223396 0.000274326 0.0035782 9.94293e-06 0.756158
0.122266  755.057 0.0131291 4.36321e-05 0.226453 3.11575e-05 0.000227954 0.000273671 0.00367214 1.0032e-05 0.756159
0.122396  756.338 0.0131057 4.48101e-05 0.226374 3.23332e-05 0.000232558 0.000272998 0.00376799 1.01195e-05 0.756159
0.122526  757.64 0.0130819 4.60156e-05 0.226293 3.35534e-05 0.000237208 0.000272308 0.00386576 1.02053e-05 0.75616
0.122656  758.964 0.0130578 4.72493e-05 0.226211 3.48195e-05 0.000241903 0.000271602 0.00396548 1.02894e-05 0.75616
0.122786  760.309 0.0130334 4.85115e-05 0.226127 3.61334e-05 0.000246642 0.000270878 0.00406717 1.03717e-05 0.75616
0.122917  761.676 0.0130086 4.98029e-05 0.226041 3.74967e-05 0.000251425 0.000270139 0.00417087 1.04521e-05 0.75616
0.123047  763.066 0.0129836 5.11238e-05 0.225954 3.89112e-05 0.000256251 0.000269385 0.00427658 1.05306e-05 0.75616
0.123177  764.477 0.0129581 5.24749e-05 0.225865 4.03789e-05 0.00026112 0.000268615 0.00438435 1.0607e-05 0.75616
0.123307  765.911 0.0129324 5.38565e-05 0.225774 4.19015e-05 0.00026603 0.00026783 0.00449419 1.06814e-05 0.756159
0.123437  767.367 0.0129063 5.52691e-05 0.225681 4.34811e-05 0.000270983 0.000267031 0.00460613 1.07536e-05 0.756159
0.123568  768.845 0.0128799 5.67134e-05 0.225587 4.51197e-05 0.000275976 0.000266218 0.0047202 1.08236e-05 0.756159
0.123698  770.346 0.0128531 5.81897e-05 0.22549 4.68195e-05 0.000281009 0.00026539 0.00483641 1.08912e-05 0.756158
0.123828  771.87 0.012826 5.96986e-05 0.225392 4.85826e-05 0.000286082 0.000264549 0.00495479 1.09565e-05 0.756157
0.123958  773.416 0.0127985 6.12405e-05 0.225292 5.04112e-05 0.000291194 0.000263695 0.00507537 1.10193e-05 0.756156
0.124089  774.985 0.0127707 6.2816e-05 0.22519 5.23078e-05 0.000296344 0.000262828 0.00519817 1.10796e-05 0.756156
0.124219  776.577 0.0127426 6.44256e-05 0.225086 5.42747e-05 0.000301531 0.000261947 0.00532322 1.11372e-05 0.756154
0.124349  778.191 0.012714 6.60697e-05 0.224981 5.63144e-05 0.000306756 0.000261054 0.00545054 1.11923e-05 0.756153
0.124479  779.829 0.0126852 6.77489e-05 0.224873 5.84293e-05 0.000312017 0.000260149 0.00558016 1.12446e-05 0.756152
0.124609  781.489 0.012656 6.94637e-05 0.224763 6.06223e-05 0.000317315 0.000259231 0.0057121 1.1294e-05 0.756151
0.12474  783.173 0.0126264 7.12145e-05 0.224652 6.28959e-05 0.000322647 0.000258302 0.00584638 1.13407e-05 0.756149
0.12487  784.88 0.0125964 7.30018e-05 0.224538 6.52529e-05 0.000328015 0.00025736 0.00598304 1.13844e-05 0.756147
0.125  786.609 0.0125661 7.48262e-05 0.224423 6.76963e-05 0.000333416 0.000256407 0.00612209 1.14251e-05 0.756145
0.12526  790.138 0.0125044 7.85871e-05 0.224185 7.28506e-05 0.000344321 0.000254467 0.00640744 1.14975e-05 0.756141
0.125521  793.759 0.0124413 8.2502e-05 0.223939 7.83866e-05 0.000355358 0.000252483 0.00670267 1.15573e-05 0.756136
0.125781  797.472 0.0123767 8.65744e-05 0.223685 8.43306e-05 0.000366525 0.000250457 0.00700798 1.16041e-05 0.756131
0.126042  801.278 0.0123105 9.08083e-05 0.223422 9.071e-05 0.000377821 0.00024839 0.00732357 1.16377e-05 0.756125
0.126302  805.176 0.0122429 9.52071e-05 0.22315 9.75539e-05 0.000389243 0.000246284 0.00764965 1.16578e-05 0.756118
0.126562  809.165 0.0121738 9.97743e-05 0.222868 0.000104893 0.000400794 0.000244141 0.00798641 1.16642e-05 0.75611
0.126823  813.246 0.0121032 0.000104513 0.222578 0.000112759 0.000412473 0.000241962 0.00833407 1.16567e-05 0.756102
0.127083  817.418 0.012031 0.000109428 0.222278 0.000121186 0.000424285 0.000239749 0.00869282 1.16355e-05 0.756092
0.127344  821.68 0.0119573 0.000114521 0.221968 0.000130209 0.000436233 0.000237504 0.00906289 1.16004e-05 0.756082
0.127604  826.032 0.0118821 0.000119795 0.221648 0.000139865 0.000448323 0.000235229 0.00944448 1.15516e-05 0.756071
0.127865  830.473 0.0118053 0.000125254 0.221317 0.000150192 0.000460561 0.000232926 0.0098378 1.14894e-05 0.756059
0.128125  835.001 0.011727 0.000130899 0.220977 0.00016123 0.000472957 0.000230596 0.0102431 1.14139e-05 0.756046
0.128255  837.298 0.0116873 0.000133793 0.220803 0.000167032 0.000479218 0.000229423 0.0104503 1.13713e-05 0.756039
0.128385  839.616 0.0116471 0.000136735 0.220625 0.000173027 0.000485523 0.000228243 0.0106605 1.13256e-05 0.756032
0.128516  841.956 0.0116066 0.000139724 0.220446 0.00017922 0.000491873 0.000227058 0.0108739 1.12768e-05 0.756025
0.128646  844.318 0.0115657 0.000142762 0.220263 0.000185618 0.000498269 0.000225868 0.0110904 1.1225e-05 0.756017
0.128776  846.7 0.0115244 0.000145848 0.220078 0.000192226 0.000504715 0.000224673 0.01131 1.11702e-05 0.756009
0.128906  849.103 0.0114828 0.000148982 0.21989 0.000199049 0.000511211 0.000223473 0.0115328 1.11125e-05 0.756001
0.129036  851.527 0.0114407 0.000152166 0.219699 0.000206093 0.00051776 0.000222269 0.0117588 1.10519e-05 0.755992
0.129167  853.972 0.0113982 0.000155399 0.219505 0.000213364 0.000524364 0.000221061 0.011988 1.09887e-05 0.755984
0.129297  856.438 0.0113554 0.000158681 0.219308 0.000220868 0.000531024 0.000219848 0.0122205 1.09227e-05 0.755975
0.129427  858.924 0.0113122 0.000162012 0.219108 0.00022861 0.000537745 0.000218633 0.0124563 1.08543e-05 0.755965
0.129557  861.43 0.0112686 0.000165393 0.218906 0.000236597 0.000544528 0.000217413 0.0126954 1.07833e-05 0.755956
0.129688  863.956 0.0112246 0.000168824 0.2187 0.000244836 0.000551375 0.000216191 0.0129379 1.071e-05 0.755946
0.129818  866.501 0.0111802 0.000172305 0.218491 0.000253331 0.000558291 0.000214966 0.0131837 1.06344e-05 0.755936
0.129948  869.067 0.0111354 0.000175835 0.218279 0.000262089 0.000565278 0.000213738 0.0134329 1.05566e-05 0.755925
0.130078  871.652 0.0110903 0.000179416 0.218064 0.000271117 0.000572338 0.000212508 0.0136856 1.04768e-05 0.755914
0.130143  872.952 0.0110675 0.000181226 0.217955 0.000275735 0.000575897 0.000211893 0.0138132 1.04361e-05 0.755909
0.130208  874.256 0.0110447 0.000183047 0.217846 0.000280422 0.000579476 0.000211277 0.0139417 1.0395e-05 0.755903
0.130273  875.566 0.0110218 0.000184882 0.217735 0.000285179 0.000583075 0.00021066 0.0140711 1.03534e-05 0.755898
0.130339  876.88 0.0109988 0.000186729 0.217624 0.000290008 0.000586694 0.000210043 0.0142013 1.03113e-05 0.755892
0.130404  878.199 0.0109757 0.000188588 0.217512 0.00029491 0.000590334 0.000209425 0.0143324 1.02689e-05 0.755886
0.130469  879.522 0.0109525 0.00019046 0.217399 0.000299884 0.000593996 0.000208808 0.0144644 1.0226e-05 0.75588
0.130534  880.851 0.0109292 0.000192345 0.217286 0.000304931 0.00059768 0.00020819 0.0145973 1.01827e-05 0.755874
0.130599  882.183 0.0109058 0.000194242 0.217171 0.000310054 0.000601386 0.000207571 0.0147311 1.0139e-05 0.755868
0.130664  883.521 0.0108823 0.000196152 0.217056 0.000315251 0.000605115 0.000206953 0.0148658 1.00949e-05 0.755862
0.130729  884.863 0.0108588 0.000198074 0.21694 0.000320525 0.000608867 0.000206334 0.0150013 1.00505e-05 0.755856
0.130794  886.21 0.0108351 0.000200009 0.216823 0.000325876 0.000612642 0.000205715 0.0151378 1.00057e-05 0.75585
0.130859  887.561 0.0108113 0.000201957 0.216705 0.000331305 0.000616442 0.000205096 0.0152752 9.96063e-06 0.755844
0.130924  888.917 0.0107875 0.000203917 0.216586 0.000336812 0.000620267 0.000204476 0.0154135 9.91521e-06 0.755837
0.13099  890.277 0.0107635 0.000205889 0.216467 0.000342398 0.000624117 0.000203857 0.0155526 9.86949e-06 0.755831
0.131055  891.642 0.0107394 0.000207874 0.216347 0.000348065 0.000627993 0.000203238 0.0156928 9.82349e-06 0.755824
0.13112  893.011 0.0107153 0.000209872 0.216225 0.000353813 0.000631894 0.000202618 0.0158338 9.77722e-06 0.755818
0.131185  894.385 0.0106911 0.000211882 0.216103 0.000359643 0.000635823 0.000201999 0.0159757 9.73069e-06 0.755811
0.13125  895.763 0.0106667 0.000213905 0.21598 0.000365555 0.000639779 0.000201379 0.0161186 9.68392e-06 0.755804
0.131315  897.145 0.0106423 0.00021594 0.215856 0.000371551 0.000643763 0.00020076 0.0162624 9.63692e-06 0.755797
0.13138  898.532 0.0106178 0.000217987 0.215732 0.000377631 0.000647775 0.000200141 0.0164071 9.58972e-06 0.75579
0.131445  899.923 0.0105932 0.000220047 0.215606 0.000383796 0.000651816 0.000199522 0.0165528 9.54232e-06 0.755783
0.13151  901.318 0.0105685 0.00022212 0.215479 0.000390047 0.000655887 0.000198903 0.0166994 9.49474e-06 0.755776
0.131576  902.717 0.0105437 0.000224204 0.215352 0.000396385 0.000659987 0.000198284 0.0168469 9.44699e-06 0.755769
0.131641  904.121 0.0105188 0.000226302 0.215223 0.00040281 0.000664118 0.000197665 0.0169954 9.3991e-06 0.755762
0.131706  905.529 0.0104938 0.000228411 0.215094 0.000409324 0.000668281 0.000197047 0.0171449 9.35107e-06 0.755755
0.131771  906.941 0.0104688 0.000230533 0.214964 0.000415927 0.000672475 0.000196429 0.0172952 9.30292e-06 0.755747
0.131836  908.358 0.0104436 0.000232667 0.214833 0.000422619 0.000676701 0.000195811 0.0174466 9.25467e-06 0.75574
0.131901  909.778 0.0104184 0.000234814 0.214701 0.000429403 0.000680961 0.000195193 0.0175989 9.20633e-06 0.755733
0.131966  911.203 0.010393 0.000236972 0.214568 0.000436278 0.000685254 0.000194576 0.0177522 9.15792e-06 0.755725
0.132031  912.631 0.0103676 0.000239143 0.214434 0.000443245 0.000689581 0.000193959 0.0179064 9.10945e-06 0.755717
0.132096  914.064 0.0103421 0.000241326 0.214299 0.000450306 0.000693943 0.000193343 0.0180616 9.06093e-06 0.75571
0.132161  915.5 0.0103165 0.000243522 0.214163 0.00045746 0.00069834 0.000192727 0.0182177 9.01238e-06 0.755702
0.132227  916.941 0.0102908 0.000245729 0.214026 0.000464709 0.000702774 0.000192111 0.0183749 8.96382e-06 0.755694
0.132292  918.385 0.010265 0.000247948 0.213888 0.000472054 0.000707244 0.000191496 0.018533 8.91525e-06 0.755686
0.132357  919.834 0.0102391 0.00025018 0.21375 0.000479495 0.000711751 0.000190882 0.0186921 8.8667e-06 0.755678
0.132422  921.286 0.0102131 0.000252423 0.21361 0.000487033 0.000716296 0.000190268 0.0188521 8.81818e-06 0.75567
0.132487  922.742 0.0101871 0.000254679 0.213469 0.000494669 0.00072088 0.000189654 0.0190132 8.76969e-06 0.755662
0.132552  924.202 0.0101609 0.000256946 0.213328 0.000502404 0.000725503 0.000189041 0.0191752 8.72127e-06 0.755654
0.132617  925.665 0.0101347 0.000259225 0.213185 0.000510238 0.000730165 0.000188429 0.0193383 8.67291e-06 0.755645
0.132682  927.133 0.0101084 0.000261516 0.213041 0.000518172 0.000734868 0.000187817 0.0195023 8.62464e-06 0.755637
0.132747  928.604 0.010082 0.000263819 0.212897 0.000526207 0.000739613 0.000187206 0.0196673 8.57646e-06 0.755629
0.132812  930.079 0.0100555 0.000266133 0.212751 0.000534343 0.000744399 0.000186596 0.0198334 8.5284e-06 0.75562
0.132878  931.557 0.0100289 0.000268459 0.212604 0.000542582 0.000749227 0.000185986 0.0200004 8.48046e-06 0.755612
0.132943  933.04 0.0100023 0.000270797 0.212457 0.000550924 0.000754099 0.000185377 0.0201684 8.43266e-06 0.755603
0.133008  934.525 0.00997551 0.000273146 0.212308 0.000559371 0.000759015 0.000184769 0.0203374 8.385e-06 0.755594
0.133073  936.015 0.00994868 0.000275506 0.212158 0.000567921 0.000763975 0.000184161 0.0205075 8.33751e-06 0.755586
0.133138  937.508 0.00992177 0.000277878 0.212008 0.000576577 0.00076898 0.000183555 0.0206785 8.2902e-06 0.755577
0.133203  939.004 0.00989477 0.000280262 0.211856 0.000585339 0.000774031 0.000182949 0.0208506 8.24307e-06 0.755568
0.133268  940.504 0.00986769 0.000282656 0.211703 0.000594208 0.000779129 0.000182344 0.0210237 8.19614e-06 0.755559
0.133333  942.007 0.00984053 0.000285062 0.211549 0.000603184 0.000784274 0.00018174 0.0211978 8.14943e-06 0.75555
0.133594  948.054 0.00973105 0.000294797 0.210924 0.000640169 0.000805333 0.000179331 0.0219044 7.96481e-06 0.755513
0.133854  954.154 0.0096203 0.000304706 0.210281 0.000678926 0.000827203 0.000176938 0.0226273 7.78451e-06 0.755476
0.134115  960.304 0.00950829 0.000314783 0.209621 0.000719497 0.000849929 0.000174561 0.0233668 7.6092e-06 0.755438
0.134375  966.503 0.00939506 0.000325024 0.208943 0.00076192 0.000873557 0.000172201 0.0241229 7.4395e-06 0.755399
0.134635  972.747 0.00928067 0.000335421 0.208248 0.00080623 0.000898131 0.000169859 0.0248957 7.27598e-06 0.755359
0.134896  979.036 0.00916513 0.000345969 0.207534 0.00085246 0.000923696 0.000167536 0.0256851 7.11912e-06 0.755319
0.135156  985.366 0.00904851 0.00035666 0.206803 0.000900639 0.000950296 0.000165233 0.0264912 6.96937e-06 0.755278
0.135417  991.735 0.00893084 0.000367487 0.206053 0.000950792 0.000977976 0.00016295 0.0273139 6.82711e-06 0.755237
0.135677  998.142 0.00881218 0.000378442 0.205284 0.00100294 0.00100678 0.000160689 0.0281531 6.69265e-06 0.755195
0.135937  1004.58 0.00869258 0.000389516 0.204497 0.00105711 0.00103674 0.000158449 0.0290089 6.56625e-06 0.755153
0.136198  1011.06 0.00857208 0.0004007 0.203691 0.0011133 0.00106791 0.000156232 0.0298809 6.44811e-06 0.755111
0.136458  1017.56 0.00845076 0.000411985 0.202867 0.00117154 0.00110032 0.000154037 0.030769 6.33839e-06 0.755069
0.136719  1024.09 0.00832866 0.00042336 0.202024 0.00123182 0.00113401 0.000151865 0.0316731 6.23718e-06 0.755027
0.136979  1030.65 0.00820585 0.000434816 0.201162 0.00129414 0.00116902 0.000149717 0.0325928 6.14452e-06 0.754986
0.13724  1037.23 0.0080824 0.000446341 0.200282 0.00135851 0.00120537 0.000147592 0.0335279 6.06042e-06 0.754944
0.1375  1043.82 0.00795837 0.000457925 0.199383 0.00142492 0.0012431 0.000145491 0.0344779 5.98484e-06 0.754903
0.13776  1050.44 0.00783383 0.000469555 0.198466 0.00149334 0.00128223 0.000143414 0.0354426 5.91769e-06 0.754863
0.138021  1057.07 0.00770885 0.00048122 0.197531 0.00156377 0.00132278 0.000141361 0.0364215 5.85886e-06 0.754823
0.138281  1063.72 0.00758351 0.000492907 0.196579 0.00163617 0.00136479 0.000139332 0.0374141 5.8082e-06 0.754784
0.138542  1070.37 0.00745787 0.000504604 0.19561 0.00171053 0.00140825 0.000137327 0.0384199 5.76554e-06 0.754746
0.138802  1077.03 0.00733203 0.000516299 0.194623 0.00178681 0.0014532 0.000135347 0.0394383 5.73068e-06 0.754709
0.139063  1083.7 0.00720605 0.000527977 0.193621 0.00186497 0.00149963 0.00013339 0.0404687 5.70339e-06 0.754673
0.139323  1090.36 0.00708002 0.000539626 0.192602 0.00194496 0.00154755 0.000131458 0.0415106 5.68343e-06 0.754638
0.139583  1097.03 0.00695402 0.000551232 0.191568 0.00202675 0.00159697 0.000129551 0.0425631 5.67056e-06 0.754605
0.139844  1103.69 0.00682813 0.000562782 0.190519 0.00211027 0.00164787 0.000127667 0.0436257 5.66449e-06 0.754573
0.140104  1110.35 0.00670244 0.000574262 0.189457 0.00219547 0.00170026 0.000125807 0.0446975 5.66496e-06 0.754542
0.140365  1117 0.00657702 0.000585659 0.188381 0.0022823 0.00175413 0.000123972 0.0457777 5.67167e-06 0.754513
0.140625  1123.64 0.00645197 0.000596959 0.187292 0.00237067 0.00180945 0.00012216 0.0468656 5.68434e-06 0.754486
0.140885  1130.26 0.00632736 0.000608148 0.186192 0.00246053 0.00186621 0.000120373 0.0479602 5.70266e-06 0.75446
0.141146  1136.87 0.00620328 0.000619214 0.18508 0.00255181 0.00192437 0.000118609 0.0490608 5.72634e-06 0.754436
0.141406  1143.46 0.00607982 0.000630143 0.183959 0.00264441 0.00198392 0.000116869 0.0501664 5.75509e-06 0.754414
0.141667  1150.02 0.00595706 0.000640922 0.182828 0.00273827 0.00204482 0.000115153 0.051276 5.7886e-06 0.754393
0.141927  1156.57 0.00583508 0.000651538 0.18169 0.0028333 0.00210704 0.00011346 0.0523889 5.82658e-06 0.754375
0.142188  1163.09 0.00571396 0.000661979 0.180544 0.00292941 0.00217052 0.000111791 0.0535039 5.86874e-06 0.754359
0.142448  1169.58 0.00559378 0.000672233 0.179392 0.00302652 0.00223522 0.000110146 0.0546202 5.91479e-06 0.754344
0.142708  1176.03 0.00547462 0.000682288 0.178234 0.00312452 0.0023011 0.000108525 0.0557369 5.96444e-06 0.754332
0.142969  1182.46 0.00535656 0.000692133 0.177073 0.00322334 0.0023681 0.000106927 0.0568529 6.01743e-06 0.754321
0.143229  1188.85 0.00523967 0.000701757 0.175908 0.00332287 0.00243617 0.000105352 0.0579673 6.07347e-06 0.754313
0.14349  1195.2 0.00512402 0.000711151 0.174741 0.00342301 0.00250524 0.000103801 0.0590791 6.1323e-06 0.754306
0.14375  1201.52 0.00500968 0.000720303 0.173573 0.00352368 0.00257525 0.000102274 0.0601875 6.19366e-06 0.754302
0.14401  1207.79 0.00489672 0.000729206 0.172406 0.00362477 0.00264614 0.00010077 0.0612914 6.25731e-06 0.754299
0.144271  1214.02 0.0047852 0.00073785 0.171239 0.00372617 0.00271784 9.92895e-05 0.0623901 6.32299e-06 0.754298
0.144531  1220.2 0.00467518 0.000746228 0.170074 0.0038278 0.00279028 9.78325e-05 0.0634825 6.39047e-06 0.7543
0.144792  1226.34 0.00456672 0.000754333 0.168913 0.00392955 0.00286338 9.6399e-05 0.0645678 6.45952e-06 0.754303
0.145052  1232.43 0.00445988 0.000762156 0.167756 0.00403133 0.00293709 9.49889e-05 0.0656451 6.52992e-06 0.754307
0.145313  1238.47 0.0043547 0.000769694 0.166603 0.00413303 0.00301131 9.36023e-05 0.0667138 6.60145e-06 0.754314
0.145573  1244.46 0.00425123 0.00077694 0.165457 0.00423456 0.00308598 9.22391e-05 0.0677728 6.67392e-06 0.754322
0.145833  1250.4 0.00414951 0.000783889 0.164319 0.00433582 0.00316103 9.08992e-05 0.0688216 6.74712e-06 0.754332
0.146094  1256.28 0.00404959 0.000790539 0.163188 0.00443672 0.00323637 8.95827e-05 0.0698593 6.82086e-06 0.754343
0.146354  1262.11 0.00395149 0.000796885 0.162066 0.00453716 0.00331193 8.82895e-05 0.0708853 6.89497e-06 0.754356
0.146615  1267.88 0.00385526 0.000802925 0.160954 0.00463705 0.00338763 8.70195e-05 0.071899 6.96927e-06 0.75437
0.146875  1273.59 0.00376092 0.000808657 0.159852 0.00473631 0.00346341 8.57726e-05 0.0728997 7.04359e-06 0.754386
0.147135  1279.25 0.00366849 0.00081408 0.158762 0.00483484 0.00353919 8.45488e-05 0.0738869 7.1178e-06 0.754403
0.147396  1284.84 0.00357799 0.000819194 0.157684 0.00493256 0.00361489 8.3348e-05 0.07486 7.19172e-06 0.754421
0.147656  1290.38 0.00348945 0.000823998 0.156618 0.00502939 0.00369045 8.21701e-05 0.0758185 7.26524e-06 0.75444
0.147917  1295.86 0.00340287 0.000828492 0.155567 0.00512525 0.0037658 8.10149e-05 0.076762 7.33821e-06 0.754461
0.148177  1301.27 0.00331826 0.00083268 0.154529 0.00522006 0.00384087 7.98823e-05 0.0776902 7.41052e-06 0.754482
0.148438  1306.63 0.00323564 0.000836561 0.153506 0.00531375 0.0039156 7.87722e-05 0.0786025 7.48206e-06 0.754504
0.148698  1311.92 0.00315499 0.000840139 0.152498 0.00540625 0.00398992 7.76845e-05 0.0794988 7.55271e-06 0.754527
0.148958  1317.15 0.00307633 0.000843416 0.151506 0.00549749 0.00406378 7.66188e-05 0.0803786 7.62238e-06 0.754551
0.149219  1322.32 0.00299965 0.000846396 0.150529 0.00558741 0.00413712 7.55751e-05 0.0812419 7.69098e-06 0.754575
0.149479  1327.43 0.00292494 0.000849083 0.14957 0.00567594 0.00420989 7.45531e-05 0.0820883 7.75843e-06 0.7546
0.14974  1332.47 0.00285219 0.000851481 0.148627 0.00576303 0.00428202 7.35527e-05 0.0829177 7.82466e-06 0.754625
0.15  1337.45 0.0027814 0.000853594 0.147701 0.00584863 0.00435349 7.25735e-05 0.08373 7.8896e-06 0.754651
0.150521  1347.23 0.00264559 0.000856986 0.145902 0.00601519 0.00449426 7.06779e-05 0.085303 8.01544e-06 0.754704
0.151042  1356.76 0.00251738 0.000859305 0.144175 0.00617522 0.00463184 6.88643e-05 0.0868069 8.13549e-06 0.754758
0.151563  1366.04 0.00239656 0.000860602 0.142519 0.00632841 0.00476595 6.71305e-05 0.0882417 8.24946e-06 0.754812
0.152083  1375.08 0.00228294 0.000860928 0.140937 0.00647451 0.00489637 6.54742e-05 0.089608 8.35715e-06 0.754866
0.152604  1383.88 0.00217626 0.000860341 0.139427 0.00661333 0.00502293 6.38926e-05 0.090907 8.45845e-06 0.75492
0.153125  1392.44 0.00207628 0.000858896 0.13799 0.00674473 0.00514548 6.23833e-05 0.0921398 8.55334e-06 0.754974
0.153646  1400.77 0.00198271 0.000856652 0.136624 0.00686861 0.00526394 6.09434e-05 0.0933083 8.64184e-06 0.755026
0.154167  1408.88 0.00189527 0.000853669 0.135328 0.00698494 0.00537827 5.95703e-05 0.0944142 8.72406e-06 0.755078
0.154688  1416.76 0.00181367 0.000850003 0.1341 0.00709372 0.00548842 5.8261e-05 0.0954598 8.80012e-06 0.755128
0.155208  1424.44 0.0017376 0.000845713 0.132938 0.00719497 0.00559443 5.70128e-05 0.0964472 8.87021e-06 0.755176
0.155729  1431.9 0.00166678 0.000840855 0.131841 0.00728879 0.00569632 5.58229e-05 0.0973789 8.93453e-06 0.755223
0.15625  1439.16 0.0016009 0.000835482 0.130806 0.00737529 0.00579415 5.46886e-05 0.0982573 8.99332e-06 0.755268
0.156771  1446.22 0.00153967 0.000829647 0.12983 0.0074546 0.00588801 5.36071e-05 0.0990849 9.04682e-06 0.755311
0.157292  1453.09 0.00148281 0.0008234 0.128911 0.0075269 0.00597798 5.25758e-05 0.0998643 9.09528e-06 0.755352
0.157813  1459.78 0.00143004 0.000816789 0.128047 0.00759238 0.00606418 5.15922e-05 0.100598 9.13897e-06 0.755391
0.158333  1466.29 0.00138109 0.000809857 0.127235 0.00765125 0.00614671 5.06537e-05 0.101288 9.17814e-06 0.755428
0.158854  1472.62 0.00133571 0.000802647 0.126472 0.00770374 0.00622569 4.97581e-05 0.101938 9.21306e-06 0.755463
0.159375  1478.79 0.00129365 0.000795198 0.125756 0.00775009 0.00630127 4.89028e-05 0.102549 9.24397e-06 0.755496
0.159896  1484.8 0.00125467 0.000787547 0.125084 0.00779056 0.00637355 4.80859e-05 0.103124 9.27111e-06 0.755528
0.160417  1490.65 0.00121855 0.000779726 0.124454 0.00782541 0.00644268 4.73051e-05 0.103665 9.29473e-06 0.755557
0.160938  1496.36 0.00118509 0.000771768 0.123864 0.00785491 0.00650878 4.65584e-05 0.104175 9.31504e-06 0.755585
0.161458  1501.92 0.00115407 0.000763701 0.12331 0.00787931 0.00657199 4.5844e-05 0.104655 9.33224e-06 0.755611
0.161979  1507.34 0.00112533 0.000755551 0.122791 0.0078989 0.00663242 4.516e-05 0.105107 9.34654e-06 0.755636
0.1625  1512.63 0.00109867 0.000747342 0.122305 0.00791394 0.0066902 4.45048e-05 0.105533 9.35812e-06 0.755658
0.163021  1517.79 0.00107394 0.000739096 0.121849 0.00792469 0.00674544 4.38766e-05 0.105935 9.36715e-06 0.75568
0.163542  1522.82 0.00105099 0.000730831 0.121422 0.00793141 0.00679827 4.32739e-05 0.106314 9.37378e-06 0.7557
0.164063  1527.73 0.00102967 0.000722565 0.121022 0.00793436 0.00684879 4.26954e-05 0.106673 9.37818e-06 0.755718
0.164583  1532.53 0.00100985 0.000714315 0.120646 0.00793379 0.0068971 4.21396e-05 0.107012 9.38047e-06 0.755735
0.165104  1537.21 0.000991405 0.000706094 0.120294 0.00792993 0.00694332 4.16053e-05 0.107333 9.38078e-06 0.755751
0.165625  1541.79 0.000974229 0.000697914 0.119964 0.00792302 0.00698753 4.10912e-05 0.107637 9.37923e-06 0.755766
0.166667  1550.63 0.000943354 0.000681711 0.119363 0.0079007 0.0070702 4.012e-05 0.108199 9.37091e-06 0.755793
0.167708  1559.09 0.000916382 0.00066579 0.118833 0.00786871 0.0071459 3.92171e-05 0.108707 9.35637e-06 0.755815
0.16875  1567.19 0.000892687 0.000650205 0.118363 0.00782854 0.00721524 3.83752e-05 0.109168 9.33624e-06 0.755835
0.169792  1574.94 0.000871741 0.000634993 0.117945 0.00778154 0.00727877 3.75879e-05 0.109589 9.31112e-06 0.755851
0.170833  1582.39 0.000853099 0.000620181 0.117573 0.00772888 0.00733699 3.68498e-05 0.109976 9.28151e-06 0.755866
0.171875  1589.53 0.000836389 0.000605788 0.11724 0.00767161 0.00739035 3.61559e-05 0.110333 9.24784e-06 0.755878
0.172917  1596.4 0.0008213 0.000591823 0.116941 0.00761063 0.00743925 3.55019e-05 0.110664 9.21053e-06 0.755888
0.173958  1603.01 0.000807571 0.000578288 0.116671 0.00754672 0.00748405 3.48839e-05 0.110972 9.16992e-06 0.755896
0.175  1609.38 0.000794986 0.000565182 0.116426 0.00748055 0.00752508 3.42987e-05 0.111261 9.12635e-06 0.755904
0.176042  1615.52 0.000783366 0.0005525 0.116203 0.00741269 0.00756264 3.37432e-05 0.111533 9.08012e-06 0.75591
0.177083  1621.44 0.000772561 0.000540234 0.116 0.00734363 0.007597 3.3215e-05 0.111789 9.03149e-06 0.755915
0.178125  1627.16 0.000762447 0.000528374 0.115813 0.00727377 0.00762839 3.27116e-05 0.112032 8.98072e-06 0.755919
0.179167  1632.68 0.000752921 0.000516908 0.115642 0.00720346 0.00765705 3.2231e-05 0.112264 8.92805e-06 0.755923
0.180208  1638.02 0.000743898 0.000505824 0.115483 0.00713298 0.00768316 3.17715e-05 0.112485 8.87369e-06 0.755926
0.18125  1643.19 0.000735308 0.000495109 0.115335 0.00706256 0.00770691 3.13314e-05 0.112696 8.81783e-06 0.755929
0.182292  1648.19 0.000727091 0.00048475 0.115198 0.00699241 0.00772848 3.09092e-05 0.112899 8.76067e-06 0.755931
0.183333  1653.04 0.000719199 0.000474733 0.11507 0.00692268 0.007748 3.05036e-05 0.113094 8.70238e-06 0.755933
0.184375  1657.73 0.000711592 0.000465045 0.11495 0.00685349 0.00776563 3.01135e-05 0.113282 8.6431e-06 0.755934
0.185417  1662.29 0.000704237 0.000455672 0.114837 0.00678495 0.00778149 2.97378e-05 0.113463 8.58299e-06 0.755935
0.186458  1666.72 0.000697104 0.000446603 0.11473 0.00671715 0.00779569 2.93756e-05 0.113639 8.52217e-06 0.755936
0.1875  1671.01 0.000690172 0.000437823 0.11463 0.00665014 0.00780834 2.90259e-05 0.113809 8.46078e-06 0.755937
0.188542  1675.18 0.000683421 0.000429321 0.114535 0.00658397 0.00781955 2.86881e-05 0.113974 8.39891e-06 0.755938
0.189583  1679.24 0.000676834 0.000421086 0.114444 0.00651869 0.00782939 2.83613e-05 0.114135 8.33668e-06 0.755938
0.190625  1683.19 0.000670397 0.000413107 0.114359 0.00645432 0.00783797 2.8045e-05 0.114291 8.27418e-06 0.755939
0.191667  1687.03 0.000664099 0.000405372 0.114277 0.00639087 0.00784534 2.77385e-05 0.114442 8.2115e-06 0.755939
0.192708  1690.76 0.000657931 0.000397871 0.114199 0.00632836 0.00785159 2.74413e-05 0.11459 8.1487e-06 0.755939
0.19375  1694.4 0.000651884 0.000390595 0.114125 0.0062668 0.00785678 2.71529e-05 0.114734 8.08587e-06 0.755939
0.194792  1697.95 0.000645951 0.000383535 0.114054 0.00620617 0.00786097 2.68727e-05 0.114875 8.02306e-06 0.755939
0.195833  1701.4 0.000640125 0.000376681 0.113986 0.0061465 0.00786423 2.66005e-05 0.115012 7.96034e-06 0.755939
0.196875  1704.77 0.000634402 0.000370025 0.113921 0.00608775 0.0078666 2.63357e-05 0.115147 7.89776e-06 0.755939
0.197917  1708.06 0.000628776 0.000363559 0.113859 0.00602994 0.00786813 2.60781e-05 0.115278 7.83538e-06 0.755939
0.198958  1711.26 0.000623245 0.000357276 0.113799 0.00597304 0.00786887 2.58272e-05 0.115406 7.77322e-06 0.755939
0.2  1714.39 0.000617803 0.000351168 0.113742 0.00591705 0.00786887 2.55827e-05 0.115531 7.71136e-06 0.755939
0.203125  1723.34 0.000602 0.000333847 0.113583 0.00575447 0.00786472 2.48861e-05 0.115891 7.52774e-06 0.755938
0.20625  1731.69 0.000586908 0.000317873 0.113441 0.00559954 0.0078552 2.42377e-05 0.11623 7.34771e-06 0.755938
0.209375  1739.51 0.000572472 0.000303101 0.113314 0.0054518 0.0078411 2.36318e-05 0.116549 7.17174e-06 0.755937
0.2125  1746.84 0.000558648 0.000289405 0.1132 0.00531083 0.00782307 2.30635e-05 0.116851 7.00022e-06 0.755936
0.215625  1753.74 0.000545395 0.000276678 0.113098 0.00517622 0.00780169 2.25289e-05 0.117138 6.83337e-06 0.755935
0.21875  1760.24 0.000532681 0.000264823 0.113005 0.00504758 0.00777743 2.20245e-05 0.117409 6.67136e-06 0.755934
0.221875  1766.38 0.000520473 0.000253759 0.112922 0.00492455 0.00775072 2.15473e-05 0.117667 6.51424e-06 0.755933
0.225  1772.18 0.000508743 0.000243412 0.112846 0.00480678 0.00772191 2.10947e-05 0.117913 6.36203e-06 0.755933
0.228125  1777.68 0.000497466 0.000233719 0.112777 0.00469396 0.0076913 2.06646e-05 0.118148 6.21469e-06 0.755932
0.23125  1782.9 0.000486617 0.000224623 0.112715 0.0045858 0.00765916 2.02551e-05 0.118372 6.07214e-06 0.755931
0.234375  1787.86 0.000476172 0.000216072 0.112659 0.00448202 0.00762572 1.98643e-05 0.118586 5.93428e-06 0.75593
0.2375  1792.58 0.000466112 0.000208023 0.112608 0.00438236 0.00759118 1.94909e-05 0.11879 5.80101e-06 0.755929
0.240625  1797.08 0.000456416 0.000200434 0.112561 0.0042866 0.00755572 1.91335e-05 0.118987 5.6722e-06 0.755928
0.24375  1801.36 0.000447065 0.000193269 0.112519 0.0041945 0.00751948 1.87909e-05 0.119175 5.5477e-06 0.755927
0.246875  1805.46 0.000438043 0.000186496 0.112481 0.00410588 0.00748261 1.8462e-05 0.119356 5.42737e-06 0.755926
0.25  1809.38 0.000429334 0.000180086 0.112446 0.00402055 0.00744524 1.81459e-05 0.11953 5.31108e-06 0.755926
0.25625  1816.71 0.00041281 0.000168267 0.112386 0.00385925 0.00736941 1.75498e-05 0.119858 5.09026e-06 0.755924
0.2625  1823.45 0.000397363 0.000157608 0.112337 0.00370912 0.00729265 1.69955e-05 0.120162 4.88383e-06 0.755923
0.26875  1829.67 0.000382896 0.000147957 0.112297 0.00356908 0.00721549 1.64782e-05 0.120445 4.69068e-06 0.755921
0.275  1835.43 0.000369322 0.000139188 0.112264 0.00343814 0.00713832 1.59939e-05 0.12071 4.50977e-06 0.75592
0.28125  1840.78 0.000356562 0.000131193 0.112239 0.00331549 0.00706147 1.55391e-05 0.120958 4.34014e-06 0.755919
0.2875  1845.76 0.000344549 0.00012388 0.112218 0.00320035 0.00698519 1.51109e-05 0.121191 4.18088e-06 0.755918
0.29375  1850.41 0.000333219 0.000117172 0.112203 0.00309208 0.00690965 1.47067e-05 0.121409 4.03119e-06 0.755917
0.3  1854.76 0.000322518 0.000110998 0.112192 0.00299004 0.00683497 1.43242e-05 0.121616 3.89028e-06 0.755916
0.31875  1866.21 0.000293926 9.52896e-05 0.112178 0.00271875 0.00661905 1.3298e-05 0.122165 3.51648e-06 0.755913
0.3375  1875.82 0.000269458 8.27191e-05 0.112185 0.00248789 0.00641403 1.24106e-05 0.122635 3.20014e-06 0.755911
0.35625  1884.01 0.000248318 7.24977e-05 0.112205 0.00228934 0.00622041 1.16345e-05 0.123042 2.92977e-06 0.755909
0.375  1891.06 0.000229891 6.40674e-05 0.112233 0.00211693 0.00603793 1.09495e-05 0.123397 2.69661e-06 0.755907
0.403125  1899.93 0.000206461 5.39912e-05 0.112286 0.00189855 0.00578558 1.00645e-05 0.123852 2.40359e-06 0.755905
0.43125  1907.28 0.000186885 4.61236e-05 0.112345 0.00171675 0.00555522 9.31104e-06 0.124236 2.16194e-06 0.755903
0.459375  1913.48 0.000170329 3.98642e-05 0.112405 0.00156344 0.0053447 8.6624e-06 0.124564 1.95985e-06 0.755902
0.4875  1918.75 0.000156173 3.48023e-05 0.112467 0.00143264 0.00515177 8.09897e-06 0.124847 1.7888e-06 0.755901
0.529688  1925.32 0.000138551 2.88808e-05 0.112555 0.00127017 0.00489275 7.3852e-06 0.125206 1.57803e-06 0.755899
0.571875  1930.7 0.000124143 2.43594e-05 0.11264 0.00113762 0.00466305 6.7913e-06 0.125505 1.40765e-06 0.755898
0.614063  1935.2 0.00011218 2.08291e-05 0.112718 0.00102771 0.00445817 6.29081e-06 0.125758 1.26735e-06 0.755897
0.65625  1938.98 0.000102139 1.80278e-05 0.112792 0.000935585 0.00427466 5.86624e-06 0.125975 1.15057e-06 0.755896
0.782813  1947.29 8.0422e-05 1.24938e-05 0.112976 0.000736532 0.00383398 4.93576e-06 0.12646 9.00498e-07 0.755895
0.909375  1953.01 6.58249e-05 9.20274e-06 0.113124 0.000602963 0.00349491 4.30682e-06 0.126804 7.34609e-07 0.755894
1.09922  1958.85 5.14724e-05 6.33089e-06 0.113295 0.00047169 0.00311468 3.69644e-06 0.127163 5.7298e-07 0.755893
1.28906  1962.8 4.21089e-05 4.66945e-06 0.113425 0.000386077 0.00283242 3.31297e-06 0.127413 4.68385e-07 0.755893
1.57383  1966.81 3.30791e-05 3.24128e-06 0.113569 0.000303476 0.00252429 2.96865e-06 0.127671 3.68061e-07 0.755892
1.85859  1969.44 2.7437e-05 2.44406e-06 0.113672 0.000251837 0.00230733 2.77739e-06 0.127844 3.05671e-07 0.755892
2.71289  1973.43 1.94144e-05 1.45143e-06 0.113841 0.000178328 0.00195156 2.56788e-06 0.128114 2.17343e-07 0.755892
3.99434  1976.18 1.43997e-05 9.26197e-07 0.113967 0.000132301 0.00168677 2.50998e-06 0.128304 1.62391e-07 0.755892
5.9165  1976.18 1.43997e-05 9.26197e-07 0.113967 0.000132301 0.00168677 2.50998e-06 0.128304 1.62391e-07 0.755892
