TITLE="Graphics"
VARIABLES= "x", "T1", "Y_H2_1", 
"Y_H_1", "Y_O2_1", "Y_O_1", "Y_OH_1", "Y_HO2_1", "Y_H2O_1", "Y_H2O2_1", "Y_N2_1"
0  400 0.0421812 0 0.223179 0 0 0 0 0 0.734639
0.0125  400 0.0421812 1.09754e-19 0.223179 6.57308e-16 1.78062e-17 1.01693e-12 6.76695e-15 3.73931e-21 0.734639
0.025  400 0.0421812 -8.5974e-20 0.223179 -5.24681e-16 -1.43977e-17 -3.94408e-13 -2.99379e-15 4.02972e-22 0.734639
0.0375  400 0.0421812 2.53872e-19 0.223179 1.51177e-15 4.19568e-17 1.5645e-12 1.11456e-14 4.92972e-21 0.734639
0.05  400 0.0421812 -3.63005e-19 0.223179 -2.07916e-15 -6.29544e-17 -1.15403e-12 -9.22382e-15 2.4494e-21 0.734639
0.062  400 0.0421812 7.36989e-19 0.223179 3.73428e-15 1.40163e-16 2.34312e-12 1.79798e-14 6.29059e-21 0.734639
0.074  400 0.0421813 -1.8602e-18 0.223179 -6.64129e-15 -4.24418e-16 -2.57746e-12 -2.15567e-14 8.35565e-21 0.734639
0.086  400 0.0421812 6.80434e-18 0.223179 1.18735e-14 1.8503e-15 4.34354e-12 3.4759e-14 1.09162e-20 0.734639
0.098  400 0.0421814 -6.63023e-17 0.223179 -2.11683e-14 -1.0132e-14 -5.37904e-12 -3.8995e-14 3.05138e-20 0.734639
0.0985  400 0.0421814 3.68755e-16 0.223179 -2.05483e-14 -8.83208e-15 -5.28031e-12 -3.92391e-14 3.09075e-20 0.734639
0.099  400 0.0421814 9.08113e-16 0.223179 -1.97071e-14 -7.29065e-15 -5.12917e-12 -3.91949e-14 3.12573e-20 0.734639
0.0995  400 0.0421814 1.64374e-15 0.223179 -1.8559e-14 -5.36449e-15 -4.90901e-12 -3.87779e-14 3.15525e-20 0.734639
0.1  400 0.0421814 2.70656e-15 0.223179 -1.69857e-14 -2.84223e-15 -4.5988e-12 -3.78757e-14 3.17827e-20 0.734639
0.102083  400 0.0421813 1.27409e-14 0.223179 -4.08813e-15 1.74502e-14 -2.07774e-12 -2.73264e-14 3.19467e-20 0.734639
0.104167  400 0.042181 6.76609e-14 0.22318 6.09392e-14 1.50196e-13 1.13059e-11 5.64896e-14 3.69232e-20 0.734639
0.10625  400 0.0421806 3.61154e-13 0.22318 3.91595e-13 1.06801e-12 8.27495e-11 6.49474e-13 4.02281e-19 0.73464
0.108333  400.001 0.0421797 1.92556e-12 0.22318 2.07571e-12 7.45826e-12 4.63716e-10 4.81052e-12 1.20092e-17 0.73464
0.110417  400.002 0.0421778 1.02482e-11 0.223181 1.06561e-11 5.20074e-11 2.49167e-09 3.42351e-11 3.62565e-16 0.734642
0.1125  400.007 0.0421738 5.44131e-11 0.223182 5.43725e-11 3.62724e-10 1.32624e-08 2.46905e-10 9.52494e-15 0.734644
0.114583  400.025 0.0421656 2.87985e-10 0.223185 2.77079e-10 2.5301e-09 7.02923e-08 1.86597e-09 3.21992e-13 0.73465
0.116667  400.09 0.0421485 1.51749e-09 0.22319 1.41133e-09 1.76412e-08 3.70938e-07 1.56201e-08 5.73429e-12 0.734661
0.11875  400.318 0.042113 7.94577e-09 0.223201 7.18556e-09 1.22772e-07 1.94641e-06 1.55746e-07 3.80547e-10 0.734684
0.120833  401.118 0.0420394 4.12028e-08 0.223218 3.6589e-08 8.49218e-07 9.90615e-06 1.9049e-06 -3.84529e-09 0.73473
0.121875  402.258 0.0419736 1.08863e-07 0.223216 9.70472e-08 2.79732e-06 2.92285e-05 1.15491e-05 3.35955e-07 0.734766
0.122396  403.149 0.0419306 1.74035e-07 0.223208 1.51037e-07 4.68763e-06 4.56708e-05 2.17518e-05 7.45228e-07 0.734788
0.122917  404.316 0.0418797 2.71771e-07 0.223193 2.27859e-07 7.49151e-06 6.77434e-05 3.73828e-05 1.40472e-06 0.734813
0.123437  405.841 0.0418196 4.19666e-07 0.223167 3.37967e-07 1.16553e-05 9.6576e-05 6.11661e-05 2.4474e-06 0.734841
0.123698  406.776 0.0417856 5.22431e-07 0.223149 4.11429e-07 1.44916e-05 0.000113889 7.76054e-05 3.18331e-06 0.734855
0.123958  407.841 0.0417487 6.48952e-07 0.223127 4.99795e-07 1.79358e-05 0.000133204 9.77075e-05 4.09144e-06 0.73487
0.124219  409.052 0.0417087 8.04834e-07 0.2231 6.06311e-07 2.2113e-05 0.00015455 0.000122222 5.20554e-06 0.734885
0.124479  410.427 0.0416654 9.96946e-07 0.223068 7.34953e-07 2.71711e-05 0.000177905 0.000152027 6.56402e-06 0.734901
0.12474  411.985 0.0416186 1.23369e-06 0.223029 8.90579e-07 3.3283e-05 0.000203185 0.000188147 8.21011e-06 0.734917
0.125  413.747 0.0415681 1.52533e-06 0.222983 1.0791e-06 4.06493e-05 0.000230231 0.000231764 1.01919e-05 0.734934
0.12513  414.713 0.0415413 1.69646e-06 0.222957 1.1884e-06 4.48902e-05 0.000244329 0.000256897 1.13287e-05 0.734942
0.12526  415.739 0.0415136 1.88624e-06 0.222928 1.30873e-06 4.95337e-05 0.000258771 0.000284428 1.25696e-05 0.73495
0.125391  416.827 0.0414847 2.09667e-06 0.222897 1.44121e-06 5.46134e-05 0.000273512 0.000314551 1.39218e-05 0.734958
0.125521  417.981 0.0414548 2.32991e-06 0.222864 1.58705e-06 6.01643e-05 0.000288504 0.000347475 1.53928e-05 0.734966
0.125651  419.204 0.0414238 2.58837e-06 0.222828 1.74757e-06 6.62235e-05 0.000303693 0.000383418 1.69901e-05 0.734974
0.125781  420.498 0.0413917 2.87466e-06 0.222789 1.9242e-06 7.28296e-05 0.000319022 0.000422609 1.87217e-05 0.734982
0.125911  421.868 0.0413584 3.19165e-06 0.222747 2.11847e-06 8.00226e-05 0.000334427 0.00046529 2.05952e-05 0.734989
0.126042  423.316 0.0413239 3.54246e-06 0.222701 2.33205e-06 8.7844e-05 0.000349842 0.000511713 2.26186e-05 0.734997
0.126172  424.845 0.0412882 3.9305e-06 0.222652 2.56669e-06 9.63361e-05 0.000365199 0.000562138 2.47999e-05 0.735005
0.126302  426.459 0.0412512 4.35946e-06 0.2226 2.82427e-06 0.000105542 0.000380427 0.000616838 2.71467e-05 0.735012
0.126432  428.16 0.041213 4.83334e-06 0.222543 3.10679e-06 0.000115506 0.000395454 0.000676095 2.96666e-05 0.735019
0.126562  429.953 0.0411735 5.35649e-06 0.222483 3.41634e-06 0.00012627 0.000410207 0.000740199 3.23669e-05 0.735026
0.126693  431.839 0.0411327 5.93358e-06 0.222418 3.7551e-06 0.000137878 0.000424614 0.000809447 3.52544e-05 0.735033
0.126823  433.822 0.0410905 6.56965e-06 0.222348 4.12537e-06 0.000150372 0.000438607 0.000884146 3.83353e-05 0.735039
0.126953  435.905 0.0410469 7.27009e-06 0.222274 4.52949e-06 0.000163791 0.000452117 0.000964606 4.16152e-05 0.735046
0.127083  438.09 0.041002 8.0407e-06 0.222194 4.96985e-06 0.000178174 0.000465082 0.00105114 4.50988e-05 0.735052
0.127214  440.381 0.0409556 8.88766e-06 0.222109 5.44893e-06 0.000193555 0.000477444 0.00114409 4.87898e-05 0.735057
0.127344  442.778 0.0409079 9.8175e-06 0.222018 5.96914e-06 0.000209967 0.000489149 0.00124376 5.26906e-05 0.735063
0.127474  445.285 0.0408586 1.08372e-05 0.221921 6.53294e-06 0.000227434 0.000500151 0.00135047 5.6802e-05 0.735068
0.127604  447.904 0.040808 1.1954e-05 0.221818 7.14271e-06 0.000245978 0.00051041 0.00146457 6.11234e-05 0.735073
0.127734  450.635 0.0407558 1.31756e-05 0.221708 7.80077e-06 0.000265615 0.000519893 0.00158637 6.56523e-05 0.735078
0.127865  453.482 0.0407021 1.45102e-05 0.221591 8.50934e-06 0.000286354 0.000528576 0.0017162 7.03845e-05 0.735082
0.127995  456.444 0.040647 1.59662e-05 0.221467 9.2705e-06 0.000308196 0.000536441 0.00185439 7.53135e-05 0.735086
0.128125  459.523 0.0405903 1.75522e-05 0.221336 1.00862e-05 0.000331135 0.000543481 0.00200124 8.04303e-05 0.73509
0.128255  462.72 0.0405321 1.92775e-05 0.221197 1.09581e-05 0.000355155 0.000549691 0.00215708 8.57241e-05 0.735093
0.128385  466.035 0.0404724 2.11513e-05 0.221049 1.18877e-05 0.000380234 0.000555077 0.0023222 9.11813e-05 0.735097
0.128516  469.469 0.0404111 2.31832e-05 0.220894 1.28763e-05 0.000406339 0.000559651 0.00249692 9.67859e-05 0.735099
0.128646  473.02 0.0403483 2.5383e-05 0.22073 1.39248e-05 0.000433426 0.00056343 0.00268151 0.00010252 0.735102
0.128776  476.689 0.0402839 2.77607e-05 0.220557 1.50339e-05 0.000461446 0.000566435 0.00287625 0.000108362 0.735104
0.128906  480.475 0.040218 3.03264e-05 0.220375 1.62041e-05 0.000490337 0.000568694 0.00308142 0.000114289 0.735106
0.129036  484.377 0.0401505 3.30902e-05 0.220183 1.74355e-05 0.000520028 0.000570236 0.00329727 0.000120278 0.735108
0.129167  488.393 0.0400815 3.60623e-05 0.219983 1.87278e-05 0.000550442 0.000571094 0.00352402 0.0001263 0.735109
0.129297  492.523 0.0400109 3.92527e-05 0.219772 2.00807e-05 0.000581489 0.000571303 0.00376191 0.000132327 0.73511
0.129427  496.763 0.0399388 4.26716e-05 0.219552 2.14934e-05 0.000613076 0.000570899 0.00401114 0.00013833 0.735111
0.129557  501.113 0.0398651 4.63288e-05 0.219323 2.29651e-05 0.000645101 0.000569919 0.0042719 0.000144279 0.735112
0.129688  505.57 0.0397899 5.02342e-05 0.219083 2.44948e-05 0.000677458 0.000568401 0.00454435 0.000150141 0.735112
0.129818  510.132 0.0397132 5.43972e-05 0.218833 2.60814e-05 0.000710033 0.00056638 0.00482866 0.000155887 0.735112
0.129948  514.795 0.039635 5.8827e-05 0.218574 2.77236e-05 0.000742709 0.000563894 0.00512495 0.000161484 0.735112
0.130078  519.557 0.0395552 6.35324e-05 0.218304 2.94202e-05 0.000775366 0.000560975 0.00543331 0.000166902 0.735111
0.130208  524.415 0.0394739 6.85219e-05 0.218024 3.11702e-05 0.000807885 0.00055766 0.00575385 0.000172112 0.73511
0.130339  529.366 0.0393912 7.38035e-05 0.217735 3.29727e-05 0.000840141 0.000553979 0.0060866 0.000177085 0.735109
0.130469  534.406 0.039307 7.93847e-05 0.217435 3.48268e-05 0.000872016 0.000549963 0.00643162 0.000181795 0.735108
0.130599  539.532 0.0392213 8.52727e-05 0.217126 3.67323e-05 0.000903389 0.000545641 0.00678892 0.000186216 0.735106
0.130729  544.741 0.0391342 9.1474e-05 0.216807 3.86893e-05 0.000934146 0.000541042 0.00715847 0.000190326 0.735104
0.130859  550.029 0.0390456 9.79945e-05 0.216479 4.06981e-05 0.000964173 0.00053619 0.00754026 0.000194104 0.735102
0.13099  555.392 0.0389557 0.00010484 0.216141 4.27599e-05 0.000993364 0.000531111 0.00793421 0.000197533 0.735099
0.13112  560.827 0.0388643 0.000112014 0.215794 4.48765e-05 0.00102162 0.000525827 0.00834026 0.000200597 0.735096
0.13125  566.331 0.0387715 0.000119523 0.215438 4.70503e-05 0.00104885 0.00052036 0.00875829 0.000203284 0.735093
0.13138  571.899 0.0386774 0.000127369 0.215073 4.92845e-05 0.00107497 0.000514731 0.0091882 0.000205584 0.735089
0.13151  577.527 0.0385819 0.000135555 0.214699 5.15833e-05 0.00109989 0.000508957 0.00962983 0.00020749 0.735085
0.131641  583.214 0.0384851 0.000144085 0.214317 5.39517e-05 0.00112356 0.000503057 0.010083 0.000208998 0.735081
0.131771  588.954 0.038387 0.000152959 0.213927 5.63956e-05 0.00114592 0.000497049 0.0105476 0.000210106 0.735076
0.132031  600.585 0.0381869 0.000171744 0.213122 6.15302e-05 0.00118656 0.000484753 0.0115102 0.00021113 0.735065
0.132292  612.39 0.0379818 0.00019192 0.212287 6.7063e-05 0.0012215 0.000472199 0.0125159 0.000210597 0.735052
0.132422  618.349 0.0378773 0.000202531 0.211858 7.00115e-05 0.00123679 0.000465863 0.0130343 0.000209771 0.735045
0.132552  624.342 0.0377717 0.00021349 0.211423 7.30933e-05 0.00125064 0.000459499 0.0135628 0.000208584 0.735037
0.132682  630.366 0.0376649 0.000224794 0.21098 7.63218e-05 0.00126305 0.000453117 0.0141011 0.00020705 0.735029
0.132812  636.419 0.0375569 0.000236442 0.210532 7.97114e-05 0.00127404 0.000446729 0.014649 0.000205184 0.73502
0.132943  642.498 0.0374478 0.000248432 0.210076 8.32777e-05 0.00128365 0.000440344 0.0152063 0.000203 0.735011
0.133073  648.599 0.0373375 0.000260763 0.209615 8.70371e-05 0.00129189 0.000433971 0.0157728 0.000200517 0.735001
0.133203  654.722 0.0372261 0.000273431 0.209147 9.10072e-05 0.00129882 0.000427618 0.0163481 0.000197751 0.73499
0.133333  660.862 0.0371136 0.000286436 0.208673 9.52062e-05 0.00130449 0.000421294 0.0169321 0.000194721 0.734979
0.133854  685.583 0.0366527 0.000341741 0.206721 0.000114458 0.00131512 0.000396353 0.0193512 0.000180175 0.734927
0.134375  710.435 0.0361751 0.000402191 0.204682 0.000139009 0.0013103 0.00037232 0.021893 0.000162955 0.734863
0.134896  735.323 0.0356814 0.0004676 0.202558 0.000170328 0.0012945 0.000349425 0.0245488 0.000144261 0.734785
0.135417  760.173 0.035172 0.000537787 0.200347 0.000209937 0.00127217 0.000327809 0.0273145 0.000125157 0.734694
0.135937  784.934 0.0346473 0.000612593 0.198042 0.000259336 0.00124741 0.000307536 0.0301901 0.000106525 0.734587
0.136458  809.57 0.0341074 0.00069187 0.195635 0.000319924 0.00122381 0.000288616 0.0331799 8.90332e-05 0.734465
0.136979  834.058 0.0335526 0.000775485 0.193112 0.000392934 0.00120435 0.000271015 0.0362916 7.31437e-05 0.734327
0.1375  858.381 0.032983 0.000863305 0.19046 0.000479377 0.00119146 0.000254673 0.0395355 5.91254e-05 0.734174
0.138021  882.53 0.0323988 0.000955192 0.187661 0.000579993 0.00118707 0.000239513 0.0429234 4.70826e-05 0.734008
0.138542  906.499 0.0318005 0.00105099 0.184701 0.000695221 0.00119272 0.000225447 0.0464682 3.69891e-05 0.733829
0.139063  930.282 0.0311885 0.00115051 0.181563 0.000825175 0.00120959 0.000212385 0.0501823 2.8723e-05 0.73364
0.139583  953.872 0.0305635 0.00125355 0.178232 0.00096963 0.0012386 0.000200236 0.0540768 2.21005e-05 0.733443
0.140104  977.263 0.0299263 0.00135984 0.174696 0.00112802 0.00128042 0.00018891 0.058161 1.69046e-05 0.733243
0.140625  1000.44 0.0292779 0.00146907 0.170944 0.00129945 0.00133551 0.000178324 0.0624412 1.29089e-05 0.733041
0.141146  1023.4 0.0286198 0.0015809 0.166971 0.00148269 0.00140414 0.0001684 0.0669205 9.89509e-06 0.732842
0.141667  1046.12 0.0279535 0.00169491 0.162774 0.00167621 0.00148639 0.000159065 0.0715979 7.66418e-06 0.73265
0.142188  1068.58 0.0272806 0.00181066 0.158356 0.00187822 0.00158213 0.000150255 0.0764681 6.04307e-06 0.732468
0.142708  1090.76 0.0266032 0.00192766 0.153724 0.00208668 0.00169105 0.000141913 0.0815217 4.88678e-06 0.732299
0.143229  1112.64 0.0259233 0.00204537 0.148889 0.00229939 0.00181264 0.000133989 0.0867448 4.0778e-06 0.732147
0.14375  1134.18 0.0252434 0.00216323 0.14387 0.00251398 0.00194619 0.000126441 0.0921194 3.52367e-06 0.732014
0.144271  1155.36 0.0245657 0.00228067 0.138686 0.00272802 0.00209085 0.000119234 0.0976237 3.15344e-06 0.731903
0.144792  1176.16 0.0238928 0.0023971 0.133363 0.00293907 0.00224559 0.000112339 0.103233 2.91391e-06 0.731814
0.145313  1196.55 0.0232271 0.00251192 0.127931 0.00314474 0.00240924 0.000105735 0.108919 2.766e-06 0.731749
0.145833  1216.5 0.0225712 0.00262457 0.122418 0.00334273 0.00258054 9.94045e-05 0.114654 2.68146e-06 0.731707
0.146354  1235.98 0.0219274 0.00273449 0.116859 0.00353095 0.00275817 9.33355e-05 0.120405 2.6402e-06 0.731689
0.146875  1254.98 0.0212981 0.00284116 0.111286 0.00370751 0.00294076 8.75198e-05 0.126143 2.62806e-06 0.731693
0.147396  1273.48 0.0206855 0.00294411 0.105733 0.0038708 0.00312695 8.19524e-05 0.131838 2.6352e-06 0.731718
0.147917  1291.45 0.0200914 0.00304291 0.10023 0.0040195 0.00331542 7.66301e-05 0.137459 2.65479e-06 0.731762
0.148438  1308.9 0.0195177 0.00313719 0.0948097 0.00415264 0.00350489 7.15516e-05 0.14298 2.68213e-06 0.731823
0.148958  1325.8 0.0189658 0.00322664 0.0894991 0.00426955 0.0036942 6.6716e-05 0.148375 2.71397e-06 0.7319
0.149479  1342.16 0.018437 0.003311 0.0843238 0.00436991 0.00388224 6.21227e-05 0.153622 2.74809e-06 0.731989
0.15  1357.97 0.0179323 0.00339009 0.0793062 0.00445371 0.00406803 5.77704e-05 0.158701 2.78297e-06 0.732088
0.151042  1387.96 0.0169968 0.00353221 0.069794 0.0045727 0.00443042 4.97725e-05 0.168311 2.85196e-06 0.732311
0.152083  1415.82 0.0161633 0.00365238 0.061094 0.00463191 0.0047755 4.27084e-05 0.177088 2.91551e-06 0.732549
0.153125  1441.63 0.0154309 0.00375104 0.0532619 0.00463951 0.00510008 3.65362e-05 0.184988 2.97198e-06 0.732789
0.154167  1465.5 0.0147957 0.00382928 0.0463077 0.00460525 0.00540243 3.11975e-05 0.192003 3.021e-06 0.733022
0.155208  1487.58 0.0142515 0.00388863 0.0402065 0.00453927 0.00568195 2.66218e-05 0.198162 3.06278e-06 0.73324
0.15625  1508.01 0.0137907 0.00393089 0.034908 0.00445113 0.00593884 2.27313e-05 0.203515 3.09779e-06 0.733439
0.157292  1526.94 0.0134051 0.00395802 0.030346 0.00434919 0.00617386 1.9446e-05 0.208128 3.1265e-06 0.733617
0.158333  1544.52 0.0130858 0.00397198 0.026446 0.00424033 0.00638812 1.66875e-05 0.212073 3.14942e-06 0.733775
0.159375  1560.87 0.0128246 0.00397467 0.0231316 0.00412982 0.00658292 1.43817e-05 0.215428 3.16696e-06 0.733911
0.160417  1576.13 0.0126133 0.00396788 0.0203279 0.00402143 0.00675966 1.24609e-05 0.218265 3.17951e-06 0.734029
0.161458  1590.41 0.0124447 0.00395323 0.0179648 0.00391768 0.00691976 1.08648e-05 0.220656 3.18745e-06 0.73413
0.1625  1603.82 0.012312 0.00393216 0.0159785 0.00382001 0.00706465 9.54015e-06 0.222665 3.19112e-06 0.734215
0.163542  1616.45 0.0122095 0.00390596 0.0143119 0.00372909 0.00719567 8.44147e-06 0.22435 3.19084e-06 0.734287
0.164583  1628.37 0.012132 0.00387571 0.0129149 0.00364502 0.0073141 7.52981e-06 0.225761 3.18694e-06 0.734347
0.165625  1639.67 0.0120752 0.00384236 0.0117442 0.00356754 0.00742115 6.77238e-06 0.226942 3.17972e-06 0.734397
0.166667  1650.41 0.0120352 0.00380668 0.0107626 0.00349616 0.00751791 6.14178e-06 0.227933 3.16949e-06 0.734439
0.167708  1660.64 0.0120089 0.00376934 0.0099385 0.00343028 0.0076054 5.61526e-06 0.228764 3.15655e-06 0.734474
0.16875  1670.4 0.0119937 0.00373086 0.00924525 0.00336926 0.00768452 5.17402e-06 0.229465 3.14115e-06 0.734503
0.169792  1679.74 0.0119874 0.00369169 0.00866048 0.00331249 0.0077561 4.80261e-06 0.230056 3.12357e-06 0.734528
0.170833  1688.7 0.0119881 0.00365219 0.00816549 0.00325938 0.00782087 4.48838e-06 0.230559 3.10404e-06 0.734547
0.171875  1697.31 0.0119945 0.00361263 0.00774472 0.00320942 0.00787949 4.22097e-06 0.230988 3.0828e-06 0.734564
0.172917  1705.59 0.0120051 0.00357324 0.00738528 0.00316216 0.00793256 3.99195e-06 0.231357 3.06005e-06 0.734578
0.173958  1713.57 0.0120191 0.0035342 0.00707649 0.00311722 0.0079806 3.79443e-06 0.231677 3.03598e-06 0.734589
0.175  1721.27 0.0120356 0.00349564 0.00680953 0.00307426 0.00802408 3.62282e-06 0.231956 3.01078e-06 0.734598
0.176042  1728.71 0.012054 0.00345765 0.00657714 0.00303303 0.00806341 3.47257e-06 0.232203 2.9846e-06 0.734606
0.177083  1735.91 0.0120738 0.00342032 0.00637331 0.0029933 0.00809896 3.33998e-06 0.232422 2.95759e-06 0.734612
0.178125  1742.89 0.0120945 0.00338369 0.00619312 0.00295488 0.00813106 3.22201e-06 0.232619 2.92989e-06 0.734617
0.179167  1749.65 0.0121159 0.0033478 0.00603247 0.00291762 0.00816002 3.1162e-06 0.232799 2.90161e-06 0.734621
0.18125  1762.57 0.0121595 0.0032783 0.00575949 0.0028462 0.00820931 2.93459e-06 0.233113 2.84368e-06 0.734628
0.183333  1774.77 0.0122031 0.00321189 0.00553175 0.0027782 0.00824881 2.78187e-06 0.233388 2.78461e-06 0.734632
0.185417  1786.32 0.0122458 0.00314852 0.00533621 0.00271316 0.00827994 2.65027e-06 0.233636 2.72494e-06 0.734635
0.1875  1797.29 0.012287 0.00308806 0.00516404 0.00265074 0.00830386 2.53451e-06 0.233863 2.66516e-06 0.734638
0.189583  1807.72 0.0123265 0.00303037 0.00500925 0.00259071 0.00832152 2.43094e-06 0.234077 2.60562e-06 0.734639
0.191667  1817.66 0.0123643 0.00297528 0.00486771 0.0025329 0.00833373 2.33703e-06 0.234281 2.54662e-06 0.73464
0.19375  1827.15 0.0124003 0.00292265 0.00473661 0.00247717 0.00834115 2.25099e-06 0.234476 2.48837e-06 0.734641
0.195833  1836.23 0.0124345 0.0028723 0.00461396 0.00242341 0.00834435 2.1715e-06 0.234665 2.43106e-06 0.734642
0.197917  1844.92 0.012467 0.00282409 0.00449835 0.00237152 0.00834382 2.09759e-06 0.234849 2.37481e-06 0.734642
0.2  1853.25 0.012498 0.00277787 0.00438875 0.00232141 0.00834 2.02852e-06 0.235027 2.31974e-06 0.734642
0.20625  1876.25 0.0125822 0.00265031 0.00409064 0.00218132 0.00831183 1.84579e-06 0.235537 2.16243e-06 0.734643
0.2125  1896.8 0.0126555 0.00253654 0.00382765 0.00205456 0.00826471 1.69112e-06 0.236014 2.017e-06 0.734643
0.21875  1915.31 0.01272 0.00243425 0.00359315 0.0019395 0.00820388 1.55825e-06 0.236462 1.88335e-06 0.734643
0.225  1932.1 0.0127773 0.0023416 0.00338255 0.00183472 0.00813313 1.44284e-06 0.236884 1.76096e-06 0.734643
0.23125  1947.42 0.0128287 0.00225719 0.00319235 0.001739 0.00805528 1.34169e-06 0.237281 1.64907e-06 0.734643
0.2375  1961.46 0.0128749 0.00217984 0.00301977 0.00165128 0.00797239 1.25237e-06 0.237656 1.54681e-06 0.734643
0.24375  1974.41 0.012917 0.00210862 0.0028625 0.00157067 0.00788604 1.17298e-06 0.238009 1.45332e-06 0.734643
0.25  1986.39 0.0129554 0.00204275 0.00271865 0.00149636 0.00779742 1.102e-06 0.238344 1.36777e-06 0.734643
0.2625  2007.81 0.0130229 0.00192505 0.00246585 0.00136449 0.00761739 9.80987e-07 0.23896 1.21794e-06 0.734643
0.275  2026.53 0.0130808 0.00182222 0.00225006 0.00125072 0.00743688 8.81385e-07 0.239515 1.09127e-06 0.734642
0.2875  2043.08 0.0131312 0.00173141 0.00206397 0.00115172 0.00725886 7.9819e-07 0.240019 9.83426e-07 0.734642
0.3  2057.82 0.0131756 0.00165041 0.00190206 0.00106485 0.00708475 7.27832e-07 0.240479 8.9097e-07 0.734641
0.3375  2093.4 0.013281 0.00145489 0.00152841 0.000862153 0.00660375 5.72555e-07 0.241628 6.84063e-07 0.73464
0.375  2120.64 0.0133605 0.00130479 0.00126042 0.000714914 0.00617365 4.67268e-07 0.242546 5.4278e-07 0.734639
0.43125  2151.4 0.0134497 0.00113556 0.00098115 0.000559885 0.00562385 3.62769e-07 0.243611 4.03114e-07 0.734638
0.4875  2174.41 0.0135164 0.00100813 0.000788898 0.000452132 0.00516198 2.93807e-07 0.244435 3.12309e-07 0.734637
0.571875  2199.99 0.0135912 0.000866921 0.000595947 0.000343209 0.00460229 2.2673e-07 0.245364 2.25999e-07 0.734636
0.65625  2218.54 0.0136457 0.00076344 0.000469339 0.000271145 0.00415842 1.83604e-07 0.246056 1.72345e-07 0.734636
0.909375  2251.58 0.0137446 0.000577864 0.000276055 0.000160375 0.00329106 1.18028e-07 0.247315 9.56255e-08 0.734635
1.28906  2277.11 0.0138236 0.000433806 0.000158348 9.25239e-05 0.00255439 7.66225e-08 0.248303 5.25071e-08 0.734634
1.85859  2295.16 0.0138809 0.000330821 9.30086e-05 5.46735e-05 0.00199334 5.16258e-08 0.249013 2.99938e-08 0.734634
2.71289  2308.65 0.0139251 0.000254232 5.51742e-05 3.26623e-05 0.00155788 3.53823e-08 0.249541 1.74928e-08 0.734634
3.99434  2308.65 0.0139251 0.000254232 5.51742e-05 3.26623e-05 0.00155788 3.53823e-08 0.249541 1.74928e-08 0.734634
