TITLE="Graphics"
VARIABLES= "x", "T1", "Y_H2_1", 
"Y_H_1", "Y_O2_1", "Y_O_1", "Y_OH_1", "Y_HO2_1", "Y_H2O_1", "Y_H2O2_1", "Y_N2_1"
0  400 0.0394802 0 0.223809 0 0 0 0 0 0.736711
0.0125  400 0.0394802 1.29937e-19 0.223809 8.29525e-16 2.24829e-17 1.00372e-12 8.86273e-15 3.64221e-21 0.736711
0.025  400 0.0394802 -1.01812e-19 0.223809 -6.61141e-16 -1.8193e-17 -3.89636e-13 -3.93547e-15 4.30658e-22 0.736711
0.0375  400 0.0394802 3.01337e-19 0.223809 1.90795e-15 5.32224e-17 1.54485e-12 1.46202e-14 4.79863e-21 0.736711
0.05  400 0.0394802 -4.3375e-19 0.223809 -2.62134e-15 -8.08656e-17 -1.14043e-12 -1.2143e-14 2.54077e-21 0.736711
0.062  400 0.0394802 8.94467e-19 0.223809 4.71176e-15 1.84418e-16 2.31477e-12 2.36389e-14 6.14848e-21 0.736711
0.074  400 0.0394802 -2.31957e-18 0.223809 -8.37734e-15 -5.75997e-16 -2.54777e-12 -2.84182e-14 8.58412e-21 0.736711
0.086  400 0.0394801 8.64471e-18 0.223809 1.49816e-14 2.54603e-15 4.29214e-12 4.57599e-14 1.08142e-20 0.736711
0.098  400 0.0394804 -7.01476e-17 0.223809 -2.6709e-14 -1.38486e-14 -5.31306e-12 -5.1209e-14 3.11283e-20 0.736711
0.0985  400 0.0394804 3.37528e-16 0.223809 -2.59267e-14 -1.21005e-14 -5.2159e-12 -5.15494e-14 3.15312e-20 0.736711
0.099  400 0.0394804 8.44559e-16 0.223809 -2.48653e-14 -1.00281e-14 -5.06684e-12 -5.1513e-14 3.18893e-20 0.736711
0.0995  400 0.0394803 1.53945e-15 0.223809 -2.34173e-14 -7.44089e-15 -4.84923e-12 -5.09901e-14 3.21915e-20 0.736711
0.1  400 0.0394803 2.54874e-15 0.223809 -2.14342e-14 -4.05846e-15 -4.54197e-12 -4.98345e-14 3.2427e-20 0.736711
0.102083  400 0.0394802 1.21624e-14 0.223809 -5.19424e-15 2.30531e-14 -2.03611e-12 -3.61755e-14 3.25923e-20 0.736711
0.104167  400 0.0394799 6.55868e-14 0.223809 7.62323e-14 1.98169e-13 1.1473e-11 7.17672e-14 3.79657e-20 0.736711
0.10625  400 0.0394794 3.55295e-13 0.223809 4.87901e-13 1.39507e-12 8.46617e-11 8.27674e-13 4.36707e-19 0.736712
0.108333  400.001 0.0394783 1.92201e-12 0.223809 2.57254e-12 9.63465e-12 4.80645e-10 6.07647e-12 1.34473e-17 0.736712
0.110417  400.002 0.039476 1.03764e-11 0.22381 1.31321e-11 6.64287e-11 2.6189e-09 4.28379e-11 4.17312e-16 0.736714
0.1125  400.007 0.0394714 5.58738e-11 0.223812 6.66211e-11 4.58071e-10 1.41365e-08 3.06635e-10 1.13152e-14 0.736717
0.114583  400.027 0.0394619 2.99831e-10 0.223815 3.3753e-10 3.15897e-09 7.59731e-08 2.31113e-09 3.91804e-13 0.736723
0.116667  400.097 0.0394423 1.60155e-09 0.223821 1.70921e-09 2.17758e-08 4.06441e-07 1.94523e-08 7.30232e-12 0.736736
0.11875  400.348 0.0394021 8.49908e-09 0.223833 8.65113e-09 1.49823e-07 2.16166e-06 1.964e-07 4.87294e-10 0.736763
0.120833  401.243 0.0393198 4.46552e-08 0.223851 4.37969e-08 1.02453e-06 1.11044e-05 2.42487e-06 -4.80944e-09 0.736814
0.121354  401.819 0.039286 7.72126e-08 0.22385 7.53223e-08 2.03077e-06 2.07145e-05 7.65695e-06 1.83128e-07 0.736833
0.121875  402.579 0.039246 1.2506e-07 0.223845 1.19758e-07 3.51084e-06 3.41616e-05 1.57455e-05 4.93848e-07 0.736855
0.122396  403.58 0.0391987 1.96989e-07 0.223835 1.82711e-07 5.70223e-06 5.25032e-05 2.8181e-05 9.99939e-07 0.736879
0.122917  404.894 0.039143 3.0628e-07 0.223816 2.72495e-07 8.95701e-06 7.68927e-05 4.71832e-05 1.80986e-06 0.736906
0.123177  405.704 0.0391114 3.82527e-07 0.223802 3.32145e-07 1.11781e-05 9.17756e-05 6.03741e-05 2.38779e-06 0.73692
0.123437  406.627 0.0390772 4.76646e-07 0.223785 4.03722e-07 1.38795e-05 0.000108558 7.65498e-05 3.10576e-06 0.736935
0.123698  407.681 0.0390401 5.92933e-07 0.223764 4.89807e-07 1.71632e-05 0.000127322 9.63399e-05 3.99274e-06 0.73695
0.123958  408.88 0.039 7.36667e-07 0.223738 5.93565e-07 2.11503e-05 0.000148109 0.000120486 5.08201e-06 0.736966
0.124089  409.542 0.0389787 8.21274e-07 0.223723 6.53538e-07 2.34618e-05 0.00015926 0.000134522 5.71685e-06 0.736974
0.124219  410.247 0.0389566 9.15316e-07 0.223706 7.19467e-07 2.60053e-05 0.000170907 0.000149988 6.41695e-06 0.736982
0.124349  410.998 0.0389336 1.01984e-06 0.223688 7.91975e-07 2.88028e-05 0.00018304 0.000167016 7.1878e-06 0.73699
0.124479  411.798 0.0389097 1.13602e-06 0.223668 8.71752e-07 3.18779e-05 0.000195642 0.000185745 8.03519e-06 0.736999
0.124609  412.649 0.0388849 1.26512e-06 0.223647 9.59557e-07 3.52559e-05 0.000208693 0.000206328 8.96519e-06 0.737007
0.12474  413.554 0.0388591 1.40858e-06 0.223623 1.05623e-06 3.89643e-05 0.000222168 0.000228927 9.98415e-06 0.737015
0.12487  414.516 0.0388323 1.56795e-06 0.223598 1.16268e-06 4.3032e-05 0.000236034 0.000253715 1.10987e-05 0.737024
0.125  415.539 0.0388046 1.74496e-06 0.22357 1.27992e-06 4.74903e-05 0.000250256 0.000280876 1.23158e-05 0.737032
0.125065  416.074 0.0387903 1.8408e-06 0.223555 1.343e-06 4.98784e-05 0.000257485 0.00029542 1.29655e-05 0.737036
0.12513  416.625 0.0387758 1.94178e-06 0.223539 1.40921e-06 5.23767e-05 0.000264787 0.000310631 1.36435e-05 0.73704
0.125195  417.192 0.038761 2.04817e-06 0.223523 1.47869e-06 5.49896e-05 0.000272155 0.000326536 1.43507e-05 0.737044
0.12526  417.777 0.0387459 2.16024e-06 0.223507 1.5516e-06 5.77217e-05 0.000279584 0.000343162 1.50881e-05 0.737048
0.125326  418.379 0.0387305 2.2783e-06 0.223489 1.62811e-06 6.05775e-05 0.000287066 0.000360535 1.58567e-05 0.737052
0.125391  418.999 0.0387149 2.40265e-06 0.223471 1.70839e-06 6.35619e-05 0.000294595 0.000378685 1.66573e-05 0.737056
0.125456  419.637 0.038699 2.53361e-06 0.223452 1.79263e-06 6.66797e-05 0.000302163 0.00039764 1.7491e-05 0.73706
0.125521  420.293 0.0386828 2.67152e-06 0.223433 1.88102e-06 6.99359e-05 0.000309764 0.00041743 1.83587e-05 0.737064
0.125586  420.969 0.0386663 2.81673e-06 0.223413 1.97374e-06 7.33355e-05 0.000317388 0.000438085 1.92614e-05 0.737068
0.125651  421.663 0.0386496 2.9696e-06 0.223392 2.071e-06 7.68836e-05 0.000325028 0.000459636 2.02001e-05 0.737072
0.125716  422.378 0.0386325 3.13053e-06 0.22337 2.17301e-06 8.05856e-05 0.000332676 0.000482115 2.11757e-05 0.737076
0.125781  423.113 0.0386152 3.29992e-06 0.223347 2.27999e-06 8.44466e-05 0.000340323 0.000505554 2.21892e-05 0.73708
0.125846  423.869 0.0385975 3.47817e-06 0.223323 2.39216e-06 8.84721e-05 0.000347961 0.000529987 2.32416e-05 0.737084
0.125911  424.645 0.0385795 3.66574e-06 0.223299 2.50975e-06 9.26674e-05 0.000355581 0.000555446 2.43338e-05 0.737087
0.125977  425.443 0.0385613 3.86307e-06 0.223273 2.633e-06 9.70381e-05 0.000363174 0.000581967 2.54669e-05 0.737091
0.126042  426.263 0.0385427 4.07064e-06 0.223247 2.76217e-06 0.00010159 0.00037073 0.000609583 2.66416e-05 0.737095
0.126107  427.106 0.0385238 4.28894e-06 0.22322 2.89749e-06 0.000106327 0.000378242 0.00063833 2.78591e-05 0.737098
0.126172  427.971 0.0385046 4.5185e-06 0.223191 3.03924e-06 0.000111257 0.0003857 0.000668245 2.91202e-05 0.737102
0.126237  428.859 0.0384851 4.75984e-06 0.223162 3.18768e-06 0.000116384 0.000393094 0.000699363 3.04257e-05 0.737106
0.126302  429.77 0.0384652 5.01352e-06 0.223132 3.34308e-06 0.000121714 0.000400416 0.000731721 3.17765e-05 0.737109
0.126367  430.706 0.038445 5.28011e-06 0.2231 3.50572e-06 0.000127252 0.000407657 0.000765358 3.31735e-05 0.737112
0.126432  431.665 0.0384245 5.56023e-06 0.223068 3.6759e-06 0.000133004 0.000414808 0.00080031 3.46174e-05 0.737116
0.126497  432.65 0.0384037 5.85448e-06 0.223034 3.85389e-06 0.000138975 0.00042186 0.000836616 3.61091e-05 0.737119
0.126562  433.659 0.0383825 6.16352e-06 0.222999 4.03999e-06 0.00014517 0.000428804 0.000874315 3.76492e-05 0.737122
0.126628  434.694 0.038361 6.488e-06 0.222963 4.23452e-06 0.000151594 0.000435632 0.000913445 3.92383e-05 0.737126
0.126693  435.754 0.0383391 6.82864e-06 0.222925 4.43776e-06 0.000158253 0.000442335 0.000954047 4.08772e-05 0.737129
0.126758  436.84 0.0383169 7.18612e-06 0.222887 4.65003e-06 0.000165151 0.000448907 0.000996159 4.25663e-05 0.737132
0.126823  437.953 0.0382944 7.5612e-06 0.222847 4.87165e-06 0.000172293 0.000455339 0.00103982 4.43061e-05 0.737135
0.126888  439.093 0.0382715 7.95464e-06 0.222805 5.10291e-06 0.000179683 0.000461623 0.00108507 4.60971e-05 0.737138
0.126953  440.259 0.0382483 8.36722e-06 0.222763 5.34414e-06 0.000187326 0.000467754 0.00113196 4.79396e-05 0.73714
0.127018  441.453 0.0382247 8.79976e-06 0.222719 5.59566e-06 0.000195225 0.000473723 0.00118051 4.98338e-05 0.737143
0.127083  442.675 0.0382007 9.25308e-06 0.222673 5.85777e-06 0.000203384 0.000479525 0.00123078 5.178e-05 0.737146
0.127148  443.925 0.0381764 9.72808e-06 0.222626 6.1308e-06 0.000211807 0.000485155 0.0012828 5.37782e-05 0.737148
0.127214  445.202 0.0381517 1.02256e-05 0.222577 6.41506e-06 0.000220497 0.000490606 0.00133662 5.58285e-05 0.737151
0.127279  446.509 0.0381267 1.07466e-05 0.222527 6.71086e-06 0.000229456 0.000495874 0.00139227 5.79307e-05 0.737153
0.127344  447.843 0.0381013 1.12919e-05 0.222475 7.01848e-06 0.000238688 0.000500954 0.0014498 6.00844e-05 0.737156
0.127409  449.207 0.0380756 1.18626e-05 0.222422 7.33825e-06 0.000248193 0.000505841 0.00150924 6.22895e-05 0.737158
0.127474  450.6 0.0380495 1.24595e-05 0.222367 7.67045e-06 0.000257974 0.000510534 0.00157063 6.45454e-05 0.73716
0.127539  452.022 0.038023 1.30838e-05 0.22231 8.01537e-06 0.000268032 0.000515028 0.00163402 6.68516e-05 0.737162
0.127604  453.474 0.0379961 1.37363e-05 0.222251 8.37329e-06 0.000278367 0.00051932 0.00169945 6.92072e-05 0.737164
0.127669  454.955 0.0379689 1.44183e-05 0.222191 8.74449e-06 0.00028898 0.000523409 0.00176696 7.16115e-05 0.737166
0.127734  456.466 0.0379413 1.51306e-05 0.222128 9.12922e-06 0.00029987 0.000527294 0.00183658 7.40634e-05 0.737168
0.127799  458.007 0.0379133 1.58745e-05 0.222064 9.52773e-06 0.000311037 0.000530972 0.00190836 7.65619e-05 0.73717
0.127865  459.578 0.0378849 1.6651e-05 0.221998 9.94026e-06 0.000322479 0.000534443 0.00198233 7.91055e-05 0.737172
0.12793  461.179 0.0378562 1.74612e-05 0.22193 1.0367e-05 0.000334195 0.000537708 0.00205853 8.16929e-05 0.737173
0.127995  462.81 0.0378271 1.83063e-05 0.221861 1.08083e-05 0.000346183 0.000540766 0.002137 8.43226e-05 0.737175
0.12806  464.471 0.0377976 1.91874e-05 0.221789 1.12642e-05 0.000358439 0.000543618 0.00221779 8.69926e-05 0.737176
0.128125  466.163 0.0377677 2.01057e-05 0.221715 1.1735e-05 0.000370959 0.000546264 0.00230092 8.97013e-05 0.737178
0.12819  467.884 0.0377375 2.10624e-05 0.221639 1.22207e-05 0.000383741 0.000548708 0.00238643 9.24464e-05 0.737179
0.128255  469.636 0.0377069 2.20587e-05 0.221561 1.27217e-05 0.000396778 0.00055095 0.00247436 9.52259e-05 0.73718
0.12832  471.418 0.0376759 2.30957e-05 0.22148 1.32379e-05 0.000410067 0.000552992 0.00256474 9.80374e-05 0.737182
0.128385  473.231 0.0376445 2.41748e-05 0.221398 1.37695e-05 0.0004236 0.000554837 0.00265762 0.000100878 0.737183
0.128451  475.073 0.0376127 2.52971e-05 0.221313 1.43167e-05 0.000437372 0.000556488 0.00275301 0.000103746 0.737184
0.128516  476.945 0.0375805 2.64639e-05 0.221227 1.48795e-05 0.000451375 0.000557949 0.00285097 0.000106638 0.737185
0.128581  478.847 0.037548 2.76765e-05 0.221138 1.54579e-05 0.000465602 0.000559222 0.00295151 0.000109552 0.737185
0.128646  480.779 0.0375151 2.89359e-05 0.221046 1.6052e-05 0.000480045 0.000560311 0.00305467 0.000112483 0.737186
0.128711  482.741 0.0374818 3.02437e-05 0.220953 1.66619e-05 0.000494694 0.000561219 0.00316049 0.000115429 0.737187
0.128776  484.732 0.0374481 3.16008e-05 0.220857 1.72875e-05 0.000509541 0.000561952 0.00326898 0.000118388 0.737187
0.128841  486.752 0.037414 3.30088e-05 0.220758 1.79289e-05 0.000524576 0.000562513 0.00338019 0.000121354 0.737188
0.128906  488.802 0.0373795 3.44687e-05 0.220658 1.8586e-05 0.000539787 0.000562906 0.00349414 0.000124326 0.737188
0.128971  490.88 0.0373447 3.59818e-05 0.220555 1.92588e-05 0.000555165 0.000563136 0.00361085 0.000127299 0.737189
0.129036  492.987 0.0373095 3.75494e-05 0.220449 1.99472e-05 0.000570697 0.000563207 0.00373036 0.000130269 0.737189
0.129102  495.123 0.0372739 3.91726e-05 0.220342 2.06512e-05 0.000586373 0.000563124 0.00385268 0.000133234 0.737189
0.129167  497.287 0.0372379 4.08529e-05 0.220231 2.13707e-05 0.000602178 0.000562891 0.00397784 0.000136189 0.73719
0.129232  499.478 0.0372015 4.25911e-05 0.220119 2.21055e-05 0.000618101 0.000562514 0.00410586 0.00013913 0.73719
0.129297  501.698 0.0371647 4.43888e-05 0.220003 2.28557e-05 0.000634128 0.000561996 0.00423677 0.000142054 0.73719
0.129362  503.944 0.0371276 4.62469e-05 0.219886 2.3621e-05 0.000650246 0.000561343 0.00437058 0.000144956 0.73719
0.129427  506.218 0.0370901 4.81668e-05 0.219766 2.44014e-05 0.000666441 0.000560559 0.00450731 0.000147833 0.737189
0.129492  508.518 0.0370522 5.01496e-05 0.219643 2.51968e-05 0.000682698 0.000559649 0.00464699 0.000150682 0.737189
0.129557  510.844 0.037014 5.21964e-05 0.219518 2.6007e-05 0.000699005 0.000558617 0.00478963 0.000153497 0.737189
0.129622  513.197 0.0369753 5.43083e-05 0.219391 2.6832e-05 0.000715345 0.000557467 0.00493524 0.000156275 0.737189
0.129688  515.575 0.0369363 5.64864e-05 0.219261 2.76715e-05 0.000731704 0.000556206 0.00508384 0.000159013 0.737188
0.129753  517.978 0.0368969 5.87319e-05 0.219128 2.85255e-05 0.000748068 0.000554835 0.00523544 0.000161707 0.737188
0.129818  520.407 0.0368571 6.10458e-05 0.218993 2.93938e-05 0.00076442 0.000553361 0.00539005 0.000164352 0.737187
0.129883  522.859 0.036817 6.3429e-05 0.218856 3.02765e-05 0.000780746 0.000551787 0.00554768 0.000166946 0.737186
0.129948  525.336 0.0367765 6.58827e-05 0.218716 3.11733e-05 0.00079703 0.000550117 0.00570834 0.000169484 0.737186
0.130013  527.837 0.0367356 6.84077e-05 0.218573 3.20841e-05 0.000813257 0.000548355 0.00587203 0.000171963 0.737185
0.130078  530.36 0.0366944 7.1005e-05 0.218428 3.3009e-05 0.000829413 0.000546506 0.00603877 0.00017438 0.737184
0.130143  532.907 0.0366528 7.36756e-05 0.218281 3.39479e-05 0.000845481 0.000544572 0.00620856 0.000176732 0.737183
0.130208  535.476 0.0366108 7.64203e-05 0.218131 3.49007e-05 0.000861447 0.000542559 0.00638139 0.000179015 0.737182
0.130273  538.067 0.0365685 7.924e-05 0.217979 3.58675e-05 0.000877296 0.000540469 0.00655727 0.000181227 0.737181
0.130339  540.679 0.0365258 8.21355e-05 0.217824 3.68482e-05 0.000893013 0.000538306 0.0067362 0.000183364 0.73718
0.130404  543.312 0.0364828 8.51076e-05 0.217667 3.7843e-05 0.000908583 0.000536073 0.00691817 0.000185423 0.737179
0.130469  545.966 0.0364394 8.8157e-05 0.217508 3.88519e-05 0.000923994 0.000533774 0.00710319 0.000187403 0.737177
0.130534  548.64 0.0363956 9.12844e-05 0.217346 3.9875e-05 0.00093923 0.000531412 0.00729125 0.000189301 0.737176
0.130599  551.334 0.0363515 9.44906e-05 0.217182 4.09125e-05 0.000954277 0.00052899 0.00748234 0.000191113 0.737174
0.130664  554.047 0.036307 9.77762e-05 0.217016 4.19646e-05 0.000969124 0.000526511 0.00767646 0.000192839 0.737173
0.130729  556.779 0.0362622 0.000101142 0.216847 4.30315e-05 0.000983757 0.000523978 0.00787359 0.000194477 0.737171
0.130794  559.528 0.036217 0.000104588 0.216676 4.41135e-05 0.000998162 0.000521395 0.00807373 0.000196023 0.737169
0.130859  562.296 0.0361715 0.000108115 0.216502 4.5211e-05 0.00101233 0.000518762 0.00827686 0.000197478 0.737167
0.130924  565.081 0.0361257 0.000111724 0.216327 4.63242e-05 0.00102625 0.000516084 0.00848297 0.000198839 0.737165
0.13099  567.883 0.0360795 0.000115415 0.216149 4.74538e-05 0.0010399 0.000513364 0.00869206 0.000200105 0.737163
0.131055  570.702 0.0360329 0.000119188 0.215969 4.86e-05 0.00105329 0.000510602 0.00890409 0.000201275 0.737161
0.13112  573.536 0.0359861 0.000123045 0.215787 4.97636e-05 0.00106639 0.000507802 0.00911906 0.000202348 0.737159
0.131185  576.386 0.0359389 0.000126984 0.215602 5.0945e-05 0.0010792 0.000504967 0.00933695 0.000203323 0.737157
0.13125  579.251 0.0358913 0.000131007 0.215416 5.21449e-05 0.00109172 0.000502098 0.00955774 0.0002042 0.737154
0.131315  582.13 0.0358435 0.000135115 0.215227 5.33641e-05 0.00110392 0.000499198 0.00978141 0.000204978 0.737152
0.13138  585.023 0.0357953 0.000139306 0.215036 5.46033e-05 0.00111581 0.000496269 0.0100079 0.000205657 0.737149
0.13151  590.851 0.0356979 0.000147941 0.214649 5.71443e-05 0.00113862 0.000490329 0.0104695 0.000206719 0.737143
0.131641  596.73 0.0355992 0.000156914 0.214253 5.97761e-05 0.00116009 0.000484297 0.0109422 0.000207385 0.737137
0.131771  602.657 0.0354993 0.000166227 0.21385 6.25077e-05 0.00118018 0.000478187 0.0114258 0.000207659 0.73713
0.131901  608.627 0.0353981 0.00017588 0.213439 6.53485e-05 0.00119886 0.000472013 0.0119203 0.000207547 0.737123
0.132031  614.639 0.0352957 0.000185873 0.21302 6.83096e-05 0.00121611 0.000465788 0.0124252 0.000207058 0.737116
0.132161  620.688 0.0351921 0.000196206 0.212595 7.14028e-05 0.00123193 0.000459525 0.0129405 0.0002062 0.737108
0.132292  626.772 0.0350873 0.000206877 0.212162 7.46413e-05 0.00124632 0.000453235 0.0134659 0.000204985 0.737099
0.132357  629.826 0.0350344 0.00021234 0.211943 7.63205e-05 0.00125297 0.000450084 0.0137323 0.000204249 0.737094
0.132422  632.887 0.0349813 0.000217886 0.211723 7.80415e-05 0.00125928 0.00044693 0.0140011 0.000203428 0.73709
0.132487  635.956 0.0349278 0.000223517 0.2115 7.98061e-05 0.00126523 0.000443774 0.0142723 0.000202526 0.737085
0.132552  639.031 0.0348741 0.000229231 0.211277 8.16165e-05 0.00127083 0.000440618 0.0145459 0.000201543 0.73708
0.132617  642.113 0.0348201 0.000235029 0.211051 8.34747e-05 0.00127608 0.000437462 0.0148219 0.000200482 0.737074
0.132682  645.201 0.0347658 0.000240909 0.210824 8.53829e-05 0.00128099 0.000434309 0.0151002 0.000199345 0.737069
0.132747  648.294 0.0347112 0.000246873 0.210595 8.73432e-05 0.00128557 0.000431158 0.0153808 0.000198133 0.737063
0.132812  651.394 0.0346563 0.00025292 0.210365 8.9358e-05 0.00128981 0.000428011 0.0156636 0.00019685 0.737058
0.132878  654.498 0.0346012 0.000259049 0.210134 9.14296e-05 0.00129373 0.000424869 0.0159487 0.000195498 0.737052
0.132943  657.607 0.0345457 0.00026526 0.2099 9.35604e-05 0.00129732 0.000421733 0.0162359 0.000194078 0.737046
0.133008  660.721 0.03449 0.000271552 0.209666 9.57529e-05 0.0013006 0.000418604 0.0165254 0.000192592 0.73704
0.133073  663.839 0.0344341 0.000277927 0.20943 9.80095e-05 0.00130357 0.000415483 0.016817 0.000191045 0.737033
0.133138  666.961 0.0343778 0.000284382 0.209192 0.000100333 0.00130623 0.00041237 0.0171107 0.000189436 0.737027
0.133203  670.087 0.0343213 0.000290918 0.208953 0.000102726 0.0013086 0.000409266 0.0174066 0.00018777 0.73702
0.133268  673.216 0.0342645 0.000297534 0.208712 0.00010519 0.00131068 0.000406173 0.0177045 0.000186049 0.737013
0.133333  676.349 0.0342074 0.00030423 0.20847 0.00010773 0.00131248 0.000403091 0.0180045 0.000184274 0.737006
0.133594  688.908 0.0339766 0.000331808 0.207488 0.000118659 0.00131694 0.000390877 0.0192246 0.00017667 0.736976
0.133854  701.5 0.0337415 0.000360637 0.206484 0.000131012 0.00131755 0.000378889 0.0204759 0.000168411 0.736942
0.134115  714.111 0.0335024 0.000390691 0.205458 0.00014498 0.00131484 0.000367158 0.0217571 0.000159648 0.736905
0.134375  726.729 0.0332593 0.000421948 0.20441 0.000160761 0.00130939 0.000355711 0.0230675 0.000150528 0.736864
0.134635  739.345 0.0330122 0.000454383 0.203341 0.000178559 0.00130176 0.000344567 0.0244064 0.000141189 0.73682
0.134896  751.951 0.0327613 0.000487974 0.202248 0.000198576 0.00129252 0.00033374 0.0257735 0.000131758 0.736772
0.135156  764.539 0.0325065 0.000522699 0.201133 0.000221015 0.00128221 0.000323241 0.0271687 0.00012235 0.736721
0.135417  777.102 0.0322479 0.000558536 0.199993 0.000246073 0.00127132 0.000313075 0.0285923 0.000113068 0.736665
0.135677  789.638 0.0319855 0.000595467 0.198828 0.000273941 0.00126034 0.000303244 0.0300446 0.000104002 0.736605
0.135937  802.14 0.0317194 0.000633472 0.197636 0.0003048 0.0012497 0.000293748 0.0315263 9.5227e-05 0.736541
0.136198  814.606 0.0314496 0.000672532 0.196416 0.000338824 0.00123981 0.000284583 0.0330384 8.68061e-05 0.736474
0.136458  827.033 0.0311761 0.000712631 0.195166 0.000376168 0.00123104 0.000275745 0.0345819 7.87895e-05 0.736402
0.136719  839.42 0.0308989 0.00075375 0.193884 0.000416976 0.00122371 0.000267226 0.0361581 7.12151e-05 0.736326
0.136979  851.764 0.0306181 0.000795872 0.192568 0.000461374 0.00121814 0.000259018 0.0377682 6.41095e-05 0.736247
0.13724  864.064 0.0303337 0.000838977 0.191217 0.000509472 0.00121458 0.000251111 0.0394138 5.74893e-05 0.736164
0.1375  876.32 0.0300457 0.000883047 0.189828 0.000561358 0.00121327 0.000243496 0.0410964 5.13617e-05 0.736077
0.13776  888.53 0.0297542 0.000928061 0.188399 0.000617102 0.00121444 0.000236162 0.0428176 4.57258e-05 0.735988
0.138021  900.693 0.0294593 0.000973998 0.186928 0.000676752 0.00121828 0.000229098 0.0445788 4.05738e-05 0.735895
0.138281  912.81 0.0291609 0.00102083 0.185414 0.000740335 0.00122494 0.000222292 0.0463815 3.58921e-05 0.7358
0.138542  924.878 0.0288592 0.00106854 0.183853 0.000807856 0.00123459 0.000215734 0.0482274 3.16621e-05 0.735702
0.138802  936.898 0.0285542 0.0011171 0.182245 0.000879297 0.00124735 0.000209411 0.0501176 2.78618e-05 0.735602
0.139063  948.869 0.0282461 0.00116647 0.180588 0.000954617 0.00126334 0.000203313 0.0520536 2.44661e-05 0.735501
0.139323  960.789 0.0279349 0.00121662 0.178879 0.00103376 0.00128267 0.000197428 0.0540363 2.14483e-05 0.735398
0.139583  972.658 0.0276208 0.00126752 0.177118 0.00111663 0.00130541 0.000191746 0.0560668 1.87802e-05 0.735294
0.139844  984.475 0.027304 0.00131913 0.175304 0.00120312 0.00133165 0.000186257 0.0581457 1.64336e-05 0.73519
0.140104  996.238 0.0269844 0.00137141 0.173434 0.00129311 0.00136143 0.000180949 0.0602737 1.43801e-05 0.735086
0.140365  1007.95 0.0266624 0.00142431 0.17151 0.00138645 0.00139481 0.000175813 0.062451 1.2592e-05 0.734983
0.140625  1019.6 0.0263381 0.00147779 0.169529 0.00148296 0.00143181 0.000170839 0.0646777 1.10427e-05 0.734881
0.140885  1031.19 0.0260118 0.00153179 0.167492 0.00158247 0.00147247 0.000166019 0.0669537 9.70674e-06 0.73478
0.141146  1042.72 0.0256835 0.00158627 0.165399 0.00168475 0.00151678 0.000161344 0.0692785 8.56041e-06 0.734681
0.141406  1054.18 0.0253535 0.00164117 0.16325 0.00178958 0.00156474 0.000156805 0.0716513 7.58153e-06 0.734585
0.141667  1065.58 0.0250221 0.00169642 0.161046 0.00189672 0.00161634 0.000152396 0.0740713 6.7497e-06 0.734492
0.141927  1076.91 0.0246895 0.00175197 0.158788 0.00200591 0.00167153 0.000148108 0.076537 6.04633e-06 0.734402
0.142188  1088.17 0.024356 0.00180775 0.156477 0.00211689 0.00173028 0.000143935 0.079047 5.45458e-06 0.734315
0.142448  1099.35 0.0240218 0.0018637 0.154115 0.00222937 0.00179252 0.000139871 0.0815995 4.95937e-06 0.734233
0.142708  1110.46 0.0236872 0.00191975 0.151703 0.00234305 0.0018582 0.000135911 0.0841924 4.54725e-06 0.734156
0.142969  1121.48 0.0233526 0.00197583 0.149244 0.00245765 0.00192722 0.000132047 0.0868233 4.20632e-06 0.734083
0.143229  1132.42 0.0230181 0.00203187 0.14674 0.00257284 0.00199949 0.000128277 0.0894898 3.92614e-06 0.734016
0.14349  1143.27 0.0226842 0.00208781 0.144194 0.00268832 0.00207491 0.000124595 0.0921889 3.69758e-06 0.733954
0.14375  1154.02 0.022351 0.00214356 0.141609 0.00280378 0.00215336 0.000120998 0.0949177 3.51273e-06 0.733897
0.14401  1164.68 0.022019 0.00219905 0.138988 0.0029189 0.00223471 0.000117481 0.0976729 3.36475e-06 0.733847
0.144271  1175.25 0.0216884 0.00225422 0.136334 0.00303336 0.00231883 0.000114042 0.100451 3.24775e-06 0.733802
0.144531  1185.71 0.0213596 0.002309 0.133652 0.00314687 0.00240557 0.000110678 0.103249 3.15673e-06 0.733764
0.144792  1196.06 0.0210329 0.0023633 0.130945 0.00325911 0.00249478 0.000107387 0.106063 3.08739e-06 0.733731
0.145052  1206.31 0.0207085 0.00241707 0.128217 0.00336979 0.0025863 0.000104166 0.10889 3.03612e-06 0.733705
0.145313  1216.44 0.0203868 0.00247022 0.125471 0.00347862 0.00267997 0.000101014 0.111725 2.99985e-06 0.733685
0.145573  1226.46 0.0200681 0.00252271 0.122713 0.00358534 0.00277561 9.79288e-05 0.114564 2.976e-06 0.73367
0.145833  1236.36 0.0197527 0.00257445 0.119946 0.00368968 0.00287305 9.49096e-05 0.117404 2.96241e-06 0.733662
0.146094  1246.14 0.0194408 0.0026254 0.117174 0.00379138 0.00297213 9.19553e-05 0.120242 2.95726e-06 0.73366
0.146354  1255.8 0.0191328 0.00267549 0.114402 0.00389023 0.00307265 8.9065e-05 0.123072 2.95903e-06 0.733663
0.146615  1265.33 0.0188289 0.00272466 0.111633 0.00398602 0.00317446 8.62382e-05 0.125892 2.96646e-06 0.733672
0.146875  1274.73 0.0185294 0.00277286 0.108873 0.00407853 0.00327737 8.34742e-05 0.128697 2.9785e-06 0.733686
0.147135  1284.01 0.0182345 0.00282004 0.106124 0.00416761 0.0033812 8.07726e-05 0.131484 2.99426e-06 0.733705
0.147396  1293.15 0.0179444 0.00286615 0.103391 0.00425309 0.0034858 7.81333e-05 0.13425 3.01302e-06 0.733729
0.147656  1302.16 0.0176593 0.00291115 0.100678 0.00433484 0.00359099 7.55559e-05 0.13699 3.03416e-06 0.733757
0.147917  1311.03 0.0173795 0.00295501 0.0979877 0.00441275 0.00369661 7.30403e-05 0.139703 3.05718e-06 0.73379
0.148177  1319.77 0.0171051 0.00299767 0.0953241 0.00448672 0.00380252 7.05864e-05 0.142384 3.08165e-06 0.733826
0.148438  1328.38 0.0168364 0.00303913 0.0926906 0.00455669 0.00390854 6.81939e-05 0.145031 3.10724e-06 0.733866
0.148698  1336.84 0.0165733 0.00307933 0.0900901 0.00462259 0.00401455 6.58628e-05 0.147641 3.13363e-06 0.73391
0.148958  1345.17 0.0163161 0.00311827 0.0875257 0.00468439 0.0041204 6.35929e-05 0.150212 3.16059e-06 0.733957
0.149219  1353.36 0.016065 0.00315592 0.0849999 0.0047421 0.00422597 6.13841e-05 0.152741 3.18792e-06 0.734006
0.149479  1361.42 0.0158198 0.00319226 0.0825154 0.0047957 0.00433113 5.9236e-05 0.155225 3.21544e-06 0.734058
0.14974  1369.33 0.0155809 0.00322728 0.0800744 0.00484522 0.00443575 5.71485e-05 0.157664 3.24302e-06 0.734112
0.15  1377.11 0.0153482 0.00326097 0.0776789 0.00489071 0.00453975 5.51211e-05 0.160055 3.27053e-06 0.734168
0.150521  1392.27 0.0149016 0.00332437 0.0730295 0.00496979 0.00474553 5.12445e-05 0.16469 3.32507e-06 0.734284
0.151042  1406.88 0.0144803 0.00338243 0.0685817 0.00503357 0.00494766 4.76031e-05 0.169118 3.37835e-06 0.734405
0.151563  1420.97 0.0140843 0.00343519 0.0643443 0.00508288 0.00514552 4.4192e-05 0.173332 3.42996e-06 0.734529
0.152083  1434.53 0.0137133 0.00348273 0.060323 0.00511869 0.00533863 4.1005e-05 0.177326 3.4796e-06 0.734653
0.152604  1447.6 0.013367 0.00352519 0.0565204 0.00514208 0.00552659 3.80351e-05 0.181101 3.5271e-06 0.734777
0.153125  1460.18 0.0130448 0.00356272 0.0529368 0.00515419 0.00570908 3.52743e-05 0.184655 3.57233e-06 0.734898
0.153646  1472.29 0.0127458 0.0035955 0.04957 0.00515623 0.00588588 3.27136e-05 0.187993 3.61521e-06 0.735017
0.154167  1483.94 0.0124694 0.00362375 0.046416 0.00514938 0.00605681 3.03438e-05 0.191118 3.6557e-06 0.735133
0.154688  1495.16 0.0122144 0.00364768 0.0434693 0.00513482 0.00622176 2.8155e-05 0.194037 3.69377e-06 0.735243
0.155208  1505.96 0.01198 0.00366753 0.0407227 0.00511365 0.00638068 2.61372e-05 0.196756 3.72941e-06 0.735349
0.155729  1516.36 0.0117651 0.00368354 0.0381686 0.00508695 0.00653355 2.42802e-05 0.199284 3.76264e-06 0.73545
0.15625  1526.38 0.0115686 0.00369597 0.035798 0.00505568 0.0066804 2.25738e-05 0.201629 3.79347e-06 0.735546
0.156771  1536.04 0.0113895 0.00370504 0.033602 0.00502075 0.00682128 2.10079e-05 0.203801 3.82193e-06 0.735636
0.157292  1545.36 0.0112265 0.00371101 0.031571 0.00498296 0.00695628 1.95727e-05 0.205808 3.84803e-06 0.735721
0.157813  1554.34 0.0110788 0.00371412 0.0296954 0.00494301 0.00708551 1.82588e-05 0.207661 3.87182e-06 0.7358
0.158333  1563.02 0.0109451 0.0037146 0.0279656 0.00490153 0.00720908 1.70569e-05 0.20937 3.89333e-06 0.735874
0.158854  1571.41 0.0108245 0.00371266 0.026372 0.00485906 0.00732715 1.59583e-05 0.210942 3.91262e-06 0.735942
0.159375  1579.51 0.0107161 0.00370853 0.0249054 0.00481604 0.00743986 1.49547e-05 0.212389 3.92973e-06 0.736006
0.159896  1587.35 0.0106188 0.0037024 0.0235569 0.00477285 0.00754739 1.40384e-05 0.213718 3.94471e-06 0.736065
0.160417  1594.95 0.0105318 0.00369447 0.0223179 0.0047298 0.0076499 1.3202e-05 0.214939 3.95763e-06 0.73612
0.160938  1602.3 0.0104543 0.00368492 0.0211801 0.00468713 0.00774757 1.24388e-05 0.21606 3.96855e-06 0.73617
0.161458  1609.44 0.0103854 0.00367392 0.0201357 0.00464504 0.00784059 1.17422e-05 0.217087 3.97753e-06 0.736216
0.161979  1616.36 0.0103243 0.00366163 0.0191775 0.00460368 0.00792915 1.11065e-05 0.21803 3.98465e-06 0.736259
0.1625  1623.08 0.0102705 0.00364818 0.0182984 0.00456314 0.00801342 1.05262e-05 0.218894 3.98997e-06 0.736298
0.163021  1629.61 0.0102233 0.00363373 0.017492 0.0045235 0.00809359 9.99634e-06 0.219686 3.99357e-06 0.736334
0.163542  1635.96 0.010182 0.00361839 0.0167524 0.0044848 0.00816985 9.51221e-06 0.220412 3.99553e-06 0.736367
0.164063  1642.15 0.0101461 0.00360227 0.0160737 0.00444707 0.00824236 9.06963e-06 0.221079 3.99593e-06 0.736397
0.164583  1648.16 0.0101151 0.00358549 0.0154509 0.00441031 0.00831131 8.66469e-06 0.22169 3.99483e-06 0.736424
0.165625  1659.74 0.0100663 0.00355022 0.0143579 0.00433964 0.00843901 7.95645e-06 0.222763 3.9884e-06 0.736472
0.166667  1670.77 0.0100318 0.00351334 0.0134349 0.00427258 0.00855443 7.36035e-06 0.22367 3.9769e-06 0.736512
0.167708  1681.28 0.0100089 0.00347539 0.0126532 0.00420881 0.00865877 6.85634e-06 0.224439 3.9609e-06 0.736545
0.16875  1691.34 0.0099952 0.00343681 0.0119888 0.004148 0.00875313 6.42787e-06 0.225095 3.94093e-06 0.736573
0.169792  1700.98 0.00998892 0.00339796 0.0114215 0.00408982 0.00883852 6.0614e-06 0.225658 3.91749e-06 0.736595
0.170833  1710.23 0.00998845 0.00335911 0.0109346 0.00403395 0.00891582 5.74586e-06 0.226144 3.89104e-06 0.736614
0.171875  1719.13 0.00999254 0.0033205 0.0105142 0.00398013 0.00898585 5.47223e-06 0.226568 3.86199e-06 0.73663
0.172917  1727.69 0.0100001 0.00328228 0.0101488 0.00392812 0.00904932 5.23314e-06 0.22694 3.83071e-06 0.736643
0.173958  1735.95 0.0100104 0.0032446 0.00982904 0.00387771 0.00910686 5.02263e-06 0.227269 3.79755e-06 0.736653
0.175  1743.93 0.0100227 0.00320754 0.00954699 0.00382873 0.00915905 4.83582e-06 0.227564 3.76279e-06 0.736662
0.176042  1751.64 0.0100365 0.00317117 0.00929627 0.00378106 0.00920638 4.66875e-06 0.227831 3.72672e-06 0.73667
0.177083  1759.1 0.0100514 0.00313554 0.00907159 0.00373456 0.00924931 4.51821e-06 0.228074 3.68955e-06 0.736676
0.178125  1766.33 0.0100669 0.00310069 0.00886863 0.00368916 0.00928823 4.38155e-06 0.228298 3.65149e-06 0.736681
0.179167  1773.34 0.0100829 0.00306662 0.00868383 0.00364477 0.00932348 4.25664e-06 0.228506 3.61274e-06 0.736685
0.180208  1780.14 0.0100991 0.00303335 0.00851427 0.00360132 0.00935538 4.14171e-06 0.228701 3.57345e-06 0.736688
0.18125  1786.74 0.0101153 0.00300088 0.00835757 0.00355878 0.0093842 4.03533e-06 0.228884 3.53376e-06 0.736691
0.182292  1793.16 0.0101315 0.00296918 0.00821176 0.00351709 0.0094102 3.93632e-06 0.229059 3.49379e-06 0.736694
0.183333  1799.4 0.0101476 0.00293826 0.00807521 0.00347622 0.00943359 3.84369e-06 0.229226 3.45366e-06 0.736696
0.184375  1805.47 0.0101634 0.0029081 0.0079466 0.00343614 0.00945458 3.75663e-06 0.229387 3.41346e-06 0.736697
0.185417  1811.38 0.0101789 0.00287868 0.00782482 0.00339682 0.00947334 3.67447e-06 0.229542 3.37327e-06 0.736699
0.1875  1822.75 0.010209 0.00282199 0.00759895 0.0033204 0.0095047 3.52299e-06 0.229837 3.29318e-06 0.736701
0.189583  1833.56 0.0102376 0.002768 0.00739136 0.00324675 0.0095289 3.38542e-06 0.230118 3.2139e-06 0.736703
0.191667  1843.86 0.0102647 0.00271655 0.00719836 0.00317576 0.00954684 3.2593e-06 0.230387 3.13575e-06 0.736704
0.19375  1853.69 0.0102903 0.00266746 0.00701736 0.00310728 0.00955927 3.14282e-06 0.230647 3.05901e-06 0.736705
0.195833  1863.09 0.0103144 0.00262057 0.00684648 0.00304121 0.00956684 3.03463e-06 0.230899 2.98386e-06 0.736706
0.197917  1872.09 0.0103372 0.00257572 0.00668437 0.00297744 0.00957009 2.93365e-06 0.231143 2.91044e-06 0.736706
0.2  1880.71 0.0103587 0.00253279 0.00652999 0.00291587 0.00956951 2.83906e-06 0.23138 2.83884e-06 0.736707
0.203125  1893 0.0103887 0.00247171 0.00631137 0.00282745 0.0095623 2.70776e-06 0.231725 2.73503e-06 0.736708
0.20625  1904.58 0.0104163 0.00241424 0.00610633 0.00274344 0.00954855 2.58748e-06 0.232058 2.63556e-06 0.736708
0.209375  1915.52 0.0104418 0.00236005 0.00591339 0.00266355 0.00952926 2.47678e-06 0.232378 2.54042e-06 0.736708
0.2125  1925.89 0.0104654 0.00230883 0.00573135 0.00258751 0.00950521 2.37453e-06 0.232688 2.44955e-06 0.736709
0.215625  1935.72 0.0104873 0.00226032 0.00555924 0.00251508 0.00947711 2.27977e-06 0.232987 2.36285e-06 0.736709
0.21875  1945.07 0.0105077 0.00221428 0.0053962 0.00244601 0.00944555 2.1917e-06 0.233277 2.28018e-06 0.736709
0.221875  1953.97 0.0105267 0.00217051 0.00524152 0.00238009 0.00941101 2.10963e-06 0.233557 2.20139e-06 0.736709
0.225  1962.46 0.0105444 0.00212884 0.00509456 0.00231713 0.00937393 2.03298e-06 0.233828 2.12631e-06 0.736709
0.228125  1970.57 0.0105611 0.00208909 0.00495474 0.00225694 0.00933469 1.96124e-06 0.23409 2.05477e-06 0.736709
0.23125  1978.32 0.0105768 0.00205112 0.00482156 0.00219935 0.0092936 1.89395e-06 0.234344 1.9866e-06 0.73671
0.234375  1985.75 0.0105915 0.00201481 0.00469454 0.0021442 0.00925094 1.83072e-06 0.234591 1.92163e-06 0.73671
0.2375  1992.87 0.0106054 0.00198004 0.00457327 0.00209135 0.00920696 1.77121e-06 0.23483 1.8597e-06 0.73671
0.240625  1999.71 0.0106186 0.00194669 0.00445737 0.00204066 0.00916186 1.7151e-06 0.235062 1.80064e-06 0.73671
0.24375  2006.27 0.010631 0.00191468 0.00434649 0.00199201 0.00911584 1.66212e-06 0.235287 1.74429e-06 0.73671
0.246875  2012.59 0.0106429 0.00188392 0.00424031 0.00194528 0.00906904 1.61201e-06 0.235506 1.69052e-06 0.73671
0.25  2018.68 0.0106541 0.00185433 0.00413854 0.00190037 0.00902163 1.56457e-06 0.235718 1.63918e-06 0.73671
0.25625  2030.18 0.010675 0.00179843 0.00394738 0.00181567 0.00892548 1.47696e-06 0.236126 1.54336e-06 0.736709
0.2625  2040.91 0.010694 0.0017464 0.00377087 0.00173711 0.00882817 1.3978e-06 0.236511 1.45575e-06 0.736709
0.26875  2050.94 0.0107114 0.00169783 0.00360744 0.00166407 0.00873034 1.32598e-06 0.236877 1.37547e-06 0.736709
0.275  2060.34 0.0107274 0.00165236 0.00345569 0.00159601 0.00863248 1.26054e-06 0.237224 1.30177e-06 0.736709
0.28125  2069.18 0.0107422 0.00160966 0.00331444 0.00153246 0.00853499 1.20071e-06 0.237555 1.23396e-06 0.736709
0.2875  2077.5 0.0107559 0.00156947 0.00318267 0.00147299 0.00843817 1.14583e-06 0.23787 1.17144e-06 0.736709
0.29375  2085.36 0.0107687 0.00153156 0.00305945 0.00141725 0.00834224 1.09531e-06 0.23817 1.11368e-06 0.736709
0.3  2092.8 0.0107806 0.00149572 0.00294402 0.00136489 0.0082474 1.04869e-06 0.238457 1.06022e-06 0.736708
0.31875  2112.8 0.0108119 0.00139938 0.00263929 0.00122612 0.00797191 9.28848e-07 0.239242 9.22323e-07 0.736708
0.3375  2130.1 0.0108383 0.00131622 0.0023832 0.00110899 0.00770942 8.31721e-07 0.239935 8.10445e-07 0.736707
0.35625  2145.24 0.010861 0.00124354 0.00216544 0.00100903 0.00746068 7.51651e-07 0.240552 7.18406e-07 0.736707
0.375  2158.61 0.0108808 0.00117937 0.00197837 0.000922888 0.00722559 6.8468e-07 0.241105 6.4175e-07 0.736707
0.403125  2175.95 0.0109062 0.00109616 0.0017437 0.000814521 0.00689857 6.02973e-07 0.241834 5.4893e-07 0.736706
0.43125  2190.77 0.0109278 0.00102502 0.00155077 0.000725216 0.00659867 5.37648e-07 0.242466 4.7556e-07 0.736705
0.459375  2203.61 0.0109465 0.000963417 0.00138995 0.000650625 0.00632345 4.84394e-07 0.24302 4.16502e-07 0.736705
0.4875  2214.84 0.0109629 0.000909478 0.00125432 0.000587599 0.00607039 4.4027e-07 0.24351 3.6823e-07 0.736705
0.529688  2229.25 0.0109841 0.000840223 0.0010877 0.000510056 0.00572873 3.86955e-07 0.244145 3.10926e-07 0.736704
0.571875  2241.41 0.0110022 0.00078164 0.00095377 0.000447648 0.00542464 3.44702e-07 0.244686 2.66542e-07 0.736704
0.614063  2251.84 0.011018 0.000731388 0.000844352 0.000396615 0.00515282 3.10483e-07 0.245153 2.31403e-07 0.736703
0.65625  2260.84 0.0110317 0.00068786 0.000753999 0.000354383 0.00490889 2.82345e-07 0.24556 2.03163e-07 0.736703
0.782813  2281.46 0.0110643 0.00058794 0.000562605 0.000264843 0.00431929 2.22691e-07 0.246499 1.45821e-07 0.736702
0.909375  2296.22 0.0110884 0.000515963 0.000439526 0.000207215 0.00386852 1.83754e-07 0.247178 1.10855e-07 0.736702
1.09922  2311.73 0.0111151 0.000440134 0.000324347 0.000153235 0.00337008 1.46178e-07 0.247896 7.95516e-08 0.736701
1.28906  2322.42 0.0111341 0.000387447 0.000253587 0.000120041 0.00300932 1.22019e-07 0.248394 6.10655e-08 0.736701
1.57383  2333.28 0.0111543 0.000333937 0.000189872 9.01346e-05 0.00263096 9.90441e-08 0.2489 4.4935e-08 0.736701
1.85859  2340.25 0.0111677 0.000299286 0.00015318 7.28913e-05 0.00237944 8.49753e-08 0.249227 3.58851e-08 0.7367
2.71289  2350.15 0.0111872 0.000249768 0.000107118 5.12466e-05 0.0020112 6.59363e-08 0.249693 2.48034e-08 0.7367
3.99434  2355.64 0.0111985 0.000222301 8.48639e-05 4.08022e-05 0.00180256 5.59154e-08 0.249951 1.95735e-08 0.7367
5.9165  2355.64 0.0111985 0.000222301 8.48639e-05 4.08022e-05 0.00180256 5.59154e-08 0.249951 1.95735e-08 0.7367
