TITLE="Graphics"
VARIABLES= "x", "T1", "Y_H2_1", 
"Y_H_1", "Y_O2_1", "Y_O_1", "Y_OH_1", "Y_HO2_1", "Y_H2O_1", "Y_H2O2_1", "Y_N2_1"
0  400 0.0144672 0 0.229637 0 0 0 0 0 0.755896
0.025  400 0.0144673 9.64569e-21 0.229637 1.61361e-16 4.35169e-18 2.16469e-16 2.73356e-15 -1.18951e-20 0.755896
0.028125  400 0.0144672 8.14778e-21 0.229637 1.37158e-16 3.71045e-18 2.24946e-16 2.53684e-15 -1.19478e-20 0.755896
0.03125  400 0.0144671 5.44397e-21 0.229637 9.35958e-17 2.5542e-18 2.258e-16 2.04501e-15 -1.21024e-20 0.755896
0.034375  400 0.014467 3.75519e-22 0.229637 1.21018e-17 3.89825e-19 2.12404e-16 8.24726e-16 -1.25552e-20 0.755896
0.0375  400 0.0144668 -9.32271e-21 0.229637 -1.43633e-16 -3.74826e-18 1.72407e-16 -2.19469e-15 -1.38814e-20 0.755896
0.040625  400 0.0144666 -2.80916e-20 0.229637 -4.44596e-16 -1.17513e-17 8.34405e-17 -9.65923e-15 -1.77654e-20 0.755896
0.04375  400 0.0144663 -6.47123e-20 0.229637 -1.02958e-15 -2.73267e-17 -9.29937e-17 -2.81094e-14 -2.9141e-20 0.755896
0.05  400 0.0144654 -2.4592e-19 0.229637 -3.86569e-15 -1.03032e-16 -8.87482e-16 -1.46477e-13 -1.17718e-19 0.755897
0.056  400 0.0144638 -1.03389e-18 0.229638 -1.61093e-14 -4.36488e-16 -4.71955e-15 -1.50593e-12 -9.23825e-18 0.755898
0.062  400 0.014461 -4.37298e-18 0.229638 -6.74837e-14 -1.89987e-15 -3.18506e-14 -1.48046e-11 -3.17938e-16 0.755901
0.074  400 0.0144491 -3.91677e-17 0.229641 -6.62694e-13 -2.0821e-14 -1.34587e-12 -3.91823e-10 -3.13377e-14 0.75591
0.08  400 0.0144326 1.87768e-16 0.229645 1.91859e-12 9.33729e-14 -2.59046e-13 1.5173e-10 2.70063e-15 0.755922
0.083  400.001 0.0144197 6.75582e-16 0.229648 6.23033e-12 3.73734e-13 6.17295e-12 2.21288e-09 4.38219e-13 0.755932
0.086  400.003 0.0144027 1.81865e-15 0.229652 1.43684e-11 1.06067e-12 2.21759e-11 7.10525e-09 1.64994e-12 0.755946
0.092  400.012 0.0143526 9.57929e-15 0.229663 5.24442e-11 5.8026e-12 1.24528e-10 3.70447e-08 1.05506e-11 0.755984
0.098  400.053 0.0142651 7.4357e-14 0.229683 2.12202e-10 4.94415e-11 2.39407e-09 3.29216e-07 3.09627e-10 0.756052
0.09825  400.058 0.01426 8.75564e-14 0.229684 2.29915e-10 5.93798e-11 3.78986e-09 3.96936e-07 5.33725e-10 0.756056
0.0985  400.063 0.0142549 1.0169e-13 0.229685 2.4856e-10 7.00364e-11 5.29801e-09 4.69409e-07 7.76129e-10 0.75606
0.09875  400.068 0.0142496 1.16859e-13 0.229686 2.68184e-10 8.14863e-11 6.92749e-09 5.46968e-07 1.03833e-09 0.756064
0.099  400.074 0.0142441 1.33173e-13 0.229688 2.88842e-10 9.38116e-11 8.68799e-09 6.29969e-07 1.32195e-09 0.756068
0.099125  400.076 0.0142414 1.41804e-13 0.229688 2.99578e-10 1.00336e-10 9.6213e-09 6.73654e-07 1.47245e-09 0.75607
0.09925  400.079 0.0142386 1.50767e-13 0.229689 3.10593e-10 1.07113e-10 1.05914e-08 7.18845e-07 1.62897e-09 0.756072
0.099375  400.082 0.0142358 1.60078e-13 0.229689 3.21895e-10 1.14156e-10 1.15996e-08 7.65595e-07 1.79176e-09 0.756074
0.0995  400.086 0.0142329 1.69755e-13 0.22969 3.3349e-10 1.21478e-10 1.26475e-08 8.13956e-07 1.96106e-09 0.756076
0.099625  400.089 0.01423 1.79815e-13 0.229691 3.45387e-10 1.29092e-10 1.37367e-08 8.63984e-07 2.13713e-09 0.756078
0.09975  400.092 0.0142271 1.90277e-13 0.229691 3.57594e-10 1.37012e-10 1.48688e-08 9.15737e-07 2.32025e-09 0.756081
0.099875  400.095 0.0142242 2.0116e-13 0.229692 3.70117e-10 1.45253e-10 1.60453e-08 9.69274e-07 2.5107e-09 0.756083
0.1  400.099 0.0142212 2.12485e-13 0.229693 3.82967e-10 1.53831e-10 1.72681e-08 1.02466e-06 2.70877e-09 0.756085
0.100521  400.114 0.0142084 2.64657e-13 0.229695 4.40106e-10 1.93369e-10 2.28808e-08 1.27597e-06 3.61935e-09 0.756095
0.101042  400.131 0.014195 3.26584e-13 0.229698 5.03711e-10 2.40347e-10 2.94732e-08 1.56545e-06 4.69199e-09 0.756105
0.101562  400.151 0.0141809 4.00333e-13 0.229701 5.74521e-10 2.96346e-10 3.72157e-08 1.8989e-06 5.95551e-09 0.756116
0.102083  400.172 0.0141662 4.88393e-13 0.229704 6.53357e-10 3.63266e-10 4.6308e-08 2.28298e-06 7.44383e-09 0.756127
0.102604  400.196 0.0141508 5.93776e-13 0.229708 7.41134e-10 4.434e-10 5.69842e-08 2.72537e-06 9.1969e-09 0.756139
0.103125  400.223 0.0141346 7.20128e-13 0.229711 8.38872e-10 5.39509e-10 6.95192e-08 3.23491e-06 1.12618e-08 0.756151
0.104167  400.286 0.0140999 1.04899e-12 0.229718 1.06764e-09 7.89625e-10 1.01132e-07 4.48594e-06 1.64929e-08 0.756177
0.10625  400.458 0.0140203 2.1524e-12 0.229735 1.69054e-09 1.62731e-09 2.00449e-07 8.21951e-06 3.30759e-08 0.756237
0.108333  400.728 0.0139242 4.5117e-12 0.229753 2.65575e-09 3.41664e-09 3.92942e-07 1.48806e-05 6.57042e-08 0.756307
0.109375  400.921 0.0138688 6.70333e-12 0.229763 3.33839e-09 5.07009e-09 5.56742e-07 2.01669e-05 9.3833e-08 0.756347
0.110417  401.161 0.0138079 9.9069e-12 0.229774 4.18733e-09 7.46382e-09 7.82492e-07 2.71808e-05 1.32879e-07 0.75639
0.111458  401.462 0.0137412 1.46334e-11 0.229784 5.24425e-09 1.09409e-08 1.09344e-06 3.64832e-05 1.87046e-07 0.756437
0.1125  401.838 0.013668 2.16753e-11 0.229795 6.56212e-09 1.60047e-08 1.52145e-06 4.88152e-05 2.62136e-07 0.756487
0.113542  402.307 0.0135877 3.22932e-11 0.229805 8.20888e-09 2.33963e-08 2.11021e-06 6.51546e-05 3.6613e-07 0.75654
0.114583  402.894 0.0134997 4.85563e-11 0.229814 1.02727e-08 3.42133e-08 2.91945e-06 8.67892e-05 5.09978e-07 0.756596
0.115625  403.628 0.0134034 7.39867e-11 0.229821 1.28696e-08 5.00919e-08 4.03077e-06 0.000115412 7.08637e-07 0.756655
0.116667  404.546 0.013298 1.14834e-10 0.229826 1.61552e-08 7.34945e-08 5.55545e-06 0.000153242 9.82427e-07 0.756717
0.117188  405.091 0.0132415 1.45392e-10 0.229826 1.81367e-08 8.94275e-08 6.52976e-06 0.000176704 1.15781e-06 0.756748
0.117708  405.7 0.0131825 1.85167e-10 0.229825 2.03779e-08 1.08826e-07 7.6688e-06 0.000203634 1.36306e-06 0.756779
0.118229  406.381 0.0131208 2.37626e-10 0.229823 2.29196e-08 1.32499e-07 8.99989e-06 0.000234532 1.60304e-06 0.756811
0.11875  407.142 0.0130564 3.07707e-10 0.229819 2.58107e-08 1.61457e-07 1.05547e-05 0.000269969 1.88333e-06 0.756842
0.119271  407.992 0.012989 4.02514e-10 0.229812 2.91105e-08 1.96977e-07 1.237e-05 0.00031059 2.21029e-06 0.756874
0.119792  408.942 0.0129187 5.32349e-10 0.229802 3.28912e-08 2.40675e-07 1.44882e-05 0.000357132 2.59118e-06 0.756904
0.120052  409.459 0.0128824 6.16054e-10 0.229796 3.49953e-08 2.66367e-07 1.56792e-05 0.000382938 2.80493e-06 0.756919
0.120312  410.005 0.0128453 7.14812e-10 0.22979 3.72549e-08 2.94929e-07 1.69649e-05 0.000410546 3.03534e-06 0.756934
0.120573  410.583 0.0128074 8.31693e-10 0.229782 3.96845e-08 3.26712e-07 1.83525e-05 0.000440078 3.28357e-06 0.756949
0.120833  411.193 0.0127687 9.70421e-10 0.229773 4.23e-08 3.62114e-07 1.98496e-05 0.000471661 3.55087e-06 0.756963
0.121094  411.837 0.0127291 1.13551e-09 0.229763 4.51198e-08 4.01589e-07 2.14646e-05 0.000505433 3.83857e-06 0.756977
0.121354  412.519 0.0126887 1.33245e-09 0.229751 4.8164e-08 4.45653e-07 2.32062e-05 0.000541539 4.14803e-06 0.756991
0.121615  413.238 0.0126475 1.56788e-09 0.229739 5.14553e-08 4.94893e-07 2.50837e-05 0.000580131 4.4807e-06 0.757004
0.121875  413.999 0.0126054 1.84989e-09 0.229724 5.50194e-08 5.4998e-07 2.71068e-05 0.000621373 4.83809e-06 0.757016
0.122135  414.802 0.0125624 2.18828e-09 0.229709 5.8885e-08 6.11682e-07 2.92862e-05 0.000665436 5.22175e-06 0.757028
0.122396  415.65 0.0125185 2.59495e-09 0.229691 6.30847e-08 6.80875e-07 3.16327e-05 0.000712503 5.63333e-06 0.75704
0.122656  416.547 0.0124737 3.08435e-09 0.229672 6.76551e-08 7.58564e-07 3.4158e-05 0.000762766 6.07449e-06 0.757051
0.122917  417.493 0.012428 3.67398e-09 0.229651 7.2638e-08 8.45902e-07 3.68741e-05 0.000816429 6.54696e-06 0.757061
0.123177  418.493 0.0123814 4.38504e-09 0.229627 7.80803e-08 9.44209e-07 3.97936e-05 0.000873706 7.05251e-06 0.75707
0.123437  419.548 0.0123338 5.24319e-09 0.229601 8.40358e-08 1.055e-06 4.29298e-05 0.000934823 7.59292e-06 0.757078
0.123698  420.662 0.0122853 6.27946e-09 0.229573 9.05653e-08 1.18003e-06 4.62961e-05 0.00100002 8.17e-06 0.757086
0.123958  421.838 0.0122358 7.53131e-09 0.229542 9.77383e-08 1.32128e-06 4.99064e-05 0.00106954 8.78556e-06 0.757092
0.124219  423.079 0.0121854 9.04389e-09 0.229508 1.05634e-07 1.48108e-06 5.37747e-05 0.00114366 9.44138e-06 0.757098
0.124479  424.388 0.0121339 1.08716e-08 0.229472 1.14342e-07 1.66206e-06 5.79152e-05 0.00122264 1.01392e-05 0.757102
0.12474  425.769 0.0120815 1.30798e-08 0.229431 1.23967e-07 1.86727e-06 6.23421e-05 0.00130678 1.08808e-05 0.757105
0.125  427.226 0.0120281 1.5747e-08 0.229388 1.34626e-07 2.1002e-06 6.70692e-05 0.00139638 1.16676e-05 0.757107
0.12513  427.984 0.012001 1.72882e-08 0.229364 1.40394e-07 2.22858e-06 6.95505e-05 0.00144335 1.20787e-05 0.757107
0.12526  428.763 0.0119737 1.8981e-08 0.22934 1.46474e-07 2.36545e-06 7.21118e-05 0.00149181 1.25016e-05 0.757107
0.125391  429.562 0.0119461 2.08404e-08 0.229315 1.52886e-07 2.51141e-06 7.47546e-05 0.00154179 1.29365e-05 0.757107
0.125521  430.383 0.0119183 2.28822e-08 0.229288 1.5965e-07 2.6671e-06 7.74805e-05 0.00159334 1.33837e-05 0.757106
0.125651  431.225 0.0118902 2.51242e-08 0.229261 1.66791e-07 2.83319e-06 8.02908e-05 0.00164651 1.38432e-05 0.757105
0.125781  432.09 0.0118619 2.75854e-08 0.229232 1.74332e-07 3.01042e-06 8.31868e-05 0.00170133 1.43151e-05 0.757104
0.125911  432.978 0.0118333 3.02867e-08 0.229203 1.823e-07 3.19957e-06 8.61697e-05 0.00175785 1.47997e-05 0.757102
0.126042  433.889 0.0118044 3.32509e-08 0.229172 1.90725e-07 3.40147e-06 8.92407e-05 0.00181612 1.52969e-05 0.757099
0.126172  434.824 0.0117753 3.65028e-08 0.22914 1.99635e-07 3.61701e-06 9.24007e-05 0.00187618 1.58069e-05 0.757097
0.126302  435.784 0.0117459 4.00693e-08 0.229106 2.09065e-07 3.84715e-06 9.56505e-05 0.00193809 1.63298e-05 0.757094
0.126432  436.769 0.0117163 4.39797e-08 0.229072 2.19048e-07 4.09289e-06 9.89908e-05 0.00200189 1.68655e-05 0.75709
0.126562  437.779 0.0116864 4.8266e-08 0.229036 2.29623e-07 4.35532e-06 0.000102422 0.00206763 1.7414e-05 0.757086
0.126693  438.816 0.0116563 5.29627e-08 0.228998 2.4083e-07 4.63559e-06 0.000105945 0.00213535 1.79755e-05 0.757081
0.126823  439.879 0.0116259 5.81074e-08 0.228959 2.52712e-07 4.93493e-06 0.000109559 0.00220512 1.85499e-05 0.757076
0.126953  440.97 0.0115952 6.37408e-08 0.228919 2.65316e-07 5.25464e-06 0.000113265 0.00227697 1.91371e-05 0.757071
0.127083  442.089 0.0115643 6.99072e-08 0.228877 2.78691e-07 5.59611e-06 0.000117061 0.00235098 1.9737e-05 0.757065
0.127214  443.237 0.0115331 7.66546e-08 0.228833 2.92891e-07 5.96082e-06 0.000120949 0.00242718 2.03497e-05 0.757059
0.127344  444.413 0.0115017 8.40345e-08 0.228788 3.07973e-07 6.35033e-06 0.000124926 0.00250563 2.09749e-05 0.757052
0.127474  445.62 0.01147 9.2103e-08 0.228742 3.23999e-07 6.76628e-06 0.000128992 0.00258638 2.16124e-05 0.757044
0.127604  446.857 0.011438 1.0092e-07 0.228693 3.41034e-07 7.21044e-06 0.000133145 0.00266949 2.22622e-05 0.757036
0.127734  448.125 0.0114058 1.10552e-07 0.228643 3.59148e-07 7.68464e-06 0.000137383 0.00275502 2.29239e-05 0.757028
0.127865  449.424 0.0113734 1.21068e-07 0.228591 3.78417e-07 8.19085e-06 0.000141705 0.00284302 2.35974e-05 0.757019
0.127995  450.756 0.0113406 1.32544e-07 0.228537 3.98921e-07 8.73112e-06 0.000146109 0.00293354 2.42823e-05 0.757009
0.128125  452.121 0.0113077 1.45062e-07 0.228482 4.20748e-07 9.30763e-06 0.000150591 0.00302664 2.49783e-05 0.756999
0.128255  453.519 0.0112744 1.5871e-07 0.228424 4.4399e-07 9.92265e-06 0.000155148 0.00312238 2.56852e-05 0.756988
0.128385  454.951 0.011241 1.73582e-07 0.228364 4.68746e-07 1.05786e-05 0.000159778 0.00322081 2.64025e-05 0.756977
0.128516  456.418 0.0112072 1.89779e-07 0.228303 4.95122e-07 1.1278e-05 0.000164476 0.003322 2.71298e-05 0.756965
0.128646  457.921 0.0111732 2.0741e-07 0.228239 5.23231e-07 1.20234e-05 0.000169238 0.003426 2.78667e-05 0.756952
0.128776  459.459 0.011139 2.2659e-07 0.228173 5.53195e-07 1.28176e-05 0.000174061 0.00353287 2.86127e-05 0.756939
0.128906  461.034 0.0111045 2.47445e-07 0.228105 5.85144e-07 1.36635e-05 0.000178938 0.00364266 2.93672e-05 0.756926
0.129036  462.646 0.0110697 2.70107e-07 0.228034 6.19214e-07 1.4564e-05 0.000183865 0.00375544 3.01298e-05 0.756911
0.129167  464.296 0.0110347 2.94719e-07 0.227961 6.55554e-07 1.55222e-05 0.000188836 0.00387126 3.08998e-05 0.756896
0.129297  465.984 0.0109995 3.2143e-07 0.227886 6.9432e-07 1.65413e-05 0.000193845 0.00399017 3.16766e-05 0.756881
0.129427  467.711 0.010964 3.50403e-07 0.227809 7.3568e-07 1.76247e-05 0.000198887 0.00411223 3.24596e-05 0.756865
0.129557  469.477 0.0109283 3.8181e-07 0.227729 7.79812e-07 1.87757e-05 0.000203953 0.00423751 3.32482e-05 0.756848
0.129688  471.283 0.0108923 4.15832e-07 0.227646 8.26908e-07 1.99978e-05 0.000209038 0.00436605 3.40416e-05 0.756831
0.129818  473.13 0.0108561 4.52664e-07 0.227561 8.77168e-07 2.12947e-05 0.000214134 0.00449792 3.48391e-05 0.756813
0.129948  475.018 0.0108196 4.92511e-07 0.227474 9.30808e-07 2.267e-05 0.000219234 0.00463316 3.564e-05 0.756795
0.130078  476.948 0.010783 5.3559e-07 0.227383 9.88055e-07 2.41275e-05 0.00022433 0.00477184 3.64435e-05 0.756775
0.130208  478.919 0.010746 5.82131e-07 0.22729 1.04915e-06 2.56709e-05 0.000229414 0.00491401 3.72487e-05 0.756756
0.130339  480.933 0.0107089 6.32376e-07 0.227194 1.11435e-06 2.73041e-05 0.000234478 0.00505972 3.8055e-05 0.756735
0.130469  482.99 0.0106715 6.86581e-07 0.227096 1.18393e-06 2.90311e-05 0.000239514 0.00520901 3.88613e-05 0.756715
0.130599  485.091 0.0106338 7.45017e-07 0.226994 1.25818e-06 3.08557e-05 0.000244513 0.00536195 3.9667e-05 0.756693
0.130729  487.235 0.010596 8.07965e-07 0.22689 1.3374e-06 3.27818e-05 0.000249468 0.00551858 4.04711e-05 0.756671
0.130859  489.423 0.0105579 8.75723e-07 0.226782 1.4219e-06 3.48132e-05 0.000254369 0.00567895 4.12728e-05 0.756648
0.13099  491.656 0.0105196 9.48604e-07 0.226672 1.51204e-06 3.69539e-05 0.000259208 0.00584311 4.20711e-05 0.756625
0.13112  493.933 0.0104811 1.02693e-06 0.226558 1.60816e-06 3.92077e-05 0.000263977 0.0060111 4.28651e-05 0.756601
0.13125  496.256 0.0104423 1.11105e-06 0.226442 1.71066e-06 4.15781e-05 0.000268667 0.00618297 4.36541e-05 0.756576
0.13138  498.624 0.0104034 1.20131e-06 0.226322 1.81991e-06 4.40689e-05 0.000273272 0.00635875 4.4437e-05 0.756551
0.13151  501.038 0.0103642 1.29809e-06 0.226199 1.93635e-06 4.66834e-05 0.000277782 0.0065385 4.52129e-05 0.756526
0.131641  503.497 0.0103248 1.40177e-06 0.226072 2.06041e-06 4.94251e-05 0.000282189 0.00672224 4.59809e-05 0.7565
0.131771  506.003 0.0102852 1.51275e-06 0.225943 2.19256e-06 5.2297e-05 0.000286488 0.00691002 4.67402e-05 0.756473
0.131901  508.554 0.0102454 1.63144e-06 0.22581 2.33327e-06 5.53021e-05 0.00029067 0.00710187 4.74898e-05 0.756446
0.132031  511.152 0.0102054 1.75828e-06 0.225673 2.48306e-06 5.84431e-05 0.000294729 0.00729782 4.82289e-05 0.756418
0.132161  513.796 0.0101652 1.8937e-06 0.225533 2.64247e-06 6.17225e-05 0.000298659 0.00749791 4.89564e-05 0.75639
0.132292  516.486 0.0101248 2.03817e-06 0.22539 2.81205e-06 6.51423e-05 0.000302453 0.00770216 4.96716e-05 0.756361
0.132422  519.222 0.0100842 2.19215e-06 0.225243 2.99238e-06 6.87046e-05 0.000306107 0.0079106 5.03735e-05 0.756331
0.132552  522.005 0.0100434 2.35612e-06 0.225093 3.18408e-06 7.24107e-05 0.000309615 0.00812326 5.10613e-05 0.756302
0.132682  524.833 0.0100024 2.53059e-06 0.224939 3.38779e-06 7.6262e-05 0.000312973 0.00834015 5.17342e-05 0.756271
0.132812  527.708 0.00996123 2.71605e-06 0.224782 3.60419e-06 8.02591e-05 0.000316177 0.0085613 5.23912e-05 0.756241
0.132943  530.628 0.00991987 2.91303e-06 0.224621 3.83396e-06 8.44026e-05 0.000319223 0.00878672 5.30316e-05 0.756209
0.133073  533.594 0.00987834 3.12204e-06 0.224456 4.07784e-06 8.86925e-05 0.000322108 0.00901644 5.36545e-05 0.756178
0.133203  536.605 0.00983662 3.34363e-06 0.224287 4.3366e-06 9.31283e-05 0.000324831 0.00925045 5.42592e-05 0.756146
0.133333  539.661 0.00979474 3.57833e-06 0.224115 4.61104e-06 9.77091e-05 0.000327388 0.00948878 5.48447e-05 0.756113
0.133854  552.329 0.00962556 4.65243e-06 0.223389 5.87233e-06 0.000117454 0.00033596 0.0104845 5.69893e-05 0.75598
0.134375  565.685 0.00945384 5.98057e-06 0.222603 7.45635e-06 0.000139363 0.000341892 0.0115494 5.87714e-05 0.75584
0.134896  579.694 0.00927981 7.59848e-06 0.221755 9.43299e-06 0.000163188 0.000345304 0.0126831 6.01514e-05 0.755697
0.135417  594.315 0.00910368 9.54073e-06 0.220846 1.18853e-05 0.000188586 0.000346394 0.0138844 6.10973e-05 0.755549
0.135937  609.499 0.00892566 1.18396e-05 0.219875 1.49123e-05 0.000215144 0.000345405 0.0151518 6.15865e-05 0.755398
0.136458  625.193 0.00874598 1.45234e-05 0.218846 1.86316e-05 0.000242405 0.000342603 0.0164832 6.1607e-05 0.755246
0.136979  641.341 0.00856485 1.76161e-05 0.217758 2.31828e-05 0.000269912 0.000338253 0.0178761 6.11584e-05 0.755091
0.1375  657.886 0.00838249 2.11363e-05 0.216613 2.87296e-05 0.000297236 0.000332608 0.0193279 6.02533e-05 0.754936
0.138021  674.77 0.00819913 2.50967e-05 0.215414 3.54622e-05 0.000324009 0.000325901 0.0208355 5.8916e-05 0.754782
0.138542  691.937 0.00801496 2.95046e-05 0.214164 4.35975e-05 0.000349944 0.00031834 0.0223957 5.71825e-05 0.754627
0.139063  709.333 0.00783018 3.43616e-05 0.212862 5.33795e-05 0.00037485 0.000310111 0.0240055 5.5098e-05 0.754474
0.139583  726.906 0.007645 3.96642e-05 0.211513 6.50762e-05 0.000398641 0.000301377 0.0256615 5.27152e-05 0.754323
0.140104  744.607 0.0074596 4.54046e-05 0.210118 7.8977e-05 0.000421329 0.00029228 0.0273606 5.00917e-05 0.754174
0.140625  762.393 0.00727414 5.15707e-05 0.208678 9.53866e-05 0.000443023 0.000282945 0.0290999 4.72873e-05 0.754028
0.141146  780.221 0.0070888 5.81473e-05 0.207195 0.000114619 0.000463913 0.000273481 0.0308764 4.43617e-05 0.753886
0.141667  798.054 0.00690372 6.5116e-05 0.205669 0.000136991 0.000484261 0.000263979 0.0326875 4.13725e-05 0.753748
0.142188  815.857 0.00671906 7.24564e-05 0.204103 0.00016281 0.000504381 0.000254519 0.0345305 3.83734e-05 0.753615
0.142708  833.601 0.00653495 8.01456e-05 0.202497 0.000192372 0.000524629 0.000245167 0.0364029 3.54125e-05 0.753487
0.143229  851.257 0.00635153 8.81592e-05 0.200852 0.000225948 0.000545385 0.000235979 0.0383024 3.25318e-05 0.753366
0.14375  868.801 0.00616892 9.64706e-05 0.199169 0.000263779 0.000567041 0.000226997 0.0402267 2.97666e-05 0.753252
0.144271  886.211 0.00598727 0.000105052 0.197448 0.000306066 0.000589993 0.000218257 0.0421735 2.71452e-05 0.753145
0.144792  903.466 0.0058067 0.000113874 0.19569 0.000352969 0.000614624 0.000209785 0.0441405 2.46889e-05 0.753047
0.145313  920.55 0.00562735 0.000122904 0.193897 0.000404596 0.000641303 0.0002016 0.0461253 2.24128e-05 0.752957
0.145833  937.445 0.00544936 0.000132111 0.192071 0.000461005 0.000670372 0.000193714 0.0481255 2.03259e-05 0.752877
0.146354  954.137 0.00527288 0.00014146 0.190212 0.000522198 0.000702145 0.000186135 0.0501385 1.84319e-05 0.752806
0.146875  970.615 0.00509806 0.000150915 0.188323 0.000588121 0.000736899 0.000178866 0.0521615 1.67301e-05 0.752746
0.147396  986.864 0.00492506 0.000160439 0.186407 0.000658667 0.000774872 0.000171905 0.0541917 1.52159e-05 0.752695
0.147917  1002.88 0.00475405 0.000169993 0.184465 0.000733674 0.000816262 0.000165249 0.0562259 1.38817e-05 0.752656
0.148438  1018.64 0.00458521 0.000179537 0.182502 0.000812928 0.000861224 0.000158892 0.0582609 1.27178e-05 0.752627
0.148958  1034.15 0.00441872 0.000189032 0.180519 0.000896169 0.000909865 0.000152826 0.0602934 1.17125e-05 0.752609
0.149479  1049.39 0.00425477 0.000198436 0.178522 0.000983094 0.000962252 0.000147041 0.0623197 1.08534e-05 0.752601
0.15  1064.36 0.00409354 0.000207709 0.176515 0.00107336 0.0010184 0.000141528 0.0643364 1.01274e-05 0.752604
0.151042  1093.48 0.00377969 0.000225749 0.172478 0.00126281 0.00114192 0.000131277 0.0683308 9.03315e-06 0.75264
0.152083  1121.44 0.003479 0.000242793 0.168452 0.00146084 0.00127962 0.000121986 0.0722416 8.31936e-06 0.752714
0.153125  1148.21 0.00319284 0.000258557 0.164473 0.00166391 0.00143015 0.000113573 0.0760396 7.89749e-06 0.75282
0.154167  1173.78 0.00292243 0.000272798 0.160579 0.00186844 0.00159164 0.000105958 0.0796976 7.69289e-06 0.752955
0.155208  1198.13 0.00266871 0.000285324 0.156803 0.00207094 0.00176185 9.90672e-05 0.0831921 7.64516e-06 0.753111
0.15625  1221.28 0.00243238 0.000295999 0.153177 0.00226817 0.0019383 9.28318e-05 0.0865035 7.70696e-06 0.753284
0.157292  1243.23 0.00221378 0.000304746 0.149726 0.00245723 0.00211842 8.71901e-05 0.0896172 7.84205e-06 0.753468
0.158333  1264.01 0.00201297 0.000311547 0.146469 0.00263569 0.00229966 8.20854e-05 0.0925236 8.02316e-06 0.753657
0.159375  1283.65 0.00182971 0.000316437 0.143422 0.00280156 0.00247964 7.74659e-05 0.0952181 8.23002e-06 0.753847
0.160417  1302.19 0.00166346 0.000319493 0.140591 0.00295334 0.0026562 7.32844e-05 0.0977006 8.44775e-06 0.754035
0.161458  1319.69 0.00151351 0.000320833 0.137979 0.00309002 0.00282746 6.94975e-05 0.099975 8.66556e-06 0.754216
0.1625  1336.18 0.00137893 0.000320598 0.135585 0.00321101 0.00299188 6.60653e-05 0.102049 8.87573e-06 0.754389
0.163542  1351.73 0.00125869 0.00031895 0.133402 0.00331615 0.00314824 6.29517e-05 0.103931 9.0729e-06 0.754552
0.164583  1366.37 0.00115168 0.000316058 0.131423 0.00340561 0.00329565 6.01235e-05 0.105635 9.25349e-06 0.754704
0.165625  1380.18 0.00105676 0.000312092 0.129636 0.00347982 0.00343353 5.75505e-05 0.107171 9.41527e-06 0.754844
0.166667  1393.19 0.00097278 0.000307221 0.128028 0.00353948 0.00356155 5.52055e-05 0.108555 9.55703e-06 0.754972
0.167708  1405.47 0.000898632 0.000301602 0.126585 0.00358544 0.0036796 5.30639e-05 0.109798 9.67833e-06 0.755088
0.16875  1417.05 0.000833255 0.000295384 0.125295 0.00361866 0.00378776 5.11037e-05 0.110916 9.77931e-06 0.755193
0.169792  1427.99 0.000775655 0.0002887 0.124144 0.0036402 0.00388628 4.93051e-05 0.11192 9.86053e-06 0.755287
0.170833  1438.33 0.000724914 0.000281668 0.123117 0.00365113 0.00397549 4.76507e-05 0.112821 9.92282e-06 0.755371
0.171875  1448.11 0.000680195 0.000274394 0.122203 0.00365255 0.00405582 4.61246e-05 0.113633 9.96723e-06 0.755445
0.172917  1457.38 0.000640744 0.000266967 0.12139 0.0036455 0.00412775 4.47132e-05 0.114364 9.99492e-06 0.755511
0.173958  1466.16 0.000605885 0.000259465 0.120666 0.00363101 0.00419178 4.34041e-05 0.115024 1.00071e-05 0.755569
0.175  1474.48 0.000575017 0.000251952 0.120022 0.00361004 0.00424845 4.21866e-05 0.115621 1.0005e-05 0.75562
0.176042  1482.39 0.000547612 0.000244482 0.119448 0.00358347 0.00429827 4.10512e-05 0.116162 9.98994e-06 0.755665
0.177083  1489.91 0.000523208 0.000237098 0.118936 0.00355214 0.00434177 3.99894e-05 0.116655 9.96302e-06 0.755704
0.178125  1497.06 0.000501398 0.000229835 0.11848 0.00351679 0.00437943 3.89938e-05 0.117105 9.92543e-06 0.755739
0.179167  1503.88 0.000481833 0.000222719 0.118072 0.0034781 0.00441175 3.80579e-05 0.117517 9.87826e-06 0.755769
0.180208  1510.37 0.000464209 0.000215772 0.117707 0.00343666 0.00443916 3.71759e-05 0.117896 9.82255e-06 0.755795
0.18125  1516.57 0.000448262 0.000209009 0.117379 0.00339301 0.00446209 3.63428e-05 0.118245 9.75926e-06 0.755818
0.182292  1522.48 0.000433766 0.000202441 0.117084 0.00334763 0.00448093 3.55541e-05 0.118568 9.68928e-06 0.755837
0.183333  1528.14 0.000420528 0.000196074 0.116819 0.00330093 0.00449606 3.48057e-05 0.118869 9.61343e-06 0.755854
0.184375  1533.55 0.00040838 0.000189913 0.116579 0.00325325 0.0045078 3.40942e-05 0.119149 9.53249e-06 0.755869
0.185417  1538.73 0.000397179 0.000183959 0.116362 0.00320492 0.00451647 3.34165e-05 0.119411 9.44714e-06 0.755882
0.186458  1543.7 0.000386803 0.000178212 0.116164 0.00315621 0.00452236 3.27696e-05 0.119657 9.35802e-06 0.755893
0.1875  1548.46 0.000377147 0.000172668 0.115985 0.00310733 0.00452572 3.21512e-05 0.119888 9.26573e-06 0.755903
0.189583  1557.4 0.000359723 0.000162182 0.115672 0.00300968 0.00452559 3.09927e-05 0.120312 9.07326e-06 0.755919
0.191667  1565.66 0.000344252 0.000152459 0.115409 0.00291334 0.00451796 2.9924e-05 0.120694 8.87373e-06 0.75593
0.19375  1573.31 0.000330321 0.000143453 0.115185 0.00281911 0.00450419 2.8933e-05 0.121042 8.67e-06 0.755939
0.195833  1580.41 0.000317621 0.000135113 0.114993 0.00272752 0.00448539 2.80096e-05 0.12136 8.4644e-06 0.755945
0.197917  1587.02 0.000305925 0.000127388 0.114827 0.00263892 0.00446253 2.71456e-05 0.121654 8.25883e-06 0.755949
0.2  1593.18 0.000295062 0.000120227 0.114681 0.00255355 0.00443641 2.6334e-05 0.121927 8.05491e-06 0.755952
0.20625  1609.26 0.000266664 0.00010182 0.114347 0.00231764 0.00434324 2.4182e-05 0.122636 7.46158e-06 0.755957
0.2125  1622.58 0.000242543 8.69947e-05 0.114108 0.00210989 0.00423759 2.23404e-05 0.123228 6.9078e-06 0.755957
0.21875  1633.77 0.000221637 7.49299e-05 0.113935 0.00192719 0.00412597 2.0738e-05 0.123733 6.39859e-06 0.755955
0.225  1643.28 0.000203304 6.50089e-05 0.113807 0.0017662 0.00401238 1.93256e-05 0.124168 5.93422e-06 0.755953
0.23125  1651.43 0.000187104 5.67724e-05 0.113712 0.0016239 0.00389927 1.8068e-05 0.124548 5.51243e-06 0.75595
0.2375  1658.48 0.000172709 4.98734e-05 0.113642 0.00149763 0.00378814 1.6939e-05 0.124881 5.12988e-06 0.755947
0.24375  1664.62 0.000159858 4.40474e-05 0.113591 0.00138512 0.00367991 1.59186e-05 0.125176 4.78285e-06 0.755943
0.25  1670.02 0.000148341 3.9089e-05 0.113555 0.00128448 0.00357514 1.49907e-05 0.125439 4.46782e-06 0.75594
0.2625  1678.92 0.000128802 3.1268e-05 0.113514 0.00111441 0.00337879 1.33847e-05 0.125881 3.92497e-06 0.755934
0.275  1686.02 0.000112794 2.53973e-05 0.113502 0.000975522 0.00319817 1.20265e-05 0.126241 3.47295e-06 0.755929
0.2875  1691.78 9.95133e-05 2.09006e-05 0.113507 0.000860595 0.00303237 1.08645e-05 0.12654 3.093e-06 0.755925
0.3  1696.53 8.8353e-05 1.73848e-05 0.113525 0.000764144 0.0028799 9.85741e-06 0.126792 2.7702e-06 0.755921
0.3375  1706.32 6.50063e-05 1.08604e-05 0.113601 0.000562838 0.00251175 7.64587e-06 0.127326 2.0809e-06 0.755912
0.375  1712.62 4.98195e-05 7.24543e-06 0.113688 0.000432119 0.00222424 6.10934e-06 0.127685 1.62262e-06 0.755906
0.43125  1718.57 3.58212e-05 4.39983e-06 0.1138 0.000311546 0.00190767 4.60758e-06 0.128034 1.18959e-06 0.755901
0.4875  1722.27 2.71468e-05 2.89973e-06 0.113896 0.000236868 0.00167405 3.63204e-06 0.128261 9.16277e-07 0.755897
0.65625  1727.59 1.55034e-05 1.25097e-06 0.114071 0.000135983 0.00127989 2.26335e-06 0.1286 5.37606e-07 0.755894
0.909375  1730.99 8.94634e-06 5.49818e-07 0.114209 7.89267e-05 0.000980809 1.48012e-06 0.128828 3.17519e-07 0.755892
1.28906  1733.2 5.31127e-06 2.52395e-07 0.114313 4.70885e-05 0.000760379 1.07041e-06 0.128981 1.92115e-07 0.755891
1.85859  1734.61 3.33876e-06 1.26254e-07 0.114387 2.97023e-05 0.000605246 8.85394e-07 0.129083 1.22654e-07 0.755891
2.71289  1735.62 2.15952e-06 6.58417e-08 0.114443 1.92194e-05 0.00048752 8.17024e-07 0.129156 8.03819e-08 0.755891
3.99434  1735.62 2.15952e-06 6.58417e-08 0.114443 1.92194e-05 0.00048752 8.17024e-07 0.129156 8.03819e-08 0.755891
