TITLE="Graphics"
VARIABLES= "x", "T1", "Y_H2_1", 
"Y_H_1", "Y_O2_1", "Y_O_1", "Y_OH_1", "Y_HO2_1", "Y_H2O_1", "Y_H2O2_1", "Y_N2_1"
0  400 0.0285219 0 0.226362 0 0 0 0 0 0.745116
0.0125  400 0.0285219 1.16664e-27 0.226362 1.01906e-23 2.75919e-25 7.27766e-19 1.14102e-21 1.39218e-24 0.745116
0.01875  400 0.0285219 5.5145e-28 0.226362 4.09724e-24 1.10117e-25 4.22689e-19 6.2746e-22 8.09924e-25 0.745116
0.025  400 0.0285219 2.73117e-27 0.226362 2.57471e-23 6.83465e-25 1.08327e-18 1.89128e-21 2.06345e-24 0.745116
0.03125  400 0.0285219 -3.45536e-27 0.226362 -5.56775e-23 -1.36487e-24 -3.47063e-19 -1.21544e-21 -6.37502e-25 0.745116
0.034375  400 0.0285219 4.33704e-26 0.226362 4.72588e-23 9.43604e-25 6.35542e-19 1.26049e-21 1.20578e-24 0.745116
0.0375  400 0.0285219 4.63632e-25 0.226362 1.67548e-21 4.08386e-23 -5.83384e-18 -2.79952e-20 -1.06892e-23 0.745116
0.05  400 0.0285219 2.9638e-23 0.226362 2.51106e-19 6.8412e-21 4.58946e-16 3.60785e-18 8.28111e-22 0.745116
0.053  400 0.0285219 -1.08776e-23 0.226362 2.02268e-19 5.47385e-21 4.00989e-16 3.1144e-18 7.23791e-22 0.745116
0.056  400 0.0285219 -3.56161e-22 0.226362 -3.5459e-19 -1.18789e-20 8.40409e-16 1.08316e-17 1.49587e-21 0.745116
0.059  400 0.0285219 -3.42027e-21 0.226362 -7.04081e-18 -2.5837e-19 -2.49276e-15 -1.09255e-16 -4.22412e-21 0.745116
0.062  400 0.0285219 -2.81977e-20 0.226362 -8.76749e-17 -3.9735e-18 2.27688e-14 1.75576e-15 3.81488e-20 0.745116
0.068  400 0.0285219 -4.75579e-19 0.226362 -2.92537e-15 -1.78037e-16 -5.77432e-13 -8.72007e-14 -9.45876e-19 0.745116
0.074  400 0.0285219 2.04118e-18 0.226362 8.46274e-15 9.30843e-16 7.68153e-13 1.40671e-13 1.24993e-18 0.745116
0.08  400 0.0285219 -1.314e-17 0.226362 -3.68678e-14 -6.41998e-15 -2.24587e-12 -4.41365e-13 -3.64877e-18 0.745116
0.086  400 0.0285219 8.3871e-17 0.226362 1.43932e-13 4.56847e-14 4.48216e-12 1.03097e-12 7.28616e-18 0.745116
0.098  400 0.0285234 -2.58111e-15 0.226362 -2.19913e-12 -1.1582e-12 -4.6859e-11 -1.13019e-11 -7.67808e-17 0.745115
0.098125  400 0.0285234 -2.35799e-15 0.226362 -2.187e-12 -1.12229e-12 -4.67813e-11 -1.1295e-11 -7.65453e-17 0.745115
0.09825  400 0.0285234 -2.12805e-15 0.226362 -2.17405e-12 -1.08527e-12 -4.669e-11 -1.12851e-11 -7.62841e-17 0.745115
0.098375  400 0.0285234 -1.88955e-15 0.226362 -2.16024e-12 -1.04698e-12 -4.65839e-11 -1.1272e-11 -7.59945e-17 0.745115
0.0985  400 0.0285233 -1.64066e-15 0.226362 -2.1455e-12 -1.00728e-12 -4.64618e-11 -1.12554e-11 -7.5673e-17 0.745115
0.098625  400 0.0285233 -1.37945e-15 0.226362 -2.12976e-12 -9.66005e-13 -4.63224e-11 -1.12352e-11 -7.53159e-17 0.745115
0.09875  400 0.0285233 -1.10383e-15 0.226362 -2.11294e-12 -9.22983e-13 -4.61643e-11 -1.12109e-11 -7.49192e-17 0.745115
0.098875  400 0.0285232 -8.11573e-16 0.226362 -2.09496e-12 -8.78021e-13 -4.59858e-11 -1.11823e-11 -7.44782e-17 0.745115
0.099  400 0.0285232 -5.00264e-16 0.226362 -2.07575e-12 -8.30908e-13 -4.57852e-11 -1.1149e-11 -7.39878e-17 0.745115
0.099125  400 0.0285232 -1.67292e-16 0.226362 -2.05521e-12 -7.81419e-13 -4.55605e-11 -1.11107e-11 -7.34423e-17 0.745115
0.09925  400 0.0285232 1.90185e-16 0.226362 -2.03325e-12 -7.29303e-13 -4.53097e-11 -1.1067e-11 -7.28353e-17 0.745115
0.099375  400 0.0285231 5.75268e-16 0.226362 -2.00975e-12 -6.74293e-13 -4.50305e-11 -1.10175e-11 -7.21596e-17 0.745115
0.0995  400 0.0285231 9.91345e-16 0.226362 -1.9846e-12 -6.16092e-13 -4.47203e-11 -1.09616e-11 -7.14073e-17 0.745115
0.099625  400 0.028523 1.44214e-15 0.226362 -1.95769e-12 -5.54381e-13 -4.43764e-11 -1.0899e-11 -7.05694e-17 0.745115
0.09975  400 0.028523 1.93172e-15 0.226362 -1.92889e-12 -4.88809e-13 -4.39959e-11 -1.08289e-11 -6.96362e-17 0.745115
0.099875  400 0.028523 2.46458e-15 0.226362 -1.89804e-12 -4.18996e-13 -4.35756e-11 -1.07509e-11 -6.85964e-17 0.745115
0.1  400 0.0285229 3.04567e-15 0.226362 -1.86502e-12 -3.44525e-13 -4.31119e-11 -1.06642e-11 -6.74378e-17 0.745115
0.100521  400 0.0285227 6.0446e-15 0.226362 -1.70216e-12 2.07797e-14 -4.06717e-11 -1.02026e-11 -6.1183e-17 0.745115
0.101042  400 0.0285225 1.04788e-14 0.226362 -1.48447e-12 5.16299e-13 -3.70594e-11 -9.5148e-12 -5.12643e-17 0.745115
0.101562  400 0.0285223 1.71168e-14 0.226362 -1.19291e-12 1.20177e-12 -3.17772e-11 -8.51035e-12 -3.55156e-17 0.745116
0.102083  400 0.028522 2.71377e-14 0.226362 -8.01898e-13 2.1633e-12 -2.41288e-11 -7.06252e-12 -1.04921e-17 0.745116
0.102604  400 0.0285216 4.23577e-14 0.226362 -2.76941e-13 3.52506e-12 -1.31539e-11 -4.99385e-12 2.92834e-17 0.745116
0.103125  400 0.0285213 6.55829e-14 0.226362 4.28395e-13 5.46614e-12 2.44939e-12 -2.05657e-12 9.25171e-17 0.745116
0.104167  400 0.0285203 1.4909e-13 0.226363 2.56779e-12 1.18617e-11 5.27157e-11 7.45945e-12 3.3086e-16 0.745117
0.10625  400.001 0.0285174 6.59089e-13 0.226364 1.22046e-11 4.59117e-11 2.95623e-10 5.57571e-11 2.00308e-15 0.745119
0.108333  400.003 0.0285122 3.35213e-12 0.226365 4.95097e-11 2.25166e-10 1.53589e-09 3.48237e-10 3.77284e-14 0.745123
0.110417  400.011 0.0285029 1.72549e-11 0.226368 1.93961e-10 1.15314e-09 7.93811e-09 2.25607e-09 7.99456e-13 0.745129
0.1125  400.036 0.0284859 8.89269e-11 0.226373 7.53239e-10 5.94571e-09 4.1225e-08 1.55129e-08 1.69949e-11 0.745141
0.114583  400.117 0.0284553 4.58247e-10 0.226382 2.91788e-09 3.0684e-08 2.18356e-07 1.12878e-07 3.59696e-10 0.745162
0.116667  400.381 0.0284001 2.35918e-09 0.226397 1.12913e-08 1.58307e-07 1.24115e-06 8.59445e-07 7.54489e-09 0.745201
0.117188  400.54 0.0283794 4.06297e-09 0.226402 1.71489e-08 2.73313e-07 2.51135e-06 1.85161e-06 3.14442e-08 0.745214
0.117708  400.747 0.0283556 6.57746e-09 0.226406 2.50375e-08 4.36545e-07 4.35284e-06 3.31815e-06 6.92876e-08 0.74523
0.118229  401.017 0.028328 1.03833e-08 0.226411 3.56738e-08 6.69773e-07 6.99521e-06 5.48308e-06 1.29036e-07 0.745248
0.11875  401.37 0.0282963 1.62169e-08 0.226415 5.0039e-08 1.00465e-06 1.07509e-05 8.67509e-06 2.23003e-07 0.745268
0.11901  401.585 0.0282786 2.03214e-08 0.226417 5.91283e-08 1.22754e-06 1.32026e-05 1.08369e-05 2.89899e-07 0.745279
0.119271  401.832 0.0282596 2.54173e-08 0.226418 6.97028e-08 1.49498e-06 1.60991e-05 1.34546e-05 3.73228e-07 0.745291
0.119531  402.112 0.0282392 3.17536e-08 0.226419 8.20163e-08 1.81617e-06 1.95106e-05 1.66226e-05 4.76851e-07 0.745303
0.119792  402.432 0.0282174 3.96407e-08 0.226419 9.63698e-08 2.20223e-06 2.35156e-05 2.04551e-05 6.05473e-07 0.745316
0.120052  402.795 0.0281939 4.94653e-08 0.226419 1.13121e-07 2.66662e-06 2.8201e-05 2.50887e-05 7.64792e-07 0.74533
0.120312  403.21 0.0281688 6.17096e-08 0.226418 1.32698e-07 3.22563e-06 3.36622e-05 3.06875e-05 9.61684e-07 0.745344
0.120573  403.681 0.0281419 7.69749e-08 0.226416 1.55613e-07 3.89901e-06 4.00018e-05 3.74477e-05 1.20439e-06 0.74536
0.120833  404.218 0.028113 9.60105e-08 0.226412 1.82482e-07 4.71069e-06 4.73291e-05 4.56037e-05 1.50274e-06 0.745375
0.121094  404.827 0.0280821 1.1975e-07 0.226407 2.14048e-07 5.68963e-06 5.57579e-05 5.54347e-05 1.86837e-06 0.745392
0.121354  405.52 0.028049 1.49357e-07 0.2264 2.51213e-07 6.87089e-06 6.54034e-05 6.7272e-05 2.31496e-06 0.745409
0.121615  406.306 0.0280135 1.86276e-07 0.22639 2.95068e-07 8.29681e-06 7.63792e-05 8.15079e-05 2.85846e-06 0.745427
0.121875  407.197 0.0279756 2.32306e-07 0.226378 3.46947e-07 1.00185e-05 8.87922e-05 9.86052e-05 3.51729e-06 0.745445
0.122135  408.208 0.027935 2.89678e-07 0.226362 4.08475e-07 1.20976e-05 0.000102737 0.000119107 4.31257e-06 0.745464
0.122396  409.352 0.0278917 3.61161e-07 0.226343 4.81639e-07 1.46078e-05 0.000118287 0.000143648 5.26822e-06 0.745483
0.122656  410.645 0.0278454 4.50177e-07 0.226319 5.68869e-07 1.76373e-05 0.000135491 0.000172966 6.41106e-06 0.745502
0.122917  412.105 0.0277959 5.60959e-07 0.22629 6.73134e-07 2.12911e-05 0.000154358 0.000207913 7.77082e-06 0.745522
0.123177  413.751 0.0277432 6.98714e-07 0.226254 7.98058e-07 2.56929e-05 0.000174855 0.000249468 9.38e-06 0.745541
0.123437  415.603 0.027687 8.69845e-07 0.226212 9.48051e-07 3.09877e-05 0.000196892 0.000298744 1.12737e-05 0.745561
0.123698  417.683 0.0276272 1.08218e-06 0.226162 1.12845e-06 3.73438e-05 0.000220322 0.000356998 1.34893e-05 0.74558
0.123958  420.014 0.0275636 1.34526e-06 0.226103 1.34568e-06 4.49542e-05 0.000244929 0.000425639 1.60658e-05 0.745599
0.124219  422.621 0.0274961 1.67064e-06 0.226034 1.60741e-06 5.40371e-05 0.000270432 0.000506223 1.90433e-05 0.745617
0.124479  425.528 0.0274244 2.07226e-06 0.225954 1.92271e-06 6.48356e-05 0.000296487 0.000600461 2.24619e-05 0.745634
0.12474  428.759 0.0273484 2.56679e-06 0.22586 2.30218e-06 7.76143e-05 0.000322694 0.000710198 2.63609e-05 0.74565
0.125  432.34 0.027268 3.17401e-06 0.225752 2.75802e-06 9.26557e-05 0.000348615 0.000837415 3.07766e-05 0.745665
0.12513  434.272 0.027226 3.52879e-06 0.225692 3.01986e-06 0.000101138 0.000361298 0.000908398 3.31912e-05 0.745672
0.12526  436.299 0.027183 3.92085e-06 0.225627 3.30613e-06 0.000110295 0.000373736 0.000984545 3.57464e-05 0.745678
0.125391  438.426 0.0271387 4.35372e-06 0.225558 3.61878e-06 0.000120164 0.000385871 0.00106613 3.84453e-05 0.745684
0.125521  440.655 0.0270932 4.83117e-06 0.225485 3.95985e-06 0.000130779 0.000397647 0.00115343 4.12899e-05 0.74569
0.125651  442.989 0.0270466 5.35728e-06 0.225406 4.33146e-06 0.000142174 0.000409008 0.00124673 4.4282e-05 0.745695
0.125781  445.429 0.0269987 5.93635e-06 0.225322 4.73577e-06 0.000154381 0.000419906 0.00134631 4.74222e-05 0.7457
0.125911  447.978 0.0269496 6.57297e-06 0.225233 5.17501e-06 0.000167428 0.000430293 0.00145245 5.07103e-05 0.745705
0.126042  450.639 0.0268993 7.27201e-06 0.225138 5.65142e-06 0.000181342 0.000440127 0.00156543 5.41452e-05 0.745709
0.126172  453.412 0.0268478 8.03861e-06 0.225037 6.16726e-06 0.000196146 0.000449372 0.00168553 5.77245e-05 0.745712
0.126302  456.3 0.0267949 8.87815e-06 0.22493 6.72477e-06 0.000211857 0.000457996 0.00181304 6.14445e-05 0.745715
0.126432  459.304 0.0267409 9.79631e-06 0.224817 7.32617e-06 0.000228489 0.000465974 0.00194822 6.53003e-05 0.745717
0.126562  462.424 0.0266855 1.0799e-05 0.224696 7.97362e-06 0.000246049 0.000473287 0.00209134 6.92855e-05 0.745719
0.126693  465.663 0.0266289 1.18923e-05 0.224569 8.66922e-06 0.00026454 0.000479921 0.00224267 7.33922e-05 0.745721
0.126823  469.019 0.026571 1.30826e-05 0.224435 9.41497e-06 0.000283957 0.00048587 0.00240247 7.7611e-05 0.745722
0.126953  472.495 0.0265118 1.43765e-05 0.224293 1.02128e-05 0.000304288 0.000491133 0.00257098 8.19308e-05 0.745722
0.127083  476.088 0.0264514 1.57806e-05 0.224143 1.10643e-05 0.000325515 0.000495712 0.00274845 8.6339e-05 0.745722
0.127214  479.8 0.0263897 1.73019e-05 0.223986 1.19714e-05 0.000347614 0.000499618 0.00293512 9.08217e-05 0.745722
0.127344  483.63 0.0263266 1.89473e-05 0.22382 1.29353e-05 0.00037055 0.000502863 0.00313119 9.5363e-05 0.745721
0.127474  487.576 0.0262624 2.07239e-05 0.223647 1.39574e-05 0.000394282 0.000505467 0.00333687 9.99457e-05 0.74572
0.127604  491.639 0.0261968 2.26388e-05 0.223465 1.50389e-05 0.000418762 0.000507448 0.00355238 0.000104552 0.745718
0.127865  500.104 0.0260618 2.69027e-05 0.223075 1.73823e-05 0.000469788 0.000509624 0.00401321 0.000113773 0.745712
0.128125  509.012 0.0259219 3.18043e-05 0.22265 1.99735e-05 0.000523067 0.000509633 0.00451531 0.000122843 0.745705
0.128385  518.345 0.0257769 3.73982e-05 0.22219 2.28177e-05 0.000577993 0.000507715 0.00505973 0.000131584 0.745696
0.128646  528.082 0.025627 4.37364e-05 0.221693 2.59196e-05 0.000633883 0.000504112 0.00564726 0.00013982 0.745685
0.128776  533.094 0.0255502 4.72041e-05 0.221432 2.75701e-05 0.000661919 0.000501764 0.00595748 0.000143685 0.745679
0.128906  538.199 0.0254722 5.08753e-05 0.221161 2.92877e-05 0.000689919 0.000499079 0.00627867 0.000147362 0.745672
0.129036  543.392 0.0253931 5.47556e-05 0.220881 3.10738e-05 0.000717789 0.000496083 0.00661083 0.000150832 0.745665
0.129167  548.67 0.0253127 5.88497e-05 0.220592 3.29301e-05 0.000745433 0.000492802 0.00695397 0.000154077 0.745657
0.129297  554.03 0.0252312 6.31619e-05 0.220295 3.48586e-05 0.000772757 0.00048926 0.00730806 0.000157082 0.745649
0.129427  559.468 0.0251486 6.76966e-05 0.219989 3.6862e-05 0.000799673 0.000485477 0.0076731 0.000159833 0.74564
0.129557  564.982 0.0250648 7.24576e-05 0.219674 3.89434e-05 0.000826092 0.000481477 0.00804903 0.000162318 0.745631
0.129688  570.566 0.0249799 7.74481e-05 0.219351 4.11066e-05 0.000851932 0.000477279 0.00843579 0.000164525 0.745621
0.129818  576.219 0.0248939 8.2671e-05 0.21902 4.33559e-05 0.000877114 0.000472903 0.0088333 0.000166446 0.745611
0.129948  581.936 0.0248069 8.81289e-05 0.21868 4.56966e-05 0.000901564 0.000468365 0.00924148 0.000168075 0.7456
0.130078  587.713 0.0247187 9.38237e-05 0.218333 4.81347e-05 0.000925216 0.000463684 0.00966021 0.000169406 0.745588
0.130208  593.547 0.0246295 9.97572e-05 0.217977 5.06769e-05 0.000948008 0.000458874 0.0100894 0.000170437 0.745576
0.130339  599.436 0.0245393 0.000105931 0.217614 5.3331e-05 0.000969887 0.000453952 0.0105289 0.000171167 0.745563
0.130469  605.374 0.024448 0.000112345 0.217244 5.61056e-05 0.000990806 0.00044893 0.0109785 0.000171596 0.74555
0.130599  611.36 0.0243557 0.000119 0.216866 5.90105e-05 0.00101073 0.000443822 0.0114382 0.000171728 0.745536
0.130729  617.389 0.0242625 0.000125897 0.216481 6.20562e-05 0.00102961 0.00043864 0.0119077 0.000171567 0.745521
0.130859  623.459 0.0241682 0.000133035 0.216088 6.52544e-05 0.00104744 0.000433396 0.012387 0.000171117 0.745506
0.13099  629.566 0.0240731 0.000140413 0.215689 6.86178e-05 0.0010642 0.000428101 0.0128757 0.000170388 0.74549
0.13112  635.707 0.0239769 0.000148032 0.215284 7.21602e-05 0.00107987 0.000422765 0.0133739 0.000169387 0.745473
0.13125  641.88 0.0238799 0.000155888 0.214871 7.58963e-05 0.00109446 0.000417398 0.0138812 0.000168123 0.745456
0.13138  648.082 0.0237819 0.000163983 0.214452 7.9842e-05 0.00110796 0.000412008 0.0143976 0.000166609 0.745438
0.13151  654.309 0.0236831 0.000172312 0.214027 8.4014e-05 0.00112039 0.000406604 0.0149228 0.000164854 0.745419
0.131641  660.561 0.0235834 0.000180876 0.213596 8.84301e-05 0.00113177 0.000401194 0.0154567 0.000162872 0.745399
0.131771  666.833 0.0234828 0.000189671 0.213159 9.31091e-05 0.00114211 0.000395786 0.0159991 0.000160676 0.745378
0.131901  673.123 0.0233814 0.000198696 0.212715 9.80706e-05 0.00115144 0.000390385 0.0165498 0.000158279 0.745357
0.132031  679.43 0.0232791 0.000207948 0.212266 0.000103335 0.0011598 0.000384999 0.0171088 0.000155695 0.745334
0.132161  685.751 0.023176 0.000217426 0.211811 0.000108924 0.00116722 0.000379633 0.0176758 0.000152939 0.745311
0.132292  692.084 0.0230722 0.000227125 0.21135 0.000114859 0.00117375 0.000374292 0.0182507 0.000150025 0.745287
0.132422  698.427 0.0229675 0.000237044 0.210884 0.000121164 0.00117943 0.000368983 0.0188333 0.000146967 0.745262
0.132552  704.779 0.0228621 0.000247181 0.210411 0.000127862 0.00118429 0.000363709 0.0194236 0.000143781 0.745236
0.132682  711.137 0.0227558 0.000257531 0.209934 0.000134976 0.00118841 0.000358475 0.0200215 0.00014048 0.745209
0.132812  717.5 0.0226489 0.000268093 0.20945 0.000142531 0.00119182 0.000353285 0.0206268 0.000137079 0.745181
0.132943  723.867 0.0225412 0.000278864 0.208961 0.000150553 0.00119458 0.000348141 0.0212394 0.000133592 0.745153
0.133073  730.236 0.0224327 0.000289841 0.208466 0.000159066 0.00119675 0.000343049 0.0218593 0.000130033 0.745123
0.133203  736.605 0.0223236 0.000301022 0.207966 0.000168096 0.00119838 0.00033801 0.0224864 0.000126415 0.745092
0.133333  742.974 0.0222137 0.000312402 0.20746 0.000177669 0.00119953 0.000333027 0.0231207 0.00012275 0.745061
0.133854  768.434 0.0217671 0.000359883 0.205377 0.000221598 0.00119992 0.00031368 0.0257279 0.000107759 0.744925
0.134375  793.805 0.0213099 0.000410352 0.203197 0.000276244 0.00119705 0.000295362 0.0284477 9.29393e-05 0.744773
0.134896  819.043 0.0208424 0.000463649 0.200911 0.000343163 0.00119423 0.000278116 0.0312819 7.88448e-05 0.744607
0.135417  844.116 0.0203649 0.000519614 0.198508 0.000423761 0.00119444 0.000261949 0.0342347 6.58727e-05 0.744427
0.135937  869.002 0.0198781 0.000578093 0.195977 0.000519237 0.0012003 0.000246838 0.0373121 5.42724e-05 0.744234
0.136458  893.685 0.0193822 0.000638929 0.193305 0.000630528 0.00121403 0.000232739 0.0405207 4.41642e-05 0.744031
0.136979  918.154 0.0188777 0.000701951 0.190481 0.000758278 0.00123755 0.000219594 0.0438672 3.55633e-05 0.743821
0.1375  942.4 0.0183654 0.000766974 0.187493 0.000902806 0.0012724 0.000207338 0.0473576 2.84058e-05 0.743606
0.138021  966.413 0.0178458 0.000833791 0.184332 0.0010641 0.00131991 0.000195903 0.0509964 2.25732e-05 0.743389
0.138542  990.186 0.01732 0.00090217 0.180991 0.00124182 0.00138109 0.000185217 0.0547858 1.79148e-05 0.743175
0.139063  1013.71 0.0167888 0.000971848 0.177466 0.0014353 0.00145676 0.000175215 0.0587256 1.42661e-05 0.742967
0.139583  1036.96 0.0162536 0.00104253 0.173755 0.00164356 0.0015475 0.000165831 0.0628125 1.14629e-05 0.742768
0.140104  1059.93 0.0157157 0.00111391 0.169864 0.00186535 0.00165368 0.000157006 0.06704 9.35069e-06 0.742581
0.140625  1082.61 0.0151766 0.00118564 0.165798 0.00209916 0.00177544 0.000148687 0.0713979 7.79157e-06 0.742411
0.141146  1104.96 0.014638 0.00125734 0.161568 0.00234328 0.00191274 0.000140826 0.0758732 6.66657e-06 0.742259
0.141667  1126.98 0.0141016 0.00132864 0.157191 0.00259582 0.00206531 0.000133381 0.0804496 5.87653e-06 0.742129
0.142188  1148.63 0.0135693 0.00139915 0.152683 0.00285477 0.00223268 0.000126316 0.085108 5.34105e-06 0.742021
0.142708  1169.89 0.0130429 0.00146847 0.148067 0.00311807 0.00241421 0.000119601 0.0898272 4.99649e-06 0.741937
0.143229  1190.75 0.0125244 0.00153622 0.143367 0.00338359 0.00260906 0.000113213 0.0945843 4.79354e-06 0.741878
0.14375  1211.18 0.0120155 0.00160203 0.138607 0.00364925 0.00281627 0.00010713 0.0993551 4.69465e-06 0.741843
0.144271  1231.16 0.0115182 0.00166554 0.133816 0.00391306 0.00303471 0.000101337 0.104115 4.67164e-06 0.741832
0.144792  1250.67 0.011034 0.00172643 0.12902 0.00417309 0.0032632 9.58218e-05 0.10884 4.70363e-06 0.741843
0.145313  1269.7 0.0105646 0.00178441 0.124246 0.00442761 0.00350042 9.05742e-05 0.113506 4.77522e-06 0.741876
0.145833  1288.22 0.0101112 0.00183923 0.119521 0.00467501 0.00374506 8.55867e-05 0.11809 4.87512e-06 0.741927
0.146354  1306.24 0.00967521 0.00189068 0.11487 0.00491394 0.00399575 8.08528e-05 0.122572 4.99505e-06 0.741997
0.146875  1323.75 0.00925752 0.0019386 0.110314 0.00514319 0.00425114 7.63671e-05 0.126933 5.1289e-06 0.742081
0.147396  1340.73 0.00885893 0.00198286 0.105875 0.00536183 0.00450991 7.21244e-05 0.131156 5.27209e-06 0.742178
0.147917  1357.19 0.00848004 0.00202339 0.101569 0.00556911 0.00477076 6.81194e-05 0.135228 5.4212e-06 0.742286
0.148438  1373.14 0.00812121 0.00206016 0.0974134 0.00576449 0.00503247 6.43468e-05 0.139137 5.57356e-06 0.742402
0.148958  1388.57 0.0077826 0.00209316 0.0934189 0.00594762 0.00529389 6.08004e-05 0.142874 5.72709e-06 0.742524
0.149479  1403.49 0.0074642 0.00212245 0.0895954 0.00611833 0.00555392 5.74738e-05 0.146433 5.88016e-06 0.74265
0.15  1417.91 0.0071658 0.0021481 0.0859498 0.00627662 0.00581156 5.43595e-05 0.14981 6.03141e-06 0.742778
0.151042  1445.29 0.00662766 0.00218885 0.0792011 0.00655649 0.00631703 4.87358e-05 0.156018 6.32551e-06 0.743036
0.152083  1470.83 0.00616375 0.00221657 0.0731871 0.0067896 0.0068036 4.38616e-05 0.161503 6.60145e-06 0.743286
0.153125  1494.64 0.00576817 0.0022326 0.0678862 0.00697956 0.00726694 3.96626e-05 0.166299 6.85472e-06 0.743521
0.154167  1516.86 0.00543413 0.00223844 0.0632556 0.00713059 0.00770406 3.60618e-05 0.170457 7.08244e-06 0.743737
0.155208  1537.62 0.00515446 0.00223559 0.0592401 0.00724714 0.00811315 3.29836e-05 0.174039 7.28291e-06 0.743931
0.15625  1557.04 0.00492205 0.0022255 0.0557772 0.00733356 0.00849345 3.03563e-05 0.177108 7.45548e-06 0.744102
0.157292  1575.25 0.00473015 0.00220953 0.0528029 0.00739394 0.00884503 2.81143e-05 0.179731 7.60031e-06 0.744252
0.158333  1592.37 0.00457253 0.00218888 0.0502546 0.00743201 0.00916863 2.61988e-05 0.181969 7.7183e-06 0.744381
0.159375  1608.49 0.00444361 0.00216462 0.0480736 0.00745112 0.00946549 2.45583e-05 0.183878 7.81083e-06 0.744491
0.160417  1623.71 0.00433852 0.00213765 0.0462065 0.00745423 0.00973718 2.31481e-05 0.18551 7.87966e-06 0.744585
0.161458  1638.12 0.00425301 0.00210873 0.0446056 0.00744392 0.00998547 2.19304e-05 0.186909 7.92677e-06 0.744665
0.1625  1651.79 0.00418351 0.0020785 0.0432292 0.00742246 0.0102122 2.08732e-05 0.188114 7.95425e-06 0.744731
0.163542  1664.78 0.00412699 0.00204746 0.0420411 0.00739177 0.0104193 1.99498e-05 0.189158 7.96423e-06 0.744787
0.164583  1677.16 0.00408094 0.00201603 0.0410105 0.00735354 0.0106084 1.9138e-05 0.19007 7.95874e-06 0.744834
0.165625  1688.98 0.00404329 0.00198454 0.0401114 0.00730921 0.0107815 1.84194e-05 0.190871 7.93974e-06 0.744873
0.166667  1700.27 0.00401235 0.00195322 0.0393219 0.00725998 0.0109399 1.77789e-05 0.191582 7.90902e-06 0.744905
0.167708  1711.09 0.00398673 0.00192227 0.0386236 0.00720691 0.0110853 1.72041e-05 0.192218 7.86823e-06 0.744932
0.16875  1721.47 0.00396531 0.00189183 0.0380012 0.00715086 0.0112188 1.66848e-05 0.192793 7.81887e-06 0.744954
0.169792  1731.44 0.00394721 0.00186201 0.0374423 0.00709256 0.0113418 1.62125e-05 0.193317 7.76225e-06 0.744973
0.170833  1741.04 0.0039317 0.00183287 0.0369364 0.00703265 0.0114553 1.57804e-05 0.193799 7.69955e-06 0.744989
0.171875  1750.28 0.0039182 0.00180446 0.0364749 0.00697162 0.0115602 1.53827e-05 0.194246 7.63181e-06 0.745002
0.172917  1759.19 0.00390626 0.00177682 0.0360509 0.00690989 0.0116574 1.50149e-05 0.194663 7.55991e-06 0.745013
0.173958  1767.79 0.00389551 0.00174995 0.0356584 0.00684782 0.0117476 1.46729e-05 0.195057 7.48465e-06 0.745022
0.175  1776.1 0.00388568 0.00172385 0.0352928 0.00678568 0.0118314 1.43535e-05 0.195429 7.40671e-06 0.74503
0.176042  1784.14 0.00387654 0.00169852 0.0349501 0.0067237 0.0119095 1.40541e-05 0.195784 7.32667e-06 0.745036
0.177083  1791.92 0.0038679 0.00167394 0.0346271 0.00666207 0.0119823 1.37724e-05 0.196124 7.24504e-06 0.745042
0.178125  1799.46 0.00385965 0.0016501 0.0343212 0.00660094 0.0120503 1.35064e-05 0.19645 7.16225e-06 0.745047
0.179167  1806.77 0.00385166 0.00162697 0.0340301 0.00654041 0.0121139 1.32546e-05 0.196766 7.07867e-06 0.745051
0.180208  1813.86 0.00384387 0.00160454 0.0337522 0.00648058 0.0121734 1.30155e-05 0.197071 6.99464e-06 0.745054
0.18125  1820.75 0.00383621 0.00158278 0.0334857 0.00642153 0.0122292 1.2788e-05 0.197367 6.91043e-06 0.745058
0.183333  1833.95 0.00382113 0.00154118 0.0329835 0.00630589 0.0123305 1.23642e-05 0.197936 6.74227e-06 0.745063
0.185417  1846.44 0.00380614 0.00150196 0.0325147 0.00619379 0.01242 1.19759e-05 0.198478 6.57576e-06 0.745067
0.1875  1858.28 0.00379112 0.00146494 0.0320738 0.00608529 0.012499 1.16182e-05 0.198998 6.41192e-06 0.74507
0.189583  1869.55 0.00377602 0.00142993 0.031657 0.00598039 0.0125688 1.12869e-05 0.199497 6.25147e-06 0.745073
0.191667  1880.27 0.00376082 0.00139678 0.0312611 0.00587905 0.0126306 1.09788e-05 0.199979 6.09492e-06 0.745076
0.19375  1890.5 0.00374553 0.00136533 0.0308839 0.00578114 0.0126852 1.06914e-05 0.200445 5.94262e-06 0.745078
0.195833  1900.28 0.00373018 0.00133546 0.0305235 0.00568656 0.0127333 1.04223e-05 0.200895 5.79478e-06 0.74508
0.197917  1909.64 0.00371478 0.00130703 0.0301784 0.00559517 0.0127757 1.01698e-05 0.201332 5.65152e-06 0.745081
0.2  1918.61 0.00369936 0.00127994 0.0298472 0.00550685 0.0128128 9.93213e-06 0.201756 5.51289e-06 0.745083
0.20625  1943.35 0.00365323 0.00120603 0.0289304 0.00525966 0.0128972 9.29789e-06 0.202953 5.12551e-06 0.745086
0.2125  1965.45 0.00360768 0.00114111 0.0281072 0.0050353 0.0129496 8.75706e-06 0.204057 4.77714e-06 0.745089
0.21875  1985.36 0.00356306 0.00108355 0.0273618 0.0048308 0.0129776 8.28982e-06 0.205079 4.46435e-06 0.745091
0.225  2003.43 0.00351956 0.00103211 0.0266818 0.0046436 0.0129866 7.88177e-06 0.206031 4.18344e-06 0.745093
0.23125  2019.93 0.0034773 0.000985804 0.0260578 0.00447159 0.0129807 7.52214e-06 0.206921 3.93078e-06 0.745094
0.2375  2035.07 0.00343634 0.000943867 0.025482 0.00431292 0.0129631 7.20267e-06 0.207755 3.70302e-06 0.745096
0.24375  2049.05 0.00339668 0.000905677 0.0249483 0.00416607 0.0129362 6.91692e-06 0.20854 3.49714e-06 0.745097
0.25  2062.01 0.00335832 0.000870724 0.0244514 0.0040297 0.0129018 6.65978e-06 0.209281 3.31049e-06 0.745098
0.2625  2085.24 0.00328551 0.000809178 0.023555 0.00378506 0.0128171 6.21723e-06 0.21064 2.98721e-06 0.745099
0.275  2105.63 0.00321738 0.000756384 0.0227623 0.00357061 0.0127174 5.84822e-06 0.211868 2.7166e-06 0.7451
0.2875  2123.72 0.00315354 0.000710532 0.022054 0.00338094 0.0126084 5.53597e-06 0.212984 2.48759e-06 0.745101
0.3  2139.91 0.00309355 0.000670262 0.0214154 0.00321168 0.0124934 5.26847e-06 0.214007 2.29179e-06 0.745101
0.3375  2179.39 0.00293614 0.000575641 0.019841 0.0028044 0.0121448 4.66446e-06 0.216589 1.8529e-06 0.745102
0.375  2210.04 0.00280238 0.000505606 0.0185981 0.00249409 0.0118017 4.242e-06 0.21869 1.54971e-06 0.745103
0.43125  2245.24 0.00263701 0.000429596 0.0171489 0.00214853 0.0113289 3.80808e-06 0.221199 1.24252e-06 0.745103
0.4875  2272.1 0.00250086 0.00037459 0.0160237 0.00189283 0.0109051 3.51274e-06 0.223195 1.03597e-06 0.745103
0.571875  2302.57 0.00233779 0.000316119 0.0147276 0.00161529 0.0103612 3.21549e-06 0.225534 8.30425e-07 0.745104
0.65625  2325.15 0.00220853 0.000275065 0.0137496 0.00141725 0.00990674 3.01882e-06 0.227335 6.95877e-07 0.745104
0.909375  2366.53 0.00195499 0.000205955 0.0119185 0.00107725 0.00896281 2.70635e-06 0.230773 4.8702e-07 0.745104
1.28906  2398.56 0.00174391 0.000158346 0.010461 0.000837763 0.00812984 2.49734e-06 0.233562 3.56179e-07 0.745104
1.85859  2420.16 0.00159318 0.000129256 0.00945645 0.000689394 0.00751483 2.36469e-06 0.23551 2.81778e-07 0.745104
2.71289  2433.12 0.00150028 0.000113129 0.00884263 0.000606246 0.00712664 2.28495e-06 0.236705 2.42244e-07 0.745104
3.99434  2433.12 0.00150028 0.000113129 0.00884263 0.000606246 0.00712664 2.28495e-06 0.236705 2.42244e-07 0.745104
