TITLE="Graphics"
VARIABLES= "x", "T", "Y_H2", "Y_H", "Y_O2", "Y_O", "Y_OH", "Y_HO2", "Y_H2O2", "Y_H2O", "Y_N2"
0  300 0.0285219 0 0.226362 0 0 0 0 0 0.745116
0.05  300.041 0.0285231 0 0.226434 0 0 0 0 0 0.745125
0.056  299.938 0.0285212 2.02701e-11 0.22635 7.2749e-08 3.28918e-07 5.11392e-07 2.12548e-07 5.63655e-05 0.745115
0.062  299.835 0.0285193 4.05402e-11 0.226265 1.45498e-07 6.57837e-07 1.02278e-06 4.25096e-07 0.000112731 0.745105
0.068  299.757 0.0285165 6.58005e-11 0.226191 2.18958e-07 9.93749e-07 1.57804e-06 6.35693e-07 0.000170784 0.745098
0.074  299.68 0.0285138 9.10608e-11 0.226117 2.92418e-07 1.32966e-06 2.1333e-06 8.4629e-07 0.000228837 0.745091
0.08  299.022 0.0285342 1.64937e-10 0.225801 5.23301e-07 2.01857e-06 2.93881e-06 1.74969e-06 0.000390389 0.745033
0.086  298.365 0.0285547 2.38814e-10 0.225484 7.54184e-07 2.70749e-06 3.74431e-06 2.65309e-06 0.000551942 0.744974
0.092  296.263 0.0285902 3.55774e-10 0.225062 1.05255e-06 3.52445e-06 4.36479e-06 3.81239e-06 0.000741192 0.744886
0.098  294.16 0.0286258 4.72733e-10 0.22464 1.35092e-06 4.34142e-06 4.98527e-06 4.97169e-06 0.000930441 0.744799
0.09825  294.783 0.0286196 4.71941e-10 0.224659 1.33853e-06 4.30559e-06 5.09088e-06 4.9512e-06 0.000930974 0.744813
0.0985  295.406 0.0286135 4.7115e-10 0.224679 1.32614e-06 4.26977e-06 5.1965e-06 4.93072e-06 0.000931506 0.744828
0.09875  296.114 0.0286062 4.7051e-10 0.224697 1.31217e-06 4.22853e-06 5.31528e-06 4.90586e-06 0.000932065 0.74483
0.099  296.821 0.0285989 4.6987e-10 0.224716 1.2982e-06 4.1873e-06 5.43406e-06 4.88099e-06 0.000932624 0.744833
0.09925  297.654 0.0285906 4.70133e-10 0.224732 1.28326e-06 4.14107e-06 5.58053e-06 4.85458e-06 0.00093443 0.744827
0.0995  298.486 0.0285823 4.70397e-10 0.224749 1.26832e-06 4.09485e-06 5.727e-06 4.82817e-06 0.000936236 0.744821
0.09975  299.491 0.0285737 4.72533e-10 0.224768 1.25326e-06 4.04429e-06 5.92789e-06 4.80614e-06 0.000941351 0.744826
0.1  300.495 0.0285651 4.74669e-10 0.224787 1.23819e-06 3.99373e-06 6.12877e-06 4.78411e-06 0.000946467 0.744831
0.101042  307.003 0.0285232 5.16037e-10 0.224827 1.18382e-06 3.74451e-06 7.97117e-06 4.84108e-06 0.00103285 0.744879
0.102083  313.511 0.0284813 5.57405e-10 0.224866 1.12946e-06 3.49529e-06 9.81358e-06 4.89805e-06 0.00111923 0.744927
0.103125  323.073 0.0284271 7.05e-10 0.224859 1.10827e-06 3.21961e-06 1.29408e-05 4.95005e-06 0.00127839 0.74499
0.104167  332.635 0.028373 8.52595e-10 0.224853 1.08708e-06 2.94393e-06 1.60681e-05 5.00206e-06 0.00143754 0.745053
0.105208  344.826 0.0283039 1.29651e-09 0.224634 1.23171e-06 2.69635e-06 1.91806e-05 7.37866e-06 0.0017773 0.745082
0.10625  357.016 0.0282349 1.74043e-09 0.224415 1.37635e-06 2.44876e-06 2.2293e-05 9.75526e-06 0.00211706 0.74511
0.107292  370.802 0.0281507 3.21506e-09 0.224093 1.62127e-06 2.23178e-06 2.49745e-05 1.36599e-05 0.00256376 0.745133
0.108333  384.589 0.0280664 4.6897e-09 0.223771 1.86619e-06 2.0148e-06 2.7656e-05 1.75645e-05 0.00301047 0.745156
0.109375  399.648 0.0279685 1.10136e-08 0.223205 2.01167e-06 1.86175e-06 3.57893e-05 2.14895e-05 0.0036826 0.745169
0.110417  414.707 0.0278706 1.73375e-08 0.222639 2.15715e-06 1.70871e-06 4.39227e-05 2.54145e-05 0.00435474 0.745182
0.111458  430.622 0.0277589 4.50784e-08 0.221906 2.17325e-06 1.76337e-06 5.76509e-05 2.90961e-05 0.00519354 0.74519
0.1125  446.537 0.0276471 7.28192e-08 0.221174 2.18934e-06 1.81804e-06 7.1379e-05 3.27777e-05 0.00603235 0.745197
0.113542  463.056 0.0275219 1.79438e-07 0.220285 2.07102e-06 2.66399e-06 9.62647e-05 3.60744e-05 0.00702262 0.745207
0.114583  479.574 0.0273966 2.86057e-07 0.219397 1.95269e-06 3.50994e-06 0.00012115 3.93711e-05 0.00801289 0.745216
0.115625  496.592 0.0272562 6.3366e-07 0.218397 1.77387e-06 6.75517e-06 0.000158786 4.24211e-05 0.00911408 0.745214
0.116667  513.61 0.0271158 9.81263e-07 0.217396 1.59504e-06 1.00004e-05 0.000196421 4.5471e-05 0.0102153 0.745212
0.117188  522.368 0.0270385 1.3937e-06 0.216848 1.53905e-06 1.40831e-05 0.000220329 4.68717e-05 0.0108095 0.745198
0.117708  531.126 0.0269611 1.80615e-06 0.2163 1.48306e-06 1.81658e-05 0.000244238 4.82723e-05 0.0114037 0.745185
0.118229  540.083 0.0268795 2.46544e-06 0.215726 1.48098e-06 2.45941e-05 0.000269793 4.95711e-05 0.0120299 0.745187
0.11875  549.039 0.0267979 3.12474e-06 0.215151 1.4789e-06 3.10224e-05 0.000295348 5.087e-05 0.0126561 0.74519
0.119271  558.237 0.026712 4.15294e-06 0.214555 1.57631e-06 4.0549e-05 0.000320012 5.20365e-05 0.013319 0.745232
0.119792  567.435 0.0266262 5.18114e-06 0.213959 1.67371e-06 5.00756e-05 0.000344676 5.32031e-05 0.0139819 0.745273
0.120312  576.922 0.0265326 6.73813e-06 0.213318 1.93467e-06 6.32775e-05 0.000365535 5.41893e-05 0.014685 0.74528
0.120833  586.409 0.0264391 8.29512e-06 0.212677 2.19563e-06 7.64794e-05 0.000386395 5.51755e-05 0.0153882 0.745286
0.121354  596.229 0.0263364 1.0582e-05 0.211983 2.70829e-06 9.35363e-05 0.000401101 5.59277e-05 0.0161364 0.745237
0.121875  606.05 0.0262336 1.28689e-05 0.211288 3.22094e-06 0.000110593 0.000415808 5.668e-05 0.0168845 0.745189
0.122396  616.24 0.0261239 1.61284e-05 0.210565 4.10466e-06 0.000131168 0.000423383 5.71467e-05 0.0176849 0.74518
0.122917  626.43 0.0260142 1.93879e-05 0.209842 4.98837e-06 0.000151742 0.000430959 5.76134e-05 0.0184853 0.745172
0.123437  637.015 0.0258962 2.38964e-05 0.209084 6.40468e-06 0.000175004 0.000431847 5.7732e-05 0.019343 0.7452
0.123958  647.6 0.0257783 2.84049e-05 0.208326 7.82098e-06 0.000198266 0.000432735 5.78506e-05 0.0202006 0.745228
0.124479  658.597 0.0256485 3.44601e-05 0.20751 9.9933e-06 0.000223115 0.000428344 5.7556e-05 0.021118 0.745222
0.125  669.594 0.0255187 4.05153e-05 0.206694 1.21656e-05 0.000247963 0.000423952 5.72613e-05 0.0220355 0.745215
0.12526  675.252 0.0254498 4.42492e-05 0.20627 1.36585e-05 0.000260633 0.000420418 5.69418e-05 0.0225192 0.745224
0.125521  680.91 0.0253808 4.79832e-05 0.205845 1.51513e-05 0.000273304 0.000416883 5.66223e-05 0.0230029 0.745233
0.125781  686.673 0.0253095 5.22205e-05 0.205413 1.69668e-05 0.000285996 0.000412671 5.61855e-05 0.0235041 0.745264
0.126042  692.436 0.0252381 5.64577e-05 0.204981 1.87824e-05 0.000298689 0.00040846 5.57488e-05 0.0240054 0.745296
0.126302  698.303 0.0251628 6.1263e-05 0.20453 2.09824e-05 0.00031128 0.000403732 5.51891e-05 0.0245233 0.745307
0.126562  704.171 0.0250874 6.60683e-05 0.204078 2.31824e-05 0.000323872 0.000399003 5.46295e-05 0.0250412 0.745318
0.126823  710.144 0.025009 7.14081e-05 0.203614 2.58418e-05 0.000336253 0.000393919 5.39492e-05 0.0255774 0.74534
0.127083  716.117 0.0249305 7.67479e-05 0.203151 2.85012e-05 0.000348634 0.000388835 5.3269e-05 0.0261136 0.745361
0.127344  722.192 0.0248472 8.28727e-05 0.202663 3.17068e-05 0.000360805 0.000383508 5.24674e-05 0.0266672 0.74535
0.127604  728.267 0.0247639 8.89974e-05 0.202176 3.49124e-05 0.000372977 0.000378182 5.16658e-05 0.0272207 0.745339
0.127865  734.449 0.0246774 9.54034e-05 0.201676 3.87649e-05 0.000384714 0.000372692 5.07519e-05 0.0277937 0.745337
0.128125  740.631 0.0245909 0.000101809 0.201175 4.26173e-05 0.000396451 0.000367202 4.98381e-05 0.0283667 0.745335
0.128385  746.904 0.0244988 0.00010986 0.20065 4.72398e-05 0.000408197 0.000361672 4.88152e-05 0.0289583 0.745302
0.128646  753.178 0.0244066 0.00011791 0.200125 5.18622e-05 0.000419943 0.000356142 4.77923e-05 0.0295499 0.74527
0.128906  759.57 0.0243106 0.000124651 0.199583 5.73705e-05 0.000430692 0.000350494 4.66783e-05 0.0301619 0.745232
0.129167  765.963 0.0242146 0.000131392 0.19904 6.28788e-05 0.000441441 0.000344845 4.55643e-05 0.0307738 0.745193
0.129427  772.42 0.0241156 0.000143168 0.198489 6.94774e-05 0.00045333 0.000339396 4.43638e-05 0.0314088 0.7452
0.129688  778.877 0.0240166 0.000154944 0.197938 7.60759e-05 0.000465219 0.000333946 4.31632e-05 0.0320438 0.745206
0.129948  785.487 0.0239112 0.000159551 0.197359 8.38236e-05 0.000474421 0.000328251 4.19084e-05 0.0326999 0.745159
0.130208  792.097 0.0238057 0.000164158 0.19678 9.15712e-05 0.000483624 0.000322556 4.06535e-05 0.033356 0.745111
0.130469  798.721 0.0237009 0.000183502 0.196201 0.000100889 0.000496886 0.000317371 3.93305e-05 0.0340396 0.745173
0.130729  805.344 0.0235962 0.000202847 0.195623 0.000110207 0.000510149 0.000312187 3.80074e-05 0.0347231 0.745235
0.13099  812.173 0.0234809 0.000201552 0.195005 0.000120895 0.000517329 0.000306505 3.66855e-05 0.0354297 0.745193
0.13125  819.001 0.0233657 0.000200257 0.194388 0.000131582 0.000524509 0.000300823 3.53635e-05 0.0361364 0.745152
0.13151  825.797 0.023252 0.000229955 0.193753 0.000144523 0.000539981 0.000295918 3.39833e-05 0.0368708 0.745187
0.131771  832.594 0.0231383 0.000259653 0.193118 0.000157464 0.000555452 0.000291013 3.26031e-05 0.0376052 0.745223
0.132031  839.6 0.0230138 0.000254846 0.192459 0.000171989 0.000562112 0.000285524 3.12832e-05 0.0383692 0.745201
0.132292  846.607 0.0228893 0.000250038 0.191801 0.000186514 0.000568771 0.000280034 2.99633e-05 0.0391332 0.745178
0.132552  853.619 0.0227655 0.000281221 0.191108 0.000203962 0.000584476 0.000275246 2.86199e-05 0.039927 0.745195
0.132812  860.631 0.0226417 0.000312404 0.190414 0.00022141 0.000600181 0.000270457 2.72764e-05 0.0407209 0.745212
0.133073  867.754 0.02251 0.000321169 0.189695 0.000241065 0.000611043 0.000265449 2.60074e-05 0.0415469 0.745183
0.133333  874.877 0.0223783 0.000329933 0.188976 0.000260719 0.000621905 0.00026044 2.47383e-05 0.0423729 0.745155
0.134375  904.106 0.0217992 0.00040697 0.185782 0.000368287 0.000679743 0.000242184 2.02434e-05 0.0460152 0.745072
0.135417  933.336 0.0212201 0.000484007 0.182588 0.000475856 0.00073758 0.000223928 1.57485e-05 0.0496575 0.744989
0.136458  963.537 0.0205499 0.000578134 0.178728 0.000643535 0.000820648 0.000207906 1.27458e-05 0.0539993 0.744885
0.1375  993.738 0.0198798 0.000672261 0.174868 0.000811214 0.000903716 0.000191884 9.74318e-06 0.0583411 0.744781
0.138542  1024.56 0.0191222 0.000783014 0.170157 0.00104774 0.00102709 0.000177962 8.10282e-06 0.0635245 0.744657
0.139583  1055.37 0.0183647 0.000893768 0.165445 0.00128426 0.00115047 0.00016404 6.46246e-06 0.0687079 0.744534
0.140625  1086.36 0.0175375 0.00101692 0.159777 0.00158791 0.00132632 0.000151924 5.7532e-06 0.0747951 0.744458
0.141667  1117.34 0.0167103 0.00114007 0.154109 0.00189155 0.00150217 0.000139808 5.04394e-06 0.0808824 0.744383
0.142708  1147.89 0.015842 0.00126851 0.14752 0.00224678 0.00173492 0.000129169 4.85317e-06 0.087758 0.744307
0.14375  1178.45 0.0149738 0.00139695 0.140931 0.00260202 0.00196768 0.000118531 4.66239e-06 0.0946336 0.744232
0.144792  1207.91 0.0141073 0.00152215 0.133707 0.00298205 0.00225179 0.000109172 4.72221e-06 0.102016 0.744302
0.145833  1237.37 0.0132408 0.00164735 0.126482 0.00336208 0.00253589 9.98138e-05 4.78202e-06 0.109398 0.744373
0.146875  1265.1 0.0124174 0.00176052 0.119043 0.00373449 0.00285587 9.16294e-05 4.94785e-06 0.116847 0.744532
0.147917  1292.82 0.0115941 0.00187368 0.111604 0.00410691 0.00317584 8.3445e-05 5.11368e-06 0.124296 0.744691
0.148958  1318.32 0.0108497 0.00196789 0.104443 0.00444312 0.00351131 7.64272e-05 5.31401e-06 0.131349 0.744891
0.15  1343.82 0.0101054 0.0020621 0.0972823 0.00477934 0.00384678 6.94093e-05 5.51434e-06 0.138401 0.745091
0.152083  1387.47 0.00891938 0.00218348 0.0851013 0.00528817 0.00450035 5.87384e-05 5.91562e-06 0.150224 0.745392
0.154167  1431.13 0.0077334 0.00230486 0.0729203 0.005797 0.00515393 4.80675e-05 6.31689e-06 0.162047 0.745694
0.15625  1465.8 0.00697251 0.00234141 0.0644699 0.00607017 0.00570573 4.12683e-05 6.63077e-06 0.17008 0.74584
0.158333  1500.47 0.00621162 0.00237797 0.0560195 0.00634333 0.00625753 3.44691e-05 6.94465e-06 0.178114 0.745987
0.160417  1528.9 0.0057666 0.00235873 0.050753 0.00645738 0.00670482 3.03566e-05 7.16878e-06 0.183076 0.746019
0.1625  1557.32 0.00532158 0.00233949 0.0454866 0.00657143 0.0071521 2.6244e-05 7.3929e-06 0.188037 0.746052
0.164583  1582.12 0.00507334 0.0022912 0.0423597 0.00659673 0.00752023 2.37477e-05 7.52674e-06 0.190926 0.745995
0.166667  1606.92 0.00482511 0.0022429 0.0392329 0.00662202 0.00788835 2.12513e-05 7.66059e-06 0.193816 0.745938
0.16875  1630 0.00468894 0.00218337 0.03741 0.00660559 0.0082092 1.96656e-05 7.70806e-06 0.195455 0.745895
0.170833  1653.09 0.00455277 0.00212384 0.035587 0.00658915 0.00853004 1.80798e-05 7.75554e-06 0.197095 0.745853
0.172917  1675.67 0.00447677 0.00206227 0.0344955 0.00655381 0.0088266 1.69825e-05 7.71963e-06 0.197994 0.745762
0.175  1698.26 0.00440077 0.0020007 0.033404 0.00651847 0.00912316 1.58852e-05 7.68372e-06 0.198894 0.745672
0.177083  1721.05 0.00435691 0.0019416 0.0327154 0.00647667 0.00941289 1.50532e-05 7.57207e-06 0.199404 0.745639
0.179167  1743.84 0.00431304 0.0018825 0.0320269 0.00643487 0.00970261 1.42212e-05 7.46042e-06 0.199914 0.745606
0.18125  1767.24 0.00428561 0.00182715 0.0315516 0.00639113 0.00999467 1.35363e-05 7.28095e-06 0.200208 0.745582
0.183333  1790.63 0.00425818 0.00177181 0.0310764 0.00634739 0.0102867 1.28513e-05 7.10148e-06 0.200502 0.745558
0.185417  1814.91 0.00423894 0.00172029 0.0307131 0.00630349 0.0105869 1.22537e-05 6.86439e-06 0.200682 0.745539
0.1875  1839.19 0.00421969 0.00166878 0.0303498 0.0062596 0.010887 1.1656e-05 6.6273e-06 0.200862 0.74552
0.189583  1864.5 0.00420461 0.00162087 0.0300473 0.00621609 0.0111987 1.1118e-05 6.34627e-06 0.201011 0.745607
0.191667  1889.8 0.00418954 0.00157295 0.0297448 0.00617258 0.0115103 1.05799e-05 6.06524e-06 0.201159 0.745693
0.19375  1916 0.00417509 0.0015278 0.0294663 0.00612627 0.0118276 1.00885e-05 5.75616e-06 0.201283 0.745779
0.195833  1942.2 0.00416065 0.00148266 0.0291878 0.00607996 0.012145 9.59716e-06 5.44708e-06 0.201407 0.745864
0.197917  1968.34 0.00414407 0.00143969 0.0289102 0.00602452 0.0124472 9.15798e-06 5.13506e-06 0.201539 0.745909
0.2  1994.48 0.00412749 0.00139672 0.0286327 0.00596909 0.0127494 8.7188e-06 4.82305e-06 0.201671 0.745954
0.2125  2088.25 0.0039335 0.00117001 0.0262111 0.00522263 0.013102 7.23207e-06 3.68703e-06 0.204947 0.745759
0.225  2182.01 0.0037395 0.000943306 0.0237894 0.00447617 0.0134547 5.74535e-06 2.55102e-06 0.208223 0.745565
0.2375  2250.52 0.00343291 0.000746089 0.020584 0.00357495 0.0126949 4.83303e-06 1.87461e-06 0.213556 0.745234
0.25  2319.03 0.00312632 0.000548872 0.0173786 0.00267373 0.011935 3.92072e-06 1.19819e-06 0.218888 0.744903
0.275  2347.16 0.00265056 0.000392963 0.0143384 0.00191627 0.0101823 3.28269e-06 8.53219e-07 0.225114 0.744834
0.3  2375.3 0.00217481 0.000237053 0.0112981 0.00115881 0.00842959 2.64467e-06 5.08243e-07 0.231339 0.744765
0.375  2380.52 0.00202607 0.000202229 0.0106041 0.000992076 0.00786182 2.49323e-06 4.36983e-07 0.232962 0.74476
0.4875  2380.52 0.00202607 0.000202229 0.0106041 0.000992076 0.00786182 2.49323e-06 4.36983e-07 0.232962 0.74476
0.65625  2380.52 0.00202607 0.000202229 0.0106041 0.000992076 0.00786182 2.49323e-06 4.36983e-07 0.232962 0.74476
0.909375  2380.52 0.00202607 0.000202229 0.0106041 0.000992076 0.00786182 2.49323e-06 4.36983e-07 0.232962 0.74476
1.28906  2380.52 0.00202607 0.000202229 0.0106041 0.000992076 0.00786182 2.49323e-06 4.36983e-07 0.232962 0.74476
