TITLE="Graphics"
VARIABLES= "x", "T1", "Y_H2_1", 
"Y_H_1", "Y_O2_1", "Y_O_1", "Y_OH_1", "Y_HO2_1", "Y_H2O_1", "Y_H2O2_1", "Y_N2_1"
0  300 0.0257431 0 0.22701 0 0 0 0 0 0.747247
0.0125  300 0.0257431 -2.69568e-17 0.22701 -1.5853e-13 -4.82736e-13 -1.51734e-09 -6.30167e-09 -2.66847e-10 0.747247
0.025  300 0.0257431 3.90337e-17 0.22701 1.35435e-13 7.02661e-13 7.16838e-10 3.29769e-09 1.25184e-10 0.747247
0.0375  300 0.0257431 -1.05969e-16 0.22701 -4.08184e-13 -1.90425e-12 -2.57291e-09 -1.13251e-08 -4.50727e-10 0.747247
0.05  300 0.0257431 2.25296e-16 0.22701 5.98494e-13 4.05474e-12 2.27007e-09 1.09494e-08 3.95369e-10 0.747247
0.062  300 0.0257431 -4.70427e-16 0.22701 -1.13497e-12 -8.47481e-12 -4.34338e-09 -2.05437e-08 -7.57727e-10 0.747247
0.074  300 0.0257432 1.12292e-15 0.22701 2.1613e-12 2.02327e-11 5.55045e-09 2.83023e-08 9.64471e-10 0.747247
0.098  300 0.0257412 -1.15852e-14 0.22701 -1.99479e-11 -2.0746e-10 -4.87266e-08 -2.47813e-07 -8.47295e-09 0.747249
0.1  300 0.0257413 -1.07244e-14 0.22701 -1.94248e-11 -1.92829e-10 -4.78283e-08 -2.42886e-07 -8.31243e-09 0.747249
0.108333  300 0.0257425 3.87166e-15 0.22701 -4.17504e-12 7.25746e-11 5.68399e-08 1.3616e-07 1.0671e-08 0.747248
0.1125  300 0.025731 -6.6075e-15 0.227013 -1.71503e-11 -1.63419e-10 -8.8901e-10 -8.6978e-08 2.57931e-10 0.747256
0.116667  300 0.0256927 1.64374e-13 0.227023 2.08206e-10 3.57157e-09 2.1211e-07 8.71302e-07 3.82753e-08 0.747283
0.120833  299.96 0.0255649 -2.13613e-12 0.227063 -3.73093e-09 -5.72383e-08 -5.72899e-07 -3.24438e-06 -1.00341e-07 0.747376
0.121875  300.448 0.0254867 9.1636e-12 0.227083 6.58634e-09 8.88086e-08 -1.99301e-07 -8.67216e-07 -3.38796e-08 0.747431
0.122396  300.818 0.0254386 2.0934e-11 0.227095 1.47401e-08 2.05825e-07 1.99021e-07 1.50884e-06 3.80211e-08 0.747464
0.122917  301.297 0.0253837 4.11721e-11 0.227108 2.55309e-08 3.62216e-07 8.14022e-07 5.06687e-06 1.49972e-07 0.747502
0.123437  301.916 0.025321 7.93084e-11 0.227122 3.98097e-08 5.71695e-07 1.76207e-06 1.03877e-05 3.24004e-07 0.747544
0.123958  302.717 0.0252496 1.56725e-10 0.227136 5.8709e-08 8.53126e-07 3.2214e-06 1.83315e-05 5.9395e-07 0.747591
0.124479  303.752 0.0251683 3.22839e-10 0.227151 8.37466e-08 1.23287e-06 5.46371e-06 3.01658e-05 1.01143e-06 0.747643
0.125  305.088 0.0250758 6.92412e-10 0.227163 1.1698e-07 1.74854e-06 8.89988e-06 4.77487e-05 1.65453e-06 0.747701
0.12526  305.902 0.0250248 1.05338e-09 0.227168 1.37744e-07 2.07823e-06 1.12974e-05 5.97178e-05 2.10472e-06 0.747731
0.125521  306.825 0.0249705 1.59696e-09 0.227173 1.61724e-07 2.46509e-06 1.42476e-05 7.42407e-05 2.65977e-06 0.747763
0.125781  307.872 0.0249128 2.42144e-09 0.227175 1.89463e-07 2.92071e-06 1.78708e-05 9.18423e-05 3.34282e-06 0.747796
0.126042  309.059 0.0248513 3.67494e-09 0.227175 2.21619e-07 3.45967e-06 2.231e-05 0.000113148 4.18153e-06 0.74783
0.126302  310.403 0.024786 5.57997e-09 0.227173 2.5899e-07 4.10045e-06 2.77333e-05 0.000138899 5.20877e-06 0.747865
0.126562  311.925 0.0247166 8.46914e-09 0.227167 3.02559e-07 4.86666e-06 3.43357e-05 0.000169974 6.46324e-06 0.7479
0.126823  313.648 0.024643 1.28363e-08 0.227157 3.53542e-07 5.78874e-06 4.23392e-05 0.000207405 7.99001e-06 0.747936
0.126953  314.593 0.0246045 1.58484e-08 0.22715 3.8239e-07 6.32316e-06 4.69606e-05 0.000228963 8.87519e-06 0.747954
0.127083  315.597 0.0245649 1.95348e-08 0.227142 4.13697e-07 6.91241e-06 5.2027e-05 0.000252582 9.84857e-06 0.747972
0.127214  316.665 0.0245241 2.40435e-08 0.227132 4.47718e-07 7.56341e-06 5.75726e-05 0.000278446 1.09178e-05 0.747989
0.127344  317.799 0.0244822 2.9552e-08 0.22712 4.84738e-07 8.28392e-06 6.36314e-05 0.000306747 1.20907e-05 0.748007
0.127474  319.003 0.024439 3.62734e-08 0.227106 5.25075e-07 9.08291e-06 7.0238e-05 0.000337695 1.33758e-05 0.748025
0.127604  320.28 0.0243946 4.44626e-08 0.227089 5.69094e-07 9.97058e-06 7.74268e-05 0.000371514 1.47817e-05 0.748042
0.127734  321.636 0.024349 5.44237e-08 0.227071 6.17203e-07 1.09586e-05 8.52313e-05 0.000408444 1.63175e-05 0.748059
0.127865  323.074 0.0243021 6.65187e-08 0.227049 6.69865e-07 1.20604e-05 9.36833e-05 0.000448739 1.79927e-05 0.748075
0.12793  323.825 0.0242782 7.35286e-08 0.227038 6.98102e-07 1.26596e-05 9.81636e-05 0.000470252 1.88862e-05 0.748083
0.127995  324.599 0.024254 8.12402e-08 0.227025 7.2768e-07 1.32932e-05 0.000102816 0.00049271 1.98181e-05 0.748092
0.12806  325.395 0.0242294 8.972e-08 0.227012 7.58675e-07 1.39633e-05 0.000107645 0.000516148 2.07897e-05 0.748099
0.128125  326.215 0.0242045 9.904e-08 0.226998 7.91168e-07 1.46723e-05 0.000112652 0.000540604 2.18022e-05 0.748107
0.12819  327.058 0.0241793 1.09278e-07 0.226983 8.25246e-07 1.54228e-05 0.000117841 0.000566118 2.28569e-05 0.748115
0.128255  327.926 0.0241538 1.20519e-07 0.226967 8.60999e-07 1.62174e-05 0.000123212 0.000592727 2.39549e-05 0.748122
0.12832  328.819 0.0241279 1.32854e-07 0.22695 8.98525e-07 1.7059e-05 0.000128769 0.000620472 2.50975e-05 0.74813
0.128385  329.737 0.0241017 1.46383e-07 0.226932 9.37927e-07 1.79506e-05 0.000134512 0.000649394 2.62858e-05 0.748137
0.128451  330.682 0.0240752 1.61211e-07 0.226914 9.79314e-07 1.88955e-05 0.000140442 0.000679536 2.75212e-05 0.748144
0.128516  331.653 0.0240483 1.77455e-07 0.226894 1.0228e-06 1.98971e-05 0.00014656 0.000710942 2.88048e-05 0.748151
0.128581  332.652 0.0240211 1.9524e-07 0.226873 1.06852e-06 2.0959e-05 0.000152865 0.000743654 3.01377e-05 0.748157
0.128646  333.678 0.0239935 2.14698e-07 0.226851 1.11659e-06 2.2085e-05 0.000159358 0.000777718 3.15211e-05 0.748163
0.128711  334.734 0.0239656 2.35975e-07 0.226828 1.16716e-06 2.32793e-05 0.000166035 0.000813181 3.29561e-05 0.74817
0.128776  335.818 0.0239374 2.59226e-07 0.226804 1.22036e-06 2.45461e-05 0.000172896 0.000850088 3.44438e-05 0.748176
0.128841  336.932 0.0239088 2.84618e-07 0.226778 1.27637e-06 2.58899e-05 0.000179938 0.000888488 3.59853e-05 0.748181
0.128906  338.077 0.0238799 3.12329e-07 0.226751 1.33534e-06 2.73156e-05 0.000187158 0.000928428 3.75815e-05 0.748187
0.128971  339.253 0.0238507 3.42551e-07 0.226723 1.39744e-06 2.88281e-05 0.000194551 0.000969958 3.92335e-05 0.748192
0.129036  340.46 0.0238211 3.75489e-07 0.226694 1.46287e-06 3.04326e-05 0.000202112 0.00101313 4.09421e-05 0.748197
0.129102  341.699 0.0237912 4.11364e-07 0.226663 1.5318e-06 3.21348e-05 0.000209836 0.00105799 4.27082e-05 0.748202
0.129134  342.331 0.0237761 4.30491e-07 0.226647 1.56767e-06 3.30248e-05 0.000213757 0.00108107 4.36132e-05 0.748204
0.129167  342.971 0.0237609 4.50442e-07 0.22663 1.60449e-06 3.39413e-05 0.000217716 0.0011046 4.45328e-05 0.748206
0.129199  343.62 0.0237456 4.71246e-07 0.226614 1.64229e-06 3.48852e-05 0.000221712 0.00112857 4.54672e-05 0.748208
0.129232  344.277 0.0237302 4.92939e-07 0.226597 1.68111e-06 3.58572e-05 0.000225745 0.00115299 4.64164e-05 0.74821
0.129264  344.942 0.0237148 5.15554e-07 0.226579 1.72096e-06 3.68581e-05 0.000229812 0.00117788 4.73805e-05 0.748212
0.129297  345.616 0.0236993 5.39125e-07 0.226561 1.76189e-06 3.78888e-05 0.000233914 0.00120323 4.83597e-05 0.748214
0.129329  346.298 0.0236837 5.63689e-07 0.226543 1.80391e-06 3.89502e-05 0.000238049 0.00122906 4.93539e-05 0.748216
0.129362  346.99 0.023668 5.89283e-07 0.226524 1.84707e-06 4.00429e-05 0.000242215 0.00125537 5.03633e-05 0.748217
0.129395  347.69 0.0236522 6.15946e-07 0.226505 1.89138e-06 4.1168e-05 0.000246412 0.00128217 5.1388e-05 0.748219
0.129427  348.398 0.0236363 6.43716e-07 0.226486 1.93689e-06 4.23263e-05 0.000250639 0.00130946 5.24279e-05 0.748221
0.12946  349.116 0.0236204 6.72635e-07 0.226466 1.98363e-06 4.35186e-05 0.000254893 0.00133725 5.34831e-05 0.748222
0.129492  349.843 0.0236043 7.02744e-07 0.226446 2.03164e-06 4.4746e-05 0.000259174 0.00136554 5.45538e-05 0.748223
0.129525  350.578 0.0235882 7.34086e-07 0.226425 2.08093e-06 4.60092e-05 0.00026348 0.00139435 5.56398e-05 0.748225
0.129557  351.323 0.023572 7.66707e-07 0.226404 2.13157e-06 4.73094e-05 0.000267809 0.00142368 5.67414e-05 0.748226
0.12959  352.077 0.0235557 8.00651e-07 0.226382 2.18356e-06 4.86473e-05 0.000272161 0.00145354 5.78584e-05 0.748227
0.129622  352.84 0.0235393 8.35965e-07 0.22636 2.23697e-06 5.00241e-05 0.000276533 0.00148393 5.8991e-05 0.748228
0.129655  353.612 0.0235229 8.72698e-07 0.226338 2.29182e-06 5.14406e-05 0.000280923 0.00151485 6.01391e-05 0.748229
0.129688  354.394 0.0235063 9.109e-07 0.226315 2.34815e-06 5.2898e-05 0.000285331 0.00154633 6.13027e-05 0.74823
0.12972  355.185 0.0234897 9.50621e-07 0.226291 2.406e-06 5.43971e-05 0.000289754 0.00157836 6.2482e-05 0.748231
0.129753  355.985 0.0234729 9.91914e-07 0.226267 2.46542e-06 5.5939e-05 0.000294191 0.00161094 6.36768e-05 0.748231
0.129785  356.795 0.0234561 1.03483e-06 0.226243 2.52643e-06 5.75248e-05 0.00029864 0.00164409 6.48871e-05 0.748232
0.129818  357.615 0.0234392 1.07943e-06 0.226218 2.5891e-06 5.91555e-05 0.000303099 0.00167782 6.61131e-05 0.748233
0.12985  358.444 0.0234223 1.12577e-06 0.226193 2.65345e-06 6.08322e-05 0.000307566 0.00171212 6.73545e-05 0.748233
0.129883  359.283 0.0234052 1.1739e-06 0.226167 2.71953e-06 6.25559e-05 0.000312039 0.00174701 6.86115e-05 0.748233
0.129915  360.131 0.0233881 1.22389e-06 0.226141 2.78739e-06 6.43277e-05 0.000316517 0.00178249 6.9884e-05 0.748234
0.129948  360.989 0.0233708 1.2758e-06 0.226114 2.85708e-06 6.61487e-05 0.000320996 0.00181857 7.1172e-05 0.748234
0.12998  361.857 0.0233535 1.32968e-06 0.226087 2.92862e-06 6.802e-05 0.000325477 0.00185525 7.24753e-05 0.748234
0.130013  362.735 0.0233361 1.38561e-06 0.226059 3.00209e-06 6.99427e-05 0.000329955 0.00189254 7.3794e-05 0.748234
0.130046  363.623 0.0233187 1.44364e-06 0.226031 3.07751e-06 7.1918e-05 0.00033443 0.00193045 7.5128e-05 0.748234
0.130078  364.521 0.0233011 1.50386e-06 0.226002 3.15494e-06 7.39468e-05 0.0003389 0.00196898 7.64772e-05 0.748234
0.130111  365.428 0.0232835 1.56631e-06 0.225973 3.23443e-06 7.60304e-05 0.000343361 0.00200814 7.78415e-05 0.748233
0.130143  366.346 0.0232657 1.63109e-06 0.225943 3.31603e-06 7.81699e-05 0.000347813 0.00204794 7.92209e-05 0.748233
0.130176  367.274 0.0232479 1.69825e-06 0.225913 3.39979e-06 8.03664e-05 0.000352252 0.00208837 8.06153e-05 0.748232
0.130208  368.212 0.02323 1.76787e-06 0.225882 3.48576e-06 8.26209e-05 0.000356678 0.00212946 8.20246e-05 0.748232
0.130241  369.16 0.0232121 1.84003e-06 0.225851 3.57399e-06 8.49347e-05 0.000361087 0.0021712 8.34486e-05 0.748231
0.130273  370.118 0.023194 1.9148e-06 0.225819 3.66453e-06 8.73089e-05 0.000365478 0.00221359 8.48873e-05 0.74823
0.130306  371.086 0.0231759 1.99227e-06 0.225786 3.75744e-06 8.97445e-05 0.000369849 0.00225665 8.63405e-05 0.74823
0.130339  372.064 0.0231577 2.07251e-06 0.225753 3.85277e-06 9.22427e-05 0.000374197 0.00230039 8.78081e-05 0.748229
0.130371  373.053 0.0231394 2.1556e-06 0.22572 3.95057e-06 9.48046e-05 0.00037852 0.00234479 8.92899e-05 0.748228
0.130404  374.052 0.023121 2.24163e-06 0.225685 4.0509e-06 9.74313e-05 0.000382817 0.00238988 9.07858e-05 0.748226
0.130436  375.061 0.0231025 2.33068e-06 0.225651 4.15382e-06 0.000100124 0.000387085 0.00243566 9.22957e-05 0.748225
0.130469  376.081 0.023084 2.42284e-06 0.225615 4.25938e-06 0.000102883 0.000391322 0.00248213 9.38194e-05 0.748224
0.130501  377.111 0.0230654 2.5182e-06 0.225579 4.36764e-06 0.000105711 0.000395526 0.0025293 9.53566e-05 0.748222
0.130534  378.151 0.0230467 2.61684e-06 0.225543 4.47864e-06 0.000108608 0.000399695 0.00257717 9.69072e-05 0.748221
0.130566  379.202 0.0230279 2.71886e-06 0.225506 4.59246e-06 0.000111574 0.000403828 0.00262575 9.8471e-05 0.748219
0.130599  380.262 0.0230091 2.82436e-06 0.225468 4.70915e-06 0.000114612 0.000407921 0.00267504 0.000100048 0.748218
0.130632  381.334 0.0229901 2.93342e-06 0.22543 4.82876e-06 0.000117723 0.000411973 0.00272506 0.000101637 0.748216
0.130664  382.415 0.0229711 3.04615e-06 0.225391 4.95135e-06 0.000120906 0.000415983 0.00277579 0.00010324 0.748214
0.130697  383.507 0.022952 3.16264e-06 0.225352 5.07699e-06 0.000124163 0.000419948 0.00282726 0.000104854 0.748212
0.130729  384.61 0.0229329 3.28299e-06 0.225312 5.20572e-06 0.000127496 0.000423867 0.00287945 0.000106481 0.74821
0.130762  385.722 0.0229136 3.4073e-06 0.225271 5.33762e-06 0.000130904 0.000427737 0.00293239 0.000108119 0.748208
0.130794  386.845 0.0228943 3.53568e-06 0.22523 5.47273e-06 0.00013439 0.000431557 0.00298607 0.000109769 0.748205
0.130827  387.979 0.0228749 3.66822e-06 0.225188 5.61112e-06 0.000137953 0.000435326 0.00304049 0.00011143 0.748203
0.130859  389.123 0.0228554 3.80504e-06 0.225145 5.75284e-06 0.000141595 0.000439041 0.00309567 0.000113102 0.748201
0.130892  390.277 0.0228359 3.94625e-06 0.225102 5.89796e-06 0.000145316 0.000442701 0.0031516 0.000114785 0.748198
0.130924  391.441 0.0228162 4.09194e-06 0.225058 6.04653e-06 0.000149117 0.000446305 0.00320829 0.000116478 0.748195
0.130957  392.616 0.0227965 4.24223e-06 0.225014 6.19861e-06 0.000152999 0.000449851 0.00326575 0.000118181 0.748193
0.13099  393.801 0.0227768 4.39724e-06 0.224969 6.35426e-06 0.000156963 0.000453337 0.00332397 0.000119894 0.74819
0.131022  394.997 0.0227569 4.55707e-06 0.224923 6.51354e-06 0.000161009 0.000456762 0.00338296 0.000121616 0.748187
0.131055  396.202 0.022737 4.72184e-06 0.224876 6.6765e-06 0.000165138 0.000460126 0.00344273 0.000123347 0.748184
0.131087  397.418 0.022717 4.89167e-06 0.224829 6.84321e-06 0.000169351 0.000463425 0.00350328 0.000125087 0.748181
0.13112  398.644 0.0226969 5.06667e-06 0.224782 7.01371e-06 0.000173647 0.00046666 0.00356461 0.000126835 0.748178
0.131152  399.881 0.0226768 5.24696e-06 0.224733 7.18808e-06 0.000178029 0.00046983 0.00362673 0.000128591 0.748174
0.131185  401.127 0.0226565 5.43266e-06 0.224684 7.36635e-06 0.000182495 0.000472932 0.00368963 0.000130354 0.748171
0.131217  402.384 0.0226362 5.62389e-06 0.224635 7.5486e-06 0.000187046 0.000475967 0.00375333 0.000132125 0.748168
0.13125  403.65 0.0226159 5.82077e-06 0.224584 7.73487e-06 0.000191683 0.000478933 0.00381782 0.000133902 0.748164
0.131283  404.927 0.0225954 6.02342e-06 0.224533 7.92522e-06 0.000196406 0.000481829 0.00388312 0.000135685 0.74816
0.131315  406.214 0.0225749 6.23197e-06 0.224481 8.11971e-06 0.000201216 0.000484656 0.00394921 0.000137474 0.748157
0.131348  407.51 0.0225544 6.44655e-06 0.224429 8.31838e-06 0.000206111 0.00048741 0.00401611 0.000139268 0.748153
0.13138  408.817 0.0225337 6.66727e-06 0.224376 8.52129e-06 0.000211094 0.000490094 0.00408381 0.000141067 0.748149
0.131413  410.133 0.022513 6.89427e-06 0.224322 8.72849e-06 0.000216163 0.000492704 0.00415233 0.000142871 0.748145
0.131445  411.459 0.0224922 7.12767e-06 0.224268 8.94003e-06 0.000221319 0.000495242 0.00422166 0.000144679 0.748141
0.131478  412.795 0.0224713 7.3676e-06 0.224213 9.15596e-06 0.000226562 0.000497707 0.0042918 0.000146489 0.748137
0.13151  414.141 0.0224504 7.6142e-06 0.224157 9.37633e-06 0.000231891 0.000500098 0.00436276 0.000148303 0.748133
0.131543  415.496 0.0224294 7.86758e-06 0.2241 9.60119e-06 0.000237307 0.000502415 0.00443453 0.000150119 0.748129
0.131576  416.861 0.0224083 8.12788e-06 0.224043 9.83059e-06 0.000242809 0.000504657 0.00450713 0.000151937 0.748124
0.131608  418.236 0.0223872 8.39523e-06 0.223985 1.00646e-05 0.000248397 0.000506825 0.00458056 0.000153757 0.74812
0.131641  419.62 0.022366 8.66976e-06 0.223926 1.03032e-05 0.000254071 0.000508919 0.0046548 0.000155577 0.748115
0.131673  421.013 0.0223447 8.95161e-06 0.223867 1.05464e-05 0.00025983 0.000510938 0.00472988 0.000157398 0.748111
0.131706  422.416 0.0223234 9.24091e-06 0.223807 1.07944e-05 0.000265674 0.000512882 0.00480578 0.000159218 0.748106
0.131738  423.828 0.022302 9.53778e-06 0.223746 1.10472e-05 0.000271602 0.000514752 0.00488251 0.000161037 0.748101
0.131771  425.249 0.0222805 9.84237e-06 0.223685 1.13047e-05 0.000277614 0.000516548 0.00496008 0.000162855 0.748097
0.131803  426.68 0.022259 1.01548e-05 0.223622 1.15671e-05 0.00028371 0.000518269 0.00503848 0.000164671 0.748092
0.131836  428.119 0.0222374 1.04752e-05 0.223559 1.18343e-05 0.000289887 0.000519917 0.00511771 0.000166484 0.748087
0.131868  429.568 0.0222157 1.08037e-05 0.223496 1.21064e-05 0.000296147 0.000521491 0.00519778 0.000168294 0.748082
0.131901  431.025 0.022194 1.11405e-05 0.223431 1.23835e-05 0.000302487 0.000522991 0.00527868 0.000170101 0.748077
0.131934  432.492 0.0221722 1.14856e-05 0.223366 1.26656e-05 0.000308907 0.000524419 0.00536043 0.000171903 0.748072
0.131966  433.967 0.0221504 1.18393e-05 0.2233 1.29527e-05 0.000315407 0.000525774 0.00544301 0.0001737 0.748067
0.131999  435.451 0.0221285 1.22016e-05 0.223234 1.32448e-05 0.000321984 0.000527058 0.00552643 0.000175492 0.748061
0.132031  436.943 0.0221065 1.25727e-05 0.223167 1.3542e-05 0.000328638 0.00052827 0.00561069 0.000177277 0.748056
0.132064  438.444 0.0220844 1.29527e-05 0.223099 1.38442e-05 0.000335368 0.000529412 0.0056958 0.000179055 0.748051
0.132096  439.953 0.0220623 1.33417e-05 0.22303 1.41517e-05 0.000342173 0.000530483 0.00578174 0.000180827 0.748045
0.132129  441.471 0.0220401 1.37399e-05 0.22296 1.44642e-05 0.000349051 0.000531485 0.00586853 0.00018259 0.74804
0.132161  442.997 0.0220179 1.41474e-05 0.22289 1.4782e-05 0.000356 0.000532419 0.00595616 0.000184344 0.748034
0.132194  444.532 0.0219956 1.45644e-05 0.222819 1.51049e-05 0.000363021 0.000533285 0.00604464 0.000186089 0.748028
0.132227  446.074 0.0219733 1.49909e-05 0.222748 1.54331e-05 0.00037011 0.000534084 0.00613396 0.000187824 0.748023
0.132259  447.624 0.0219508 1.54271e-05 0.222675 1.57665e-05 0.000377268 0.000534816 0.00622412 0.000189549 0.748017
0.132292  449.183 0.0219284 1.58731e-05 0.222602 1.61052e-05 0.000384491 0.000535483 0.00631513 0.000191263 0.748011
0.132324  450.749 0.0219058 1.63291e-05 0.222528 1.64492e-05 0.000391779 0.000536086 0.00640698 0.000192965 0.748005
0.132357  452.323 0.0218832 1.67952e-05 0.222454 1.67984e-05 0.00039913 0.000536625 0.00649968 0.000194654 0.747999
0.132389  453.905 0.0218606 1.72714e-05 0.222379 1.7153e-05 0.000406542 0.000537102 0.00659321 0.00019633 0.747993
0.132422  455.494 0.0218379 1.7758e-05 0.222303 1.7513e-05 0.000414013 0.000537517 0.0066876 0.000197993 0.747987
0.132454  457.091 0.0218151 1.82551e-05 0.222226 1.78783e-05 0.000421542 0.000537871 0.00678283 0.000199642 0.747981
0.132487  458.695 0.0217923 1.87627e-05 0.222148 1.82489e-05 0.000429126 0.000538166 0.0068789 0.000201275 0.747975
0.13252  460.306 0.0217694 1.9281e-05 0.22207 1.8625e-05 0.000436764 0.000538403 0.00697581 0.000202893 0.747969
0.132552  461.925 0.0217465 1.98102e-05 0.221991 1.90064e-05 0.000444455 0.000538581 0.00707356 0.000204495 0.747962
0.132585  463.55 0.0217235 2.03503e-05 0.221912 1.93933e-05 0.000452194 0.000538703 0.00717216 0.000206081 0.747956
0.132617  465.183 0.0217004 2.09014e-05 0.221831 1.97856e-05 0.000459982 0.00053877 0.0072716 0.000207649 0.74795
0.13265  466.822 0.0216773 2.14637e-05 0.22175 2.01833e-05 0.000467816 0.000538782 0.00737188 0.000209199 0.747943
0.132682  468.469 0.0216541 2.20373e-05 0.221669 2.05864e-05 0.000475693 0.000538741 0.007473 0.000210731 0.747937
0.132715  470.122 0.0216309 2.26223e-05 0.221586 2.0995e-05 0.000483611 0.000538648 0.00757496 0.000212244 0.74793
0.132747  471.782 0.0216076 2.32188e-05 0.221503 2.14091e-05 0.000491569 0.000538504 0.00767775 0.000213738 0.747923
0.13278  473.448 0.0215843 2.38269e-05 0.221419 2.18287e-05 0.000499563 0.000538309 0.00778139 0.000215211 0.747917
0.132812  475.12 0.0215609 2.44468e-05 0.221334 2.22537e-05 0.000507593 0.000538066 0.00788586 0.000216664 0.74791
0.132845  476.799 0.0215374 2.50785e-05 0.221249 2.26842e-05 0.000515655 0.000537775 0.00799116 0.000218096 0.747903
0.132878  478.484 0.0215139 2.57221e-05 0.221163 2.31202e-05 0.000523747 0.000537437 0.0080973 0.000219506 0.747896
0.13291  480.176 0.0214904 2.63777e-05 0.221076 2.35618e-05 0.000531867 0.000537053 0.00820427 0.000220893 0.74789
0.132943  481.873 0.0214668 2.70455e-05 0.220988 2.40088e-05 0.000540013 0.000536625 0.00831208 0.000222258 0.747883
0.132975  483.576 0.0214431 2.77256e-05 0.2209 2.44614e-05 0.000548182 0.000536153 0.00842071 0.0002236 0.747876
0.133008  485.285 0.0214194 2.8418e-05 0.220811 2.49196e-05 0.000556371 0.000535638 0.00853017 0.000224918 0.747869
0.13304  487 0.0213956 2.91228e-05 0.220722 2.53833e-05 0.000564579 0.000535083 0.00864046 0.000226212 0.747862
0.133073  488.72 0.0213718 2.98401e-05 0.220631 2.58525e-05 0.000572803 0.000534487 0.00875157 0.000227482 0.747855
0.133105  490.446 0.021348 3.05701e-05 0.220541 2.63274e-05 0.000581041 0.000533851 0.00886351 0.000228726 0.747848
0.133138  492.178 0.0213241 3.13127e-05 0.220449 2.68078e-05 0.00058929 0.000533178 0.00897627 0.000229945 0.74784
0.133171  493.914 0.0213001 3.20682e-05 0.220356 2.72939e-05 0.000597547 0.000532467 0.00908985 0.000231138 0.747833
0.133203  495.656 0.0212761 3.28365e-05 0.220263 2.77856e-05 0.000605811 0.00053172 0.00920425 0.000232305 0.747826
0.133236  497.403 0.021252 3.36178e-05 0.22017 2.82829e-05 0.000614078 0.000530937 0.00931946 0.000233445 0.747818
0.133268  499.155 0.0212279 3.44121e-05 0.220075 2.87859e-05 0.000622347 0.000530121 0.00943549 0.000234558 0.747811
0.133301  500.912 0.0212037 3.52196e-05 0.21998 2.92946e-05 0.000630614 0.000529271 0.00955233 0.000235644 0.747804
0.133333  502.674 0.0211795 3.60402e-05 0.219884 2.98089e-05 0.000638879 0.000528389 0.00966999 0.000236702 0.747796
0.133464  509.768 0.0210821 3.94547e-05 0.219495 3.19234e-05 0.000671875 0.000524548 0.0101486 0.000240654 0.747766
0.133594  516.933 0.020984 4.30856e-05 0.219095 3.41313e-05 0.000704623 0.000520264 0.01064 0.000244138 0.747735
0.133724  524.161 0.0208852 4.69367e-05 0.218684 3.64347e-05 0.000736973 0.000515591 0.0111441 0.000247139 0.747703
0.133854  531.447 0.0207856 5.10109e-05 0.218264 3.88367e-05 0.00076878 0.000510579 0.0116605 0.000249647 0.747671
0.133984  538.786 0.0206853 5.53107e-05 0.217834 4.13411e-05 0.000799909 0.000505275 0.0121893 0.000251654 0.747638
0.134115  546.171 0.0205843 5.98379e-05 0.217395 4.39523e-05 0.000830233 0.000499719 0.01273 0.000253158 0.747604
0.134245  553.598 0.0204827 6.45935e-05 0.216946 4.66759e-05 0.000859635 0.00049395 0.0132825 0.000254158 0.747569
0.134375  561.061 0.0203805 6.95783e-05 0.216489 4.95186e-05 0.000888008 0.000488001 0.0138467 0.000254661 0.747534
0.134505  568.555 0.0202776 7.47921e-05 0.216023 5.2488e-05 0.000915259 0.000481902 0.0144221 0.000254672 0.747498
0.134635  576.077 0.0201741 8.02345e-05 0.215549 5.5593e-05 0.000941307 0.000475682 0.0150087 0.000254202 0.747461
0.134766  583.62 0.0200701 8.59043e-05 0.215066 5.88436e-05 0.000966081 0.000469364 0.015606 0.000253266 0.747424
0.134896  591.182 0.0199655 9.18001e-05 0.214576 6.22511e-05 0.000989528 0.000462971 0.0162139 0.000251878 0.747386
0.135026  598.758 0.0198603 9.79199e-05 0.214079 6.58281e-05 0.0010116 0.000456522 0.0168321 0.000250057 0.747347
0.135156  606.344 0.0197547 0.000104261 0.213574 6.95882e-05 0.00103228 0.000450033 0.0174604 0.000247822 0.747307
0.135286  613.937 0.0196485 0.000110821 0.213062 7.35466e-05 0.00105153 0.000443521 0.0180983 0.000245195 0.747267
0.135417  621.533 0.0195419 0.000117597 0.212543 7.77194e-05 0.00106937 0.000437 0.0187457 0.000242198 0.747225
0.135547  629.128 0.0194347 0.000124585 0.212018 8.21241e-05 0.00108578 0.000430482 0.0194023 0.000238855 0.747183
0.135677  636.721 0.0193272 0.000131782 0.211486 8.67791e-05 0.00110078 0.000423978 0.0200678 0.000235191 0.74714
0.135807  644.309 0.0192192 0.000139183 0.210948 9.17041e-05 0.00111441 0.000417497 0.020742 0.00023123 0.747097
0.135937  651.887 0.0191108 0.000146786 0.210404 9.69198e-05 0.00112668 0.00041105 0.0214246 0.000226997 0.747052
0.136068  659.455 0.019002 0.000154585 0.209854 0.000102448 0.00113766 0.000404643 0.0221154 0.000222518 0.747007
0.136198  667.01 0.0188928 0.000162576 0.209298 0.00010831 0.00114737 0.000398283 0.0228141 0.000217817 0.746961
0.136328  674.55 0.0187833 0.000170756 0.208736 0.00011453 0.00115589 0.000391978 0.0235204 0.000212919 0.746914
0.136458  682.073 0.0186734 0.000179119 0.208169 0.000121132 0.00116326 0.000385732 0.0242343 0.00020785 0.746866
0.136589  689.577 0.0185632 0.000187661 0.207596 0.00012814 0.00116955 0.000379551 0.0249554 0.000202631 0.746818
0.136719  697.061 0.0184526 0.000196378 0.207017 0.000135578 0.00117483 0.000373438 0.0256836 0.000197288 0.746769
0.136849  704.523 0.0183418 0.000205266 0.206433 0.000143473 0.00117916 0.000367398 0.0264188 0.000191841 0.746719
0.136979  711.962 0.0182306 0.000214319 0.205844 0.00015185 0.00118263 0.000361434 0.0271607 0.000186312 0.746668
0.137109  719.376 0.0181192 0.000223535 0.205249 0.000160734 0.00118531 0.000355549 0.0279091 0.000180723 0.746617
0.13724  726.765 0.0180075 0.000232907 0.204649 0.000170151 0.00118726 0.000349746 0.0286641 0.000175092 0.746564
0.13737  734.127 0.0178955 0.000242434 0.204043 0.000180127 0.00118857 0.000344026 0.0294254 0.000169439 0.746512
0.1375  741.462 0.0177833 0.000252109 0.203431 0.000190687 0.00118931 0.000338391 0.0301929 0.00016378 0.746458
0.13763  748.769 0.0176708 0.00026193 0.202814 0.000201857 0.00118955 0.000332842 0.0309666 0.000158133 0.746404
0.13776  756.047 0.0175581 0.000271892 0.202192 0.000213662 0.00118937 0.000327382 0.0317464 0.000152512 0.746349
0.137891  763.295 0.0174452 0.000281992 0.201563 0.000226126 0.00118884 0.00032201 0.0325321 0.000146933 0.746293
0.138021  770.514 0.017332 0.000292226 0.200929 0.000239273 0.00118803 0.000316727 0.0333238 0.000141408 0.746237
0.138151  777.702 0.0172186 0.000302591 0.200289 0.000253127 0.001187 0.000311533 0.0341214 0.000135949 0.746181
0.138281  784.859 0.017105 0.000313082 0.199643 0.00026771 0.00118583 0.00030643 0.0349249 0.000130569 0.746124
0.138411  791.986 0.0169913 0.000323697 0.19899 0.000283044 0.00118458 0.000301415 0.0357342 0.000125276 0.746066
0.138542  799.081 0.0168773 0.000334432 0.198332 0.000299151 0.00118331 0.000296491 0.0365494 0.000120081 0.746008
0.138672  806.144 0.0167632 0.000345284 0.197667 0.000316049 0.00118207 0.000291655 0.0373704 0.000114991 0.74595
0.138802  813.175 0.0166488 0.00035625 0.196995 0.000333759 0.00118094 0.000286907 0.0381972 0.000110014 0.745891
0.138932  820.175 0.0165343 0.000367328 0.196317 0.000352299 0.00117995 0.000282248 0.0390299 0.000105156 0.745832
0.139063  827.143 0.0164196 0.000378513 0.195632 0.000371685 0.00117917 0.000277675 0.0398684 0.000100423 0.745772
0.139193  834.078 0.0163048 0.000389802 0.19494 0.000391933 0.00117865 0.000273188 0.0407129 9.58181e-05 0.745713
0.139323  840.982 0.0161898 0.000401195 0.194241 0.000413059 0.00117842 0.000268786 0.0415632 9.13467e-05 0.745653
0.139453  847.853 0.0160747 0.000412686 0.193535 0.000435076 0.00117854 0.000264468 0.0424195 8.70115e-05 0.745593
0.139583  854.693 0.0159594 0.000424274 0.192822 0.000457995 0.00117904 0.000260232 0.0432818 8.28148e-05 0.745533
0.139714  861.5 0.015844 0.000435955 0.192101 0.000481828 0.00117998 0.000256078 0.0441501 7.87584e-05 0.745473
0.139844  868.276 0.0157284 0.000447728 0.191372 0.000506584 0.00118138 0.000252004 0.0450244 7.48435e-05 0.745413
0.139974  875.019 0.0156127 0.000459589 0.190636 0.000532273 0.00118328 0.000248009 0.0459049 7.10705e-05 0.745352
0.140104  881.731 0.0154969 0.000471536 0.189892 0.0005589 0.00118572 0.000244091 0.0467914 6.74395e-05 0.745292
0.140234  888.411 0.0153809 0.000483565 0.189139 0.000586471 0.00118873 0.000240249 0.0476841 6.39499e-05 0.745233
0.140365  895.06 0.0152649 0.000495675 0.188379 0.000614992 0.00119233 0.000236482 0.048583 6.06009e-05 0.745173
0.140495  901.677 0.0151488 0.000507862 0.18761 0.000644465 0.00119656 0.000232788 0.0494881 5.7391e-05 0.745114
0.140625  908.263 0.0150325 0.000520124 0.186834 0.00067489 0.00120145 0.000229166 0.0503994 5.43184e-05 0.745055
0.140755  914.817 0.0149162 0.000532457 0.186048 0.00070627 0.00120701 0.000225613 0.051317 5.13811e-05 0.744996
0.140885  921.341 0.0147998 0.00054486 0.185254 0.000738603 0.00121327 0.00022213 0.0522408 4.85767e-05 0.744937
0.141016  927.833 0.0146833 0.000557329 0.184452 0.000771886 0.00122025 0.000218713 0.0531709 4.59024e-05 0.74488
0.141146  934.295 0.0145667 0.000569862 0.183641 0.000806116 0.00122798 0.000215362 0.0541073 4.33554e-05 0.744822
0.141276  940.726 0.0144501 0.000582455 0.182821 0.000841288 0.00123646 0.000212076 0.0550499 4.09326e-05 0.744766
0.141406  947.126 0.0143335 0.000595106 0.181993 0.000877396 0.00124572 0.000208852 0.0559988 3.86305e-05 0.744709
0.141536  953.495 0.0142168 0.000607812 0.181155 0.000914432 0.00125578 0.000205689 0.056954 3.64458e-05 0.744654
0.141667  959.834 0.0141001 0.000620568 0.180309 0.000952387 0.00126664 0.000202586 0.0579153 3.43749e-05 0.744599
0.141797  966.143 0.0139833 0.000633373 0.179454 0.000991253 0.00127832 0.000199541 0.0588829 3.24142e-05 0.744545
0.141927  972.421 0.0138666 0.000646224 0.178589 0.00103102 0.00129084 0.000196554 0.0598565 3.05598e-05 0.744492
0.142057  978.669 0.0137499 0.000659116 0.177716 0.00107167 0.00130421 0.000193622 0.0608362 2.8808e-05 0.74444
0.142188  984.887 0.0136331 0.000672047 0.176835 0.00111319 0.00131843 0.000190744 0.061822 2.71549e-05 0.744389
0.142318  991.075 0.0135164 0.000685013 0.175944 0.00115558 0.00133351 0.000187919 0.0628137 2.55967e-05 0.744338
0.142448  997.232 0.0133998 0.000698011 0.175044 0.0011988 0.00134947 0.000185146 0.0638113 2.41295e-05 0.744289
0.142578  1003.36 0.0132832 0.000711037 0.174136 0.00124286 0.0013663 0.000182423 0.0648146 2.27496e-05 0.744241
0.142708  1009.46 0.0131667 0.000724088 0.173219 0.00128773 0.00138403 0.000179749 0.0658236 2.14532e-05 0.744194
0.142839  1015.52 0.0130502 0.00073716 0.172293 0.00133339 0.00140264 0.000177123 0.0668382 2.02365e-05 0.744148
0.142969  1021.56 0.0129339 0.00075025 0.171359 0.00137982 0.00142215 0.000174543 0.0678582 1.90958e-05 0.744103
0.143099  1027.57 0.0128177 0.000763353 0.170417 0.001427 0.00144256 0.000172009 0.0688835 1.80276e-05 0.744059
0.143229  1033.55 0.0127016 0.000776466 0.169466 0.00147492 0.00146387 0.000169519 0.069914 1.70283e-05 0.744017
0.143359  1039.49 0.0125856 0.000789586 0.168506 0.00152355 0.00148608 0.000167072 0.0709495 1.60945e-05 0.743976
0.14349  1045.41 0.0124698 0.000802707 0.167539 0.00157287 0.0015092 0.000164667 0.0719899 1.52228e-05 0.743936
0.14375  1057.16 0.0122387 0.000828945 0.165581 0.0016735 0.00155815 0.00015998 0.0740848 1.36556e-05 0.743861
0.14401  1068.78 0.0120085 0.000855144 0.163593 0.00177661 0.00161072 0.000155448 0.076197 1.22991e-05 0.743791
0.144271  1080.28 0.0117792 0.00088127 0.161576 0.001882 0.00166687 0.000151065 0.078325 1.11305e-05 0.743728
0.144531  1091.66 0.0115511 0.00090729 0.159532 0.00198945 0.00172659 0.000146823 0.0804669 1.01283e-05 0.74367
0.144792  1102.92 0.0113242 0.00093317 0.157462 0.00209876 0.00178983 0.000142715 0.082621 9.27341e-06 0.743619
0.145052  1114.05 0.0110988 0.000958877 0.15537 0.00220971 0.00185653 0.000138736 0.0847853 8.54797e-06 0.743573
0.145313  1125.06 0.010875 0.000984376 0.153257 0.00232207 0.00192664 0.000134879 0.0869577 7.93606e-06 0.743535
0.145573  1135.94 0.0106529 0.00100963 0.151125 0.00243563 0.00200008 0.00013114 0.089136 7.42336e-06 0.743502
0.145833  1146.69 0.0104327 0.00103461 0.148977 0.00255016 0.00207677 0.000127513 0.0913181 6.99703e-06 0.743476
0.146094  1157.32 0.0102146 0.00105928 0.146816 0.00266544 0.00215662 0.000123993 0.0935016 6.64567e-06 0.743456
0.146354  1167.82 0.0099987 0.00108361 0.144643 0.00278124 0.00223953 0.000120578 0.0956842 6.35923e-06 0.743443
0.146615  1178.19 0.00978517 0.00110757 0.142462 0.00289734 0.0023254 0.000117261 0.0978636 6.1288e-06 0.743435
0.146875  1188.42 0.00957417 0.00113112 0.140276 0.00301353 0.0024141 0.000114041 0.100037 5.94662e-06 0.743434
0.147135  1198.53 0.00936584 0.00115423 0.138087 0.0031296 0.00250553 0.000110913 0.102203 5.80589e-06 0.743438
0.147396  1208.5 0.00916033 0.00117688 0.135898 0.00324534 0.00259955 0.000107875 0.104358 5.70068e-06 0.743448
0.147656  1218.34 0.00895778 0.00119904 0.133711 0.00336055 0.00269604 0.000104924 0.106501 5.62588e-06 0.743464
0.147917  1228.04 0.00875831 0.00122068 0.13153 0.00347503 0.00279486 0.000102057 0.108629 5.57703e-06 0.743485
0.148177  1237.61 0.00856207 0.00124178 0.129357 0.00358861 0.00289587 9.92723e-05 0.110739 5.55032e-06 0.743511
0.148438  1247.05 0.00836917 0.00126231 0.127194 0.00370112 0.00299893 9.65672e-05 0.11283 5.54245e-06 0.743542
0.148698  1256.35 0.00817971 0.00128226 0.125045 0.00381237 0.0031039 9.39398e-05 0.114899 5.55058e-06 0.743577
0.148958  1265.51 0.00799381 0.00130159 0.122912 0.00392222 0.00321062 9.13882e-05 0.116945 5.57229e-06 0.743617
0.149219  1274.54 0.00781156 0.00132031 0.120797 0.00403051 0.00331896 8.89107e-05 0.118966 5.6055e-06 0.743661
0.149479  1283.43 0.00763305 0.00133839 0.118703 0.00413712 0.00342875 8.65055e-05 0.120959 5.64841e-06 0.743708
0.14974  1292.19 0.00745835 0.00135581 0.116632 0.00424191 0.00353986 8.4171e-05 0.122924 5.69951e-06 0.743759
0.15  1300.81 0.00728754 0.00137257 0.114585 0.00434477 0.00365214 8.19057e-05 0.124857 5.75747e-06 0.743813
0.15026  1309.29 0.00712066 0.00138866 0.112565 0.00444559 0.00376543 7.97082e-05 0.126759 5.82118e-06 0.74387
0.150521  1317.64 0.00695777 0.00140406 0.110574 0.00454428 0.0038796 7.7577e-05 0.128628 5.88967e-06 0.743929
0.150781  1325.86 0.00679892 0.00141878 0.108613 0.00464074 0.0039945 7.55107e-05 0.130462 5.96211e-06 0.743991
0.151042  1333.94 0.00664413 0.00143281 0.106684 0.00473491 0.00410998 7.35081e-05 0.13226 6.03778e-06 0.744055
0.151302  1341.89 0.00649342 0.00144614 0.104789 0.00482672 0.00422591 7.15677e-05 0.134022 6.11606e-06 0.74412
0.151563  1349.71 0.00634681 0.00145879 0.102928 0.00491611 0.00434216 6.96883e-05 0.135746 6.1964e-06 0.744187
0.151823  1357.4 0.00620431 0.00147073 0.101102 0.00500304 0.00445859 6.78685e-05 0.137432 6.27833e-06 0.744255
0.152083  1364.95 0.0060659 0.00148199 0.0993138 0.00508746 0.00457507 6.61071e-05 0.139079 6.36145e-06 0.744324
0.152344  1372.39 0.00593157 0.00149257 0.097563 0.00516935 0.00469148 6.44028e-05 0.140687 6.44538e-06 0.744394
0.152604  1379.69 0.00580131 0.00150247 0.0958505 0.00524869 0.00480769 6.27542e-05 0.142255 6.52982e-06 0.744465
0.152865  1386.87 0.00567508 0.00151169 0.0941771 0.00532546 0.0049236 6.11602e-05 0.143784 6.61447e-06 0.744536
0.153125  1393.93 0.00555285 0.00152026 0.0925431 0.00539966 0.00503909 5.96192e-05 0.145272 6.69908e-06 0.744607
0.153646  1407.68 0.00532026 0.00153544 0.0893944 0.00554034 0.00526849 5.66922e-05 0.148129 6.86753e-06 0.744749
0.154167  1420.95 0.00510309 0.0015481 0.0864066 0.00567079 0.00549501 5.39623e-05 0.150826 7.03339e-06 0.744889
0.154688  1433.77 0.00490087 0.00155836 0.0835795 0.00579118 0.00571795 5.14193e-05 0.153366 7.19542e-06 0.745027
0.155208  1446.15 0.00471303 0.00156633 0.0809116 0.00590174 0.00593669 4.9053e-05 0.155753 7.35259e-06 0.745161
0.155729  1458.1 0.00453896 0.00157214 0.0784 0.00600276 0.00615069 4.68532e-05 0.157989 7.50408e-06 0.745292
0.15625  1469.64 0.00437801 0.00157592 0.0760409 0.00609457 0.00635949 4.48096e-05 0.160082 7.64921e-06 0.745417
0.156771  1480.78 0.00422949 0.00157782 0.0738293 0.00617754 0.00656272 4.29124e-05 0.162036 7.78744e-06 0.745537
0.157292  1491.55 0.0040927 0.00157797 0.0717598 0.00625206 0.00676005 4.1152e-05 0.163857 7.91833e-06 0.745651
0.157813  1501.96 0.00396694 0.00157651 0.0698265 0.00631854 0.00695125 3.95192e-05 0.165553 8.04158e-06 0.74576
0.158333  1512.02 0.0038515 0.00157357 0.0680229 0.0063774 0.00713614 3.80048e-05 0.16713 8.15695e-06 0.745862
0.158854  1521.76 0.00374569 0.00156929 0.0663423 0.00642906 0.0073146 3.66004e-05 0.168595 8.2643e-06 0.745959
0.159375  1531.17 0.00364882 0.0015638 0.0647781 0.00647394 0.00748658 3.52979e-05 0.169955 8.36356e-06 0.74605
0.159896  1540.29 0.00356024 0.00155722 0.0633233 0.00651246 0.00765205 3.40895e-05 0.171217 8.45474e-06 0.746135
0.160417  1549.12 0.00347933 0.00154966 0.0619714 0.00654501 0.00781105 3.29679e-05 0.172388 8.53789e-06 0.746214
0.160938  1557.68 0.00340546 0.00154124 0.0607155 0.00657199 0.00796364 3.19264e-05 0.173474 8.61313e-06 0.746288
0.161458  1565.98 0.00333809 0.00153206 0.0595494 0.00659379 0.00810992 3.09585e-05 0.174481 8.68061e-06 0.746356
0.161979  1574.04 0.00327665 0.00152221 0.0584667 0.00661077 0.00825002 3.00583e-05 0.175415 8.74053e-06 0.74642
0.1625  1581.85 0.00322065 0.00151179 0.0574615 0.00662328 0.00838409 2.92204e-05 0.176282 8.79312e-06 0.746479
0.163021  1589.44 0.00316961 0.00150087 0.0565281 0.00663165 0.00851229 2.84396e-05 0.177087 8.83863e-06 0.746533
0.163542  1596.82 0.00312309 0.00148953 0.0556612 0.0066362 0.00863482 2.77111e-05 0.177835 8.87734e-06 0.746584
0.164063  1604 0.00308068 0.00147785 0.0548555 0.00663723 0.00875185 2.70306e-05 0.178531 8.90953e-06 0.74663
0.164583  1610.98 0.003042 0.00146587 0.0541064 0.00663503 0.00886358 2.63941e-05 0.179179 8.93552e-06 0.746673
0.165625  1624.38 0.00297476 0.00144124 0.0527641 0.00662174 0.00907179 2.5241e-05 0.180345 8.96988e-06 0.746748
0.166667  1637.11 0.00291858 0.00141607 0.0515977 0.00659855 0.00926133 2.42235e-05 0.181364 8.9831e-06 0.746811
0.167708  1649.21 0.00287142 0.00139068 0.0505796 0.00656716 0.00943389 2.33204e-05 0.182261 8.97762e-06 0.746864
0.16875  1660.75 0.00283156 0.00136531 0.0496863 0.00652908 0.00959105 2.25138e-05 0.183056 8.95576e-06 0.746909
0.169792  1671.76 0.0027976 0.00134015 0.0488977 0.00648558 0.00973431 2.17888e-05 0.183768 8.9197e-06 0.746946
0.170833  1682.3 0.00276839 0.00131534 0.0481971 0.00643777 0.00986503 2.11332e-05 0.184409 8.87143e-06 0.746978
0.171875  1692.38 0.002743 0.00129099 0.0475703 0.00638658 0.00998448 2.05368e-05 0.184991 8.81277e-06 0.747004
0.172917  1702.06 0.00272066 0.00126718 0.0470057 0.00633282 0.0100938 1.99912e-05 0.185525 8.74534e-06 0.747026
0.173958  1711.35 0.00270076 0.00124396 0.0464935 0.00627714 0.010194 1.94893e-05 0.186018 8.67058e-06 0.747045
0.175  1720.28 0.00268281 0.00122136 0.0460255 0.00622011 0.010286 1.90253e-05 0.186476 8.58975e-06 0.747061
0.176042  1728.88 0.00266641 0.00119941 0.045595 0.00616218 0.0103706 1.85945e-05 0.186905 8.50397e-06 0.747074
0.177083  1737.17 0.00265125 0.0011781 0.0451965 0.00610374 0.0104485 1.81926e-05 0.18731 8.4142e-06 0.747085
0.178125  1745.16 0.00263706 0.00115744 0.0448253 0.00604509 0.0105204 1.78163e-05 0.187694 8.32128e-06 0.747095
0.179167  1752.88 0.00262365 0.00113742 0.0444777 0.0059865 0.0105868 1.74626e-05 0.188059 8.22594e-06 0.747103
0.180208  1760.34 0.00261086 0.00111802 0.0441504 0.00592817 0.0106482 1.71293e-05 0.188409 8.12882e-06 0.74711
0.18125  1767.56 0.00259857 0.00109924 0.0438408 0.00587026 0.0107051 1.6814e-05 0.188745 8.03046e-06 0.747116
0.183333  1781.3 0.00257516 0.00106345 0.0432677 0.00575613 0.0108066 1.6232e-05 0.189381 7.83157e-06 0.747126
0.185417  1794.22 0.00255279 0.00102988 0.0427433 0.00564492 0.0108942 1.57041e-05 0.189978 7.63241e-06 0.747134
0.1875  1806.4 0.00253111 0.000998346 0.0422581 0.00553702 0.0109699 1.52217e-05 0.190543 7.435e-06 0.74714
0.189583  1817.9 0.00250993 0.000968698 0.0418055 0.00543262 0.0110354 1.47782e-05 0.191081 7.24081e-06 0.747145
0.191667  1828.8 0.00248914 0.000940777 0.0413806 0.00533179 0.0110921 1.43683e-05 0.191595 7.05086e-06 0.747149
0.19375  1839.13 0.00246866 0.000914442 0.0409796 0.0052345 0.011141 1.39879e-05 0.192088 6.86585e-06 0.747153
0.195833  1848.95 0.00244848 0.000889562 0.0405996 0.00514068 0.0111831 1.36335e-05 0.192562 6.68624e-06 0.747156
0.197917  1858.31 0.00242856 0.000866018 0.0402385 0.00505022 0.0112191 1.33021e-05 0.193019 6.51229e-06 0.747159
0.2  1867.23 0.00240891 0.000843705 0.0398943 0.00496299 0.0112498 1.29915e-05 0.19346 6.34416e-06 0.747161
0.203125  1879.86 0.00237992 0.000812357 0.0394069 0.00483798 0.0112869 1.25602e-05 0.194093 6.10299e-06 0.747164
0.20625  1891.7 0.00235154 0.000783275 0.0389502 0.00471947 0.0113149 1.21652e-05 0.194696 5.87479e-06 0.747167
0.209375  1902.81 0.00232376 0.000756216 0.0385207 0.00460701 0.0113349 1.18017e-05 0.195271 5.65914e-06 0.747169
0.2125  1913.27 0.0022966 0.00073097 0.0381158 0.00450016 0.0113482 1.14658e-05 0.19582 5.45549e-06 0.747171
0.215625  1923.14 0.00227005 0.000707354 0.0377331 0.00439852 0.0113557 1.11545e-05 0.196346 5.26324e-06 0.747173
0.21875  1932.48 0.00224411 0.000685213 0.0373705 0.00430173 0.0113581 1.08649e-05 0.19685 5.08176e-06 0.747175
0.221875  1941.33 0.00221877 0.000664407 0.0370264 0.00420944 0.011356 1.05947e-05 0.197334 4.91041e-06 0.747176
0.225  1949.74 0.00219403 0.000644816 0.0366991 0.00412136 0.0113501 1.03421e-05 0.197798 4.74854e-06 0.747177
0.228125  1957.73 0.00216987 0.000626333 0.0363874 0.00403719 0.0113408 1.01052e-05 0.198245 4.59556e-06 0.747178
0.23125  1965.35 0.00214628 0.000608864 0.03609 0.00395667 0.0113286 9.88253e-06 0.198676 4.45087e-06 0.747179
0.234375  1972.61 0.00212325 0.000592327 0.0358058 0.00387957 0.0113138 9.67286e-06 0.199091 4.31393e-06 0.74718
0.2375  1979.56 0.00210077 0.000576646 0.035534 0.00380566 0.0112967 9.47502e-06 0.199491 4.18422e-06 0.747181
0.24375  1992.54 0.0020574 0.000547642 0.0350244 0.00366689 0.0112569 9.11143e-06 0.200251 3.94493e-06 0.747183
0.25  2004.49 0.00201602 0.000521347 0.0345547 0.00353871 0.0112111 8.78435e-06 0.200962 3.72916e-06 0.747184
0.25625  2015.54 0.00197651 0.000497394 0.0341197 0.00341992 0.0111606 8.4884e-06 0.201629 3.53392e-06 0.747185
0.2625  2025.78 0.00193874 0.000475479 0.0337156 0.00330952 0.0111065 8.21925e-06 0.202257 3.35665e-06 0.747186
0.26875  2035.31 0.00190261 0.000455352 0.0333387 0.00320661 0.0110498 7.97333e-06 0.202849 3.19517e-06 0.747187
0.275  2044.21 0.00186802 0.0004368 0.0329863 0.00311045 0.0109912 7.74769e-06 0.203409 3.04761e-06 0.747187
0.28125  2052.55 0.00183486 0.000419644 0.0326557 0.00302037 0.0109311 7.53989e-06 0.20394 2.91235e-06 0.747188
0.2875  2060.37 0.00180305 0.000403731 0.032345 0.0029358 0.0108701 7.34786e-06 0.204444 2.78801e-06 0.747188
0.29375  2067.74 0.0017725 0.000388929 0.0320521 0.00285624 0.0108084 7.16983e-06 0.204923 2.67338e-06 0.747189
0.3  2074.69 0.00174314 0.000375126 0.0317755 0.00278124 0.0107465 7.0043e-06 0.20538 2.56743e-06 0.747189
0.309375  2084.4 0.00170121 0.000356102 0.0313884 0.00267655 0.0106536 6.77693e-06 0.206025 2.42296e-06 0.74719
0.31875  2093.37 0.00166157 0.000338825 0.0310307 0.00258011 0.0105611 6.57114e-06 0.206629 2.2934e-06 0.74719
0.328125  2101.67 0.00162404 0.000323065 0.0306988 0.00249094 0.0104694 6.384e-06 0.207195 2.17663e-06 0.74719
0.3375  2109.4 0.00158844 0.000308629 0.0303899 0.00240821 0.0103789 6.21306e-06 0.207727 2.07091e-06 0.74719
0.35625  2123.3 0.00152264 0.000283211 0.0298334 0.00226002 0.0102028 5.91304e-06 0.208699 1.88772e-06 0.747191
0.375  2135.53 0.00146291 0.000261457 0.0293431 0.00213043 0.0100335 5.6572e-06 0.20957 1.73399e-06 0.747191
0.389062  2143.8 0.00142152 0.000247078 0.0290114 0.00204326 0.00991082 5.48857e-06 0.210167 1.63397e-06 0.747191
0.403125  2151.4 0.00138278 0.000234108 0.0287064 0.00196353 0.00979214 5.33682e-06 0.210723 1.54487e-06 0.747191
0.43125  2164.86 0.00131252 0.000211759 0.0281668 0.00182354 0.00956775 5.07605e-06 0.21172 1.3938e-06 0.747192
0.459375  2176.48 0.00125012 0.000193094 0.027701 0.00170383 0.00935845 4.859e-06 0.212596 1.27001e-06 0.747192
0.4875  2186.62 0.00119428 0.000177289 0.0272946 0.00160026 0.00916314 4.67589e-06 0.213373 1.16689e-06 0.747192
0.529688  2199.62 0.00112097 0.000157767 0.0267754 0.00146921 0.00889531 4.45072e-06 0.214384 1.04159e-06 0.747192
0.571875  2210.58 0.00105755 0.000141943 0.0263388 0.00136012 0.00865285 4.26931e-06 0.215252 9.41653e-07 0.747192
0.614063  2219.97 0.00100215 0.000128893 0.0259665 0.00126794 0.00843268 4.12069e-06 0.216005 8.60242e-07 0.747192
0.65625  2228.09 0.00095335 0.000117974 0.0256458 0.0011891 0.00823204 3.99734e-06 0.216665 7.92806e-07 0.747192
0.719531  2238.38 0.000890455 0.00010467 0.0252421 0.00109062 0.00796388 3.8487e-06 0.217512 7.11362e-07 0.747192
0.782813  2246.94 0.00083717 9.40557e-05 0.0249087 0.00100986 0.00772775 3.73191e-06 0.218226 6.46877e-07 0.747192
0.909375  2260.11 0.000753303 7.85337e-05 0.0244026 0.000887634 0.00733845 3.5656e-06 0.219344 5.53228e-07 0.747192
1.09922  2273.9 0.00066394 6.35123e-05 0.023882 0.000763416 0.00689694 3.41233e-06 0.220535 4.62707e-07 0.747192
1.28906  2283.3 0.000601653 5.39525e-05 0.0235364 0.000680531 0.00657096 3.32161e-06 0.221361 4.04984e-07 0.747191
1.57383  2292.65 0.000539319 4.51054e-05 0.0231994 0.000600305 0.0062271 3.2451e-06 0.222194 3.51049e-07 0.747191
1.85859  2298.43 0.000500244 3.99298e-05 0.0229978 0.000551492 0.00600163 3.20533e-06 0.222714 3.19221e-07 0.747191
2.71289  2305.97 0.000448854 3.35495e-05 0.0227422 0.00048889 0.00569159 3.16367e-06 0.2234 2.79462e-07 0.747191
3.99434  2309.29 0.000426095 3.08783e-05 0.0226328 0.000461734 0.00554883 3.14947e-06 0.223705 2.62586e-07 0.747191
5.9165  2310.35 0.000418836 3.00463e-05 0.0225985 0.000453146 0.00550252 3.14554e-06 0.223803 2.57296e-07 0.747191
8.79976  2310.58 0.000417214 2.98617e-05 0.0225909 0.000451231 0.00549213 3.1447e-06 0.223824 2.5612e-07 0.747191
13.1246  2310.58 0.000417214 2.98617e-05 0.0225909 0.000451231 0.00549213 3.1447e-06 0.223824 2.5612e-07 0.747191
