TITLE="Graphics"
VARIABLES= "x", "T1", "Y_H2_1", 
"Y_H_1", "Y_O2_1", "Y_O_1", "Y_OH_1", "Y_HO2_1", "Y_H2O_1", "Y_H2O2_1", "Y_N2_1"
0  300 0.0257431 0 0.22701 0 0 0 0 0 0.747247
0.0125  300 0.0257431 -2.7292e-17 0.22701 -1.60482e-13 -4.88739e-13 -1.519e-09 -6.29383e-09 -2.66455e-10 0.747247
0.025  300 0.0257431 3.94922e-17 0.22701 1.37008e-13 7.10913e-13 7.17187e-10 3.29157e-09 1.24925e-10 0.747247
0.0375  300 0.0257431 -1.07193e-16 0.22701 -4.12954e-13 -1.92624e-12 -2.57488e-09 -1.13069e-08 -4.4992e-10 0.747247
0.05  300 0.0257431 2.27783e-16 0.22701 6.05148e-13 4.0995e-12 2.27056e-09 1.09258e-08 3.94449e-10 0.747247
0.062  300 0.0257431 -4.75442e-16 0.22701 -1.14742e-12 -8.56514e-12 -4.34492e-09 -2.05015e-08 -7.5607e-10 0.747247
0.074  300 0.0257432 1.13442e-15 0.22701 2.18407e-12 2.04399e-11 5.54987e-09 2.82318e-08 9.61937e-10 0.747247
0.098  300 0.0257412 -1.17007e-14 0.22701 -2.01551e-11 -2.09529e-10 -4.87229e-08 -2.47197e-07 -8.45098e-09 0.747249
0.1  300 0.0257413 -1.08317e-14 0.22701 -1.96268e-11 -1.94759e-10 -4.78252e-08 -2.42284e-07 -8.29093e-09 0.747249
0.108333  300 0.0257425 3.91415e-15 0.22701 -4.21073e-12 7.33685e-11 5.70968e-08 1.3645e-07 1.06935e-08 0.747248
0.1125  300 0.025731 -6.67399e-15 0.227013 -1.73194e-11 -1.64912e-10 -7.50505e-10 -8.64136e-08 2.8379e-10 0.747256
0.116667  300.001 0.0256928 1.65415e-13 0.227023 2.09404e-10 3.59251e-09 2.12508e-07 8.69748e-07 3.82578e-08 0.747283
0.120833  299.96 0.0255654 -2.14315e-12 0.227063 -3.73692e-09 -5.73585e-08 -5.72795e-07 -3.23275e-06 -1.00085e-07 0.747376
0.121875  300.446 0.0254873 9.15117e-12 0.227083 6.5532e-09 8.84585e-08 -1.99446e-07 -8.65989e-07 -3.38204e-08 0.747431
0.122396  300.816 0.0254393 2.09296e-11 0.227095 1.46876e-08 2.05321e-07 1.98806e-07 1.50069e-06 3.79034e-08 0.747464
0.122917  301.294 0.0253845 4.11988e-11 0.227108 2.54546e-08 3.61529e-07 8.13845e-07 5.04547e-06 1.49605e-07 0.747501
0.123437  301.912 0.025322 7.94295e-11 0.227122 3.97039e-08 5.70795e-07 1.76217e-06 1.03477e-05 3.23294e-07 0.747543
0.123958  302.712 0.0252507 1.57104e-10 0.227136 5.85672e-08 8.51981e-07 3.22228e-06 1.82655e-05 5.92773e-07 0.74759
0.124479  303.745 0.0251695 3.23887e-10 0.22715 8.35609e-08 1.23145e-06 5.46626e-06 3.0064e-05 1.00964e-06 0.747642
0.125  305.079 0.0250771 6.95153e-10 0.227163 1.16742e-07 1.74684e-06 8.90574e-06 4.75979e-05 1.65195e-06 0.7477
0.12526  305.892 0.0250262 1.05791e-09 0.227168 1.37476e-07 2.0764e-06 1.13059e-05 5.95362e-05 2.10168e-06 0.74773
0.125521  306.814 0.024972 1.60428e-09 0.227172 1.61423e-07 2.46313e-06 1.42596e-05 7.40235e-05 2.65624e-06 0.747762
0.125781  307.859 0.0249143 2.43316e-09 0.227175 1.89126e-07 2.91864e-06 1.78874e-05 9.15841e-05 3.33876e-06 0.747795
0.126042  309.045 0.024853 3.69354e-09 0.227175 2.21244e-07 3.45753e-06 2.23324e-05 0.000112843 4.17693e-06 0.747829
0.126302  310.388 0.0247877 5.60933e-09 0.227173 2.58575e-07 4.09828e-06 2.7763e-05 0.000138541 5.20363e-06 0.747864
0.126562  311.909 0.0247184 8.51526e-09 0.227167 3.02101e-07 4.86455e-06 3.43744e-05 0.000169556 6.45758e-06 0.747899
0.126823  313.63 0.0246449 1.29084e-08 0.227157 3.53039e-07 5.78679e-06 4.23888e-05 0.000206919 7.98389e-06 0.747935
0.127083  315.574 0.0245669 1.95212e-08 0.227142 4.12909e-07 6.9045e-06 5.2054e-05 0.000251838 9.83447e-06 0.74797
0.127214  316.641 0.0245261 2.40638e-08 0.227131 4.46921e-07 7.55617e-06 5.7608e-05 0.000277667 1.09038e-05 0.747988
0.127344  317.774 0.0244842 2.9608e-08 0.227119 4.83932e-07 8.27743e-06 6.36764e-05 0.000305933 1.20769e-05 0.748006
0.127474  318.977 0.0244411 3.63686e-08 0.227105 5.24261e-07 9.07725e-06 7.02937e-05 0.000336845 1.33623e-05 0.748023
0.127604  320.254 0.0243968 4.46022e-08 0.227089 5.68272e-07 9.96585e-06 7.74941e-05 0.000370628 1.47686e-05 0.748041
0.127734  321.609 0.0243512 5.46148e-08 0.22707 6.16375e-07 1.09549e-05 8.53111e-05 0.000407519 1.63049e-05 0.748058
0.127865  323.046 0.0243044 6.67705e-08 0.227049 6.69033e-07 1.20578e-05 9.37764e-05 0.000447775 1.79808e-05 0.748074
0.127995  324.57 0.0242563 8.15008e-08 0.227025 7.26769e-07 1.32898e-05 0.000102919 0.000491666 1.98056e-05 0.74809
0.128125  326.184 0.0242069 9.93162e-08 0.226998 7.90175e-07 1.4668e-05 0.000112766 0.00053948 2.17893e-05 0.748106
0.128255  327.894 0.0241562 1.20818e-07 0.226967 8.59921e-07 1.62123e-05 0.000123337 0.000591518 2.39416e-05 0.748121
0.128385  329.704 0.0241041 1.46711e-07 0.226932 9.36762e-07 1.79447e-05 0.000134649 0.000648102 2.62725e-05 0.748136
0.128516  331.619 0.0240508 1.77821e-07 0.226894 1.02155e-06 1.98905e-05 0.00014671 0.000709564 2.87914e-05 0.748149
0.128646  333.643 0.0239961 2.1511e-07 0.226851 1.11525e-06 2.20778e-05 0.000159522 0.000776255 3.1508e-05 0.748162
0.128776  335.781 0.02394 2.59695e-07 0.226804 1.21893e-06 2.45384e-05 0.000173077 0.000848541 3.44313e-05 0.748174
0.128906  338.038 0.0238826 3.12866e-07 0.226751 1.33381e-06 2.73075e-05 0.000187354 0.000926798 3.75698e-05 0.748185
0.129036  340.42 0.0238238 3.76109e-07 0.226694 1.46125e-06 3.04245e-05 0.000202326 0.00101142 4.09314e-05 0.748196
0.129167  342.93 0.0237636 4.51127e-07 0.22663 1.60277e-06 3.39324e-05 0.000217948 0.0011028 4.45234e-05 0.748205
0.129297  345.573 0.023702 5.39859e-07 0.226561 1.76002e-06 3.78787e-05 0.000234166 0.00120134 4.83516e-05 0.748213
0.129427  348.354 0.0236391 6.44513e-07 0.226486 1.93489e-06 4.23152e-05 0.00025091 0.00130748 5.24214e-05 0.748219
0.129557  351.278 0.0235748 7.67586e-07 0.226404 2.12943e-06 4.72977e-05 0.000268101 0.00142162 5.67368e-05 0.748225
0.129688  354.347 0.0235092 9.11882e-07 0.226315 2.3459e-06 5.28862e-05 0.000285644 0.00154419 6.13004e-05 0.748229
0.129818  357.567 0.0234422 1.08054e-06 0.226219 2.58674e-06 5.91442e-05 0.000303432 0.00167561 6.61133e-05 0.748231
0.129948  360.941 0.0233738 1.27706e-06 0.226115 2.85463e-06 6.61386e-05 0.00032135 0.0018163 7.1175e-05 0.748233
0.130078  364.471 0.0233041 1.50531e-06 0.226003 3.15244e-06 7.39388e-05 0.000339273 0.00196666 7.64832e-05 0.748232
0.130208  368.161 0.0232331 1.76957e-06 0.225882 3.48322e-06 8.26158e-05 0.00035707 0.0021271 8.20338e-05 0.748231
0.130339  372.013 0.0231608 2.07449e-06 0.225753 3.85024e-06 9.22417e-05 0.000374606 0.00229799 8.78208e-05 0.748227
0.130469  376.029 0.0230871 2.42517e-06 0.225616 4.25691e-06 0.000102888 0.000391748 0.00247972 9.38357e-05 0.748222
0.130599  380.21 0.0230122 2.82711e-06 0.225468 4.70679e-06 0.000114623 0.000408361 0.00267262 0.000100068 0.748216
0.130729  384.557 0.0229361 3.28625e-06 0.225312 5.20355e-06 0.000127515 0.00042432 0.00287704 0.000106504 0.748208
0.130859  389.069 0.0228587 3.80892e-06 0.225145 5.75093e-06 0.000141624 0.000439505 0.00309327 0.000113129 0.748199
0.13099  393.748 0.02278 4.40185e-06 0.224968 6.35269e-06 0.000157003 0.00045381 0.00332161 0.000119925 0.748188
0.13112  398.59 0.0227002 5.07215e-06 0.224781 7.01259e-06 0.000173701 0.000467141 0.0035623 0.000126869 0.748176
0.13125  403.596 0.0226192 5.82728e-06 0.224584 7.73431e-06 0.00019175 0.00047942 0.00381558 0.000133939 0.748163
0.13138  408.762 0.0225371 6.67501e-06 0.224376 8.52141e-06 0.000211177 0.000490584 0.00408166 0.000141107 0.748148
0.13151  414.087 0.0224538 7.62336e-06 0.224156 9.37729e-06 0.000231991 0.000500592 0.0043607 0.000148345 0.748131
0.131641  419.565 0.0223695 8.6806e-06 0.223926 1.03051e-05 0.000254188 0.000509416 0.00465287 0.00015562 0.748114
0.131771  425.195 0.022284 9.85515e-06 0.223684 1.13078e-05 0.000277749 0.000517047 0.00495828 0.000162898 0.748095
0.131901  430.971 0.0221975 1.11555e-05 0.22343 1.23879e-05 0.000302638 0.000523493 0.00527704 0.000170143 0.748075
0.132031  436.888 0.02211 1.25903e-05 0.223165 1.35479e-05 0.000328804 0.000528774 0.00560922 0.000177317 0.748054
0.132161  442.942 0.0220215 1.4168e-05 0.222889 1.47896e-05 0.000356179 0.000532927 0.00595489 0.00018438 0.748032
0.132292  449.127 0.021932 1.58971e-05 0.2226 1.61148e-05 0.000384679 0.000535996 0.00631407 0.000191293 0.74801
0.132422  455.438 0.0218415 1.77858e-05 0.222301 1.75249e-05 0.000414203 0.000538036 0.00668678 0.000198016 0.747986
0.132552  461.868 0.0217501 1.98423e-05 0.221989 1.90209e-05 0.000444641 0.000539107 0.00707301 0.000204509 0.747961
0.132682  468.412 0.0216578 2.20744e-05 0.221666 2.06038e-05 0.000475864 0.000539277 0.00747273 0.000210733 0.747935
0.132812  475.062 0.0215646 2.44893e-05 0.221331 2.22744e-05 0.000507738 0.000538613 0.00788591 0.000216651 0.747909
0.132943  481.814 0.0214706 2.70943e-05 0.220985 2.40333e-05 0.000540115 0.000537184 0.00831247 0.000222228 0.747881
0.133073  488.659 0.0213756 2.98957e-05 0.220628 2.58814e-05 0.000572844 0.00053506 0.00875234 0.000227432 0.747853
0.133203  495.593 0.0212799 3.28998e-05 0.220259 2.78195e-05 0.000605767 0.000532307 0.00920543 0.000232232 0.747824
0.133333  502.609 0.0211833 3.61119e-05 0.21988 2.98488e-05 0.000638722 0.00052899 0.00967162 0.000236604 0.747795
0.133854  531.409 0.0207896 5.10457e-05 0.218259 3.88729e-05 0.000769194 0.000510775 0.0116622 0.000249638 0.74767
0.134375  561.042 0.0203847 6.9591e-05 0.216484 4.95408e-05 0.00088861 0.000487995 0.0138481 0.000254644 0.747533
0.134896  591.176 0.0199698 9.18051e-05 0.214571 6.22442e-05 0.000990103 0.000462903 0.0162154 0.00025179 0.747385
0.135417  621.534 0.0195463 0.000117601 0.212538 7.76654e-05 0.00106978 0.000436935 0.0187469 0.000242009 0.747225
0.135937  651.892 0.0191154 0.000146796 0.210399 9.68058e-05 0.0011269 0.000411006 0.0214253 0.000226707 0.747052
0.136458  682.078 0.0186781 0.000179137 0.208165 0.000120949 0.00116328 0.000385711 0.0242341 0.000207482 0.746866
0.136979  711.965 0.0182354 0.000214348 0.205841 0.000151597 0.0011825 0.00036143 0.0271593 0.000185896 0.746668
0.1375  741.462 0.0177881 0.000252148 0.20343 0.00019037 0.00118906 0.000338396 0.0301901 0.000163348 0.746458
0.138021  770.51 0.0173369 0.000292277 0.20093 0.000238902 0.00118772 0.000316738 0.0333194 0.000140987 0.746237
0.138542  799.072 0.0168822 0.000334496 0.198334 0.000298741 0.00118298 0.000296505 0.0365432 0.000119695 0.746008
0.139063  827.13 0.0164246 0.000378591 0.195636 0.000371256 0.00117885 0.00027769 0.0398606 0.000100084 0.745772
0.139583  854.677 0.0159643 0.00042437 0.192828 0.000457566 0.00117875 0.000260247 0.0432724 8.25319e-05 0.745532
0.140104  881.713 0.0155018 0.000471651 0.189899 0.000558492 0.00118547 0.000244106 0.0467806 6.72138e-05 0.745291
0.140625  908.243 0.0150374 0.000520261 0.186843 0.000674524 0.00120124 0.000229179 0.0503875 5.41469e-05 0.745053
0.141146  934.275 0.0145716 0.000570025 0.183651 0.00080581 0.00122781 0.000215374 0.0540945 4.32322e-05 0.744821
0.141667  959.814 0.0141049 0.000620761 0.180319 0.000952158 0.00126651 0.000202597 0.0579021 3.42925e-05 0.744598
0.142188  984.868 0.0136379 0.000672271 0.176845 0.00111305 0.00131834 0.000190754 0.0618085 2.71053e-05 0.744387
0.142708  1009.44 0.0131713 0.000724347 0.173229 0.00128769 0.00138398 0.000179758 0.0658103 2.14288e-05 0.744192
0.143229  1033.53 0.0127061 0.000776763 0.169476 0.001475 0.00146387 0.000169526 0.0699011 1.70226e-05 0.744015
0.14375  1057.14 0.0122432 0.000829277 0.16559 0.00167368 0.00155819 0.000159986 0.0740724 1.36606e-05 0.743859
0.144271  1080.27 0.0117836 0.000881634 0.161584 0.00188225 0.00166695 0.00015107 0.0783131 1.114e-05 0.743726
0.144792  1102.91 0.0113286 0.000933567 0.15747 0.00209909 0.00178994 0.000142719 0.0826097 9.28495e-06 0.743617
0.145313  1125.05 0.0108792 0.000984805 0.153263 0.00232247 0.00192678 0.000134882 0.086947 7.94789e-06 0.743534
0.145833  1146.69 0.0104369 0.00103507 0.148982 0.00255063 0.00207694 0.000127514 0.0913079 7.00804e-06 0.743475
0.146354  1167.81 0.0100028 0.00108411 0.144647 0.00278176 0.00223972 0.000120578 0.0956745 6.36879e-06 0.743443
0.146875  1188.42 0.00957822 0.00113164 0.140279 0.00301409 0.00241431 0.000114041 0.100028 5.95446e-06 0.743434
0.147396  1208.5 0.00916434 0.00117743 0.1359 0.00324592 0.00259977 0.000107875 0.104349 5.70672e-06 0.74345
0.147917  1228.04 0.0087623 0.00122126 0.131532 0.00347562 0.00279506 0.000102056 0.108619 5.58133e-06 0.743487
0.148438  1247.05 0.00837313 0.00126291 0.127197 0.00370167 0.0029991 9.65664e-05 0.11282 5.54508e-06 0.743544
0.148958  1265.51 0.00799778 0.00130221 0.122915 0.00392272 0.00321073 9.13877e-05 0.116934 5.57331e-06 0.74362
0.149479  1283.43 0.00763704 0.00133902 0.118707 0.00413753 0.00342874 8.65055e-05 0.120947 5.64777e-06 0.743711
0.15  1300.81 0.00729156 0.00137321 0.114591 0.00434502 0.00365194 8.1906e-05 0.124843 5.75496e-06 0.743817
0.151042  1333.94 0.00664753 0.00143358 0.106678 0.00473564 0.00411035 7.35038e-05 0.132255 6.03716e-06 0.74406
0.152083  1364.96 0.0060689 0.00148286 0.0992993 0.00508837 0.00457575 6.60995e-05 0.139081 6.36116e-06 0.744332
0.153125  1393.93 0.00555565 0.00152117 0.0925242 0.00540057 0.00503992 5.96105e-05 0.145277 6.6987e-06 0.744615
0.154167  1420.95 0.00510577 0.00154904 0.086387 0.0056716 0.00549574 5.39536e-05 0.150832 7.03245e-06 0.744898
0.155208  1446.14 0.00471568 0.00156728 0.080893 0.00590243 0.00593729 4.90455e-05 0.155758 7.35117e-06 0.74517
0.15625  1469.63 0.00438067 0.00157687 0.0760242 0.00609512 0.00635993 4.48036e-05 0.160085 7.64739e-06 0.745426
0.157292  1491.54 0.00409541 0.00157891 0.0717456 0.00625249 0.0067603 4.11476e-05 0.163859 7.91616e-06 0.74566
0.158333  1512 0.00385425 0.00157449 0.068011 0.00637773 0.0071362 3.80019e-05 0.16713 8.15448e-06 0.74587
0.159375  1531.15 0.00365161 0.00156471 0.0647684 0.00647418 0.00748644 3.52962e-05 0.169954 8.36083e-06 0.746057
0.160417  1549.09 0.00348215 0.00155056 0.0619634 0.00654518 0.00781073 3.29673e-05 0.172385 8.53494e-06 0.746221
0.161458  1565.95 0.00334094 0.00153295 0.0595428 0.0065939 0.00810943 3.09586e-05 0.174477 8.67748e-06 0.746363
0.1625  1581.81 0.00322353 0.00151266 0.057456 0.00662332 0.00838344 2.92211e-05 0.176277 8.78987e-06 0.746486
0.163542  1596.78 0.003126 0.00149039 0.0556565 0.00663618 0.00863403 2.77123e-05 0.17783 8.874e-06 0.74659
0.164583  1610.93 0.00304495 0.00146672 0.0541026 0.00663495 0.00886268 2.63958e-05 0.179174 8.93214e-06 0.746679
0.165625  1624.33 0.00297748 0.00144211 0.0527572 0.00662183 0.00907104 2.52412e-05 0.180342 8.96668e-06 0.746754
0.166667  1637.06 0.00292111 0.00141696 0.0515884 0.00659878 0.00926076 2.42226e-05 0.181363 8.9801e-06 0.746818
0.167708  1649.17 0.00287378 0.00139158 0.0505683 0.00656752 0.00943349 2.33186e-05 0.182262 8.97482e-06 0.746871
0.16875  1660.71 0.0028338 0.00136621 0.0496732 0.00652954 0.00959082 2.25112e-05 0.183059 8.95316e-06 0.746916
0.169792  1671.73 0.00279974 0.00134106 0.0488833 0.00648613 0.00973422 2.17857e-05 0.183771 8.9173e-06 0.746954
0.170833  1682.26 0.00277045 0.00131625 0.0481815 0.00643839 0.00986508 2.11297e-05 0.184413 8.86922e-06 0.746985
0.171875  1692.35 0.00274499 0.0012919 0.0475538 0.00638726 0.00998465 2.05329e-05 0.184996 8.81073e-06 0.747012
0.172917  1702.03 0.0027226 0.00126808 0.0469885 0.00633355 0.0100941 1.9987e-05 0.185531 8.74346e-06 0.747034
0.173958  1711.32 0.00270266 0.00124485 0.0464756 0.00627791 0.0101944 1.9485e-05 0.186024 8.66884e-06 0.747052
0.175  1720.26 0.00268467 0.00122224 0.0460071 0.00622091 0.0102864 1.90209e-05 0.186483 8.58814e-06 0.747068
0.176042  1728.86 0.00266823 0.00120027 0.0455762 0.00616301 0.0103711 1.85899e-05 0.186913 8.50248e-06 0.747082
0.177083  1737.15 0.00265303 0.00117895 0.0451773 0.0061046 0.0104491 1.81879e-05 0.187318 8.41283e-06 0.747093
0.178125  1745.14 0.00263882 0.00115828 0.0448058 0.00604598 0.0105211 1.78115e-05 0.187701 8.32003e-06 0.747102
0.179167  1752.86 0.00262538 0.00113825 0.0444578 0.00598742 0.0105875 1.74577e-05 0.188067 8.22484e-06 0.747111
0.18125  1767.53 0.00260036 0.00110006 0.0438222 0.00587111 0.0107057 1.68101e-05 0.188752 8.02935e-06 0.747124
0.183333  1781.28 0.00257693 0.00106425 0.0432487 0.00575699 0.0108073 1.62279e-05 0.189388 7.83068e-06 0.747134
0.185417  1794.2 0.00255453 0.00103065 0.042724 0.00564577 0.0108949 1.56999e-05 0.189985 7.63165e-06 0.747141
0.1875  1806.38 0.00253284 0.000999095 0.0422386 0.00553784 0.0109707 1.52175e-05 0.190551 7.43433e-06 0.747148
0.189583  1817.89 0.00251164 0.000969421 0.0417858 0.00543341 0.0110362 1.4774e-05 0.191089 7.24021e-06 0.747153
0.191667  1828.78 0.00249084 0.000941474 0.0413607 0.00533253 0.0110929 1.43642e-05 0.191603 7.05031e-06 0.747157
0.19375  1839.12 0.00247035 0.000915112 0.0409596 0.00523518 0.0111418 1.39838e-05 0.192097 6.86533e-06 0.74716
0.195833  1848.94 0.00245015 0.000890203 0.0405795 0.00514129 0.0111838 1.36293e-05 0.192571 6.68573e-06 0.747163
0.197917  1858.3 0.00243022 0.000866629 0.0402182 0.00505075 0.0112198 1.3298e-05 0.193028 6.51178e-06 0.747166
0.2  1867.23 0.00241056 0.000844283 0.0398739 0.00496345 0.0112505 1.29873e-05 0.193469 6.34366e-06 0.747168
0.20625  1891.62 0.00235322 0.000783943 0.0389323 0.00472036 0.0113152 1.21634e-05 0.194703 5.87557e-06 0.747174
0.2125  1913.15 0.00229831 0.000731679 0.0380995 0.00450135 0.0113484 1.14655e-05 0.195825 5.45721e-06 0.747178
0.21875  1932.33 0.00224585 0.000685938 0.0373553 0.00430313 0.0113582 1.08655e-05 0.196854 5.08409e-06 0.747182
0.225  1949.57 0.00219579 0.00064554 0.0366846 0.00412288 0.0113503 1.03432e-05 0.197801 4.75124e-06 0.747184
0.23125  1965.17 0.00214806 0.00060958 0.036076 0.00395827 0.0113288 9.88405e-06 0.198678 4.45378e-06 0.747187
0.2375  1979.37 0.00210254 0.000577347 0.0355204 0.00380731 0.011297 9.47676e-06 0.199493 4.18724e-06 0.747188
0.24375  1992.37 0.00205912 0.000548279 0.0350104 0.00366833 0.0112572 9.11276e-06 0.200254 3.94764e-06 0.74719
0.25  2004.33 0.00201768 0.000521916 0.0345401 0.00353989 0.0112112 8.78528e-06 0.200966 3.73153e-06 0.747191
0.2625  2025.55 0.00194049 0.000476113 0.0337035 0.0033112 0.0111069 8.22174e-06 0.202257 3.35992e-06 0.747193
0.275  2043.94 0.00186979 0.000437439 0.0329758 0.00311233 0.0109916 7.75094e-06 0.203408 3.05126e-06 0.747194
0.2875  2060.08 0.00180476 0.000404332 0.0323356 0.00293767 0.0108705 7.35139e-06 0.204442 2.79169e-06 0.747195
0.3  2074.38 0.00174468 0.000375634 0.0317667 0.00278272 0.0107462 7.00775e-06 0.205378 2.57085e-06 0.747196
0.3375  2108.54 0.00159184 0.000309925 0.0304033 0.00241468 0.0103839 6.22736e-06 0.20769 2.08074e-06 0.747198
0.375  2134.48 0.00146665 0.000262783 0.0293646 0.00213762 0.01004 5.67332e-06 0.209523 1.74443e-06 0.747198
0.43125  2163.54 0.00131764 0.000213361 0.0281991 0.00183306 0.00958042 5.09523e-06 0.211651 1.40567e-06 0.747199
0.4875  2185.19 0.00119947 0.000178781 0.0273321 0.0016097 0.0091776 4.6943e-06 0.213298 1.17804e-06 0.747199
0.571875  2209.16 0.00106331 0.000143369 0.0263748 0.00136964 0.0086715 4.28562e-06 0.215173 9.51603e-07 0.747199
0.65625  2226.5 0.000959405 0.000119353 0.0256893 0.00119892 0.00825378 4.01312e-06 0.216575 8.0254e-07 0.747199
0.909375  2257.16 0.000766908 8.10283e-05 0.0244999 0.000907686 0.00740049 3.5915e-06 0.219141 5.696e-07 0.747199
1.28906  2280.21 0.000615934 5.61407e-05 0.023637 0.000699939 0.0066451 3.33996e-06 0.221144 4.19394e-07 0.747198
1.85859  2295.58 0.000512341 4.15582e-05 0.02309 0.000567238 0.00607098 3.2144e-06 0.222516 3.30352e-07 0.747198
2.71289  2305 0.000448585 3.3558e-05 0.0227674 0.000489128 0.00568852 3.15987e-06 0.223371 2.80369e-07 0.747198
3.99434  2305 0.000448585 3.3558e-05 0.0227674 0.000489128 0.00568852 3.15987e-06 0.223371 2.80369e-07 0.747198
