TITLE="Graphics"
VARIABLES= "x", "T1", "Y_H2_1", 
"Y_H_1", "Y_O2_1", "Y_O_1", "Y_OH_1", "Y_HO2_1", "Y_H2O_1", "Y_H2O2_1", "Y_N2_1"
0  300 0.0340321 0 0.225078 0 0 0 0 0 0.74089
0.0125  300 0.0340321 2.00855e-17 0.225078 1.07551e-13 2.73897e-13 2.07544e-12 2.7198e-12 -9.44371e-14 0.74089
0.025  300 0.0340321 -2.32133e-17 0.225078 -6.87605e-14 -3.18675e-13 -4.96529e-13 -9.5185e-13 3.44128e-14 0.74089
0.0375  300 0.0340321 5.94714e-17 0.225078 2.19357e-13 8.14011e-13 2.71292e-12 4.03214e-12 -1.4139e-13 0.74089
0.05  300 0.0340321 -1.06647e-16 0.225078 -2.52377e-13 -1.4631e-12 -8.88959e-13 -2.52885e-12 9.84752e-14 0.74089
0.074  300 0.0340319 9.62221e-16 0.225078 2.32681e-12 1.31178e-11 1.21456e-11 2.68889e-11 -1.03078e-12 0.74089
0.098  300 0.0340322 -1.28712e-15 0.225078 -1.02155e-12 -1.75901e-11 1.92576e-11 4.13403e-12 2.95612e-13 0.74089
0.1  300 0.0340322 -1.1793e-15 0.225078 -9.54509e-13 -1.62584e-11 1.7797e-11 3.74422e-12 2.75952e-13 0.74089
0.104167  300 0.0340322 -2.96019e-16 0.225078 4.25238e-14 -2.81441e-12 1.00002e-10 2.72576e-11 3.67108e-12 0.74089
0.108333  300 0.0340318 -5.28655e-15 0.225078 -6.06573e-12 -7.97239e-11 -1.27315e-10 -4.49026e-11 -5.5635e-12 0.74089
0.1125  300.001 0.03403 2.64101e-14 0.225079 3.1402e-11 4.06072e-10 4.58801e-10 1.50077e-10 1.95553e-11 0.740891
0.116667  299.991 0.0340197 -1.60798e-13 0.225082 -1.98381e-10 -2.61591e-09 -9.63503e-10 -3.19591e-10 -4.876e-11 0.740898
0.11875  300.032 0.0339969 5.54056e-13 0.225089 3.01461e-10 4.07227e-09 -9.97117e-11 -1.3786e-10 1.25606e-11 0.740914
0.120833  300.196 0.0339497 5.36847e-12 0.225104 3.07543e-09 4.37155e-08 -9.32798e-09 6.91403e-09 -1.56116e-09 0.740946
0.121875  300.461 0.0339073 2.03993e-11 0.225117 9.18262e-09 1.37858e-07 1.42016e-07 4.32686e-07 1.36442e-08 0.740975
0.122917  300.952 0.0338471 7.12468e-11 0.225135 2.17624e-08 3.37319e-07 6.21398e-07 1.68502e-06 6.43166e-08 0.741015
0.123958  301.86 0.0337619 2.78145e-10 0.225158 4.76348e-08 7.61073e-07 2.13147e-06 5.3543e-06 2.32158e-07 0.741071
0.124479  302.603 0.0337062 6.54749e-10 0.225171 7.08312e-08 1.15401e-06 4.08611e-06 9.82494e-06 4.59861e-07 0.741107
0.125  303.604 0.0336401 1.48116e-09 0.225184 1.03732e-07 1.72312e-06 7.36484e-06 1.7166e-05 8.51281e-07 0.741148
0.12526  304.235 0.0336026 2.28786e-09 0.225191 1.25385e-07 2.10553e-06 9.81893e-06 2.25921e-05 1.1513e-06 0.741171
0.125521  304.966 0.0335617 3.50135e-09 0.225196 1.51181e-07 2.56756e-06 1.29589e-05 2.95006e-05 1.54102e-06 0.741195
0.125781  305.814 0.0335174 5.3386e-09 0.225201 1.81948e-07 3.12743e-06 1.69613e-05 3.82854e-05 2.04619e-06 0.741221
0.126042  306.795 0.0334692 8.12534e-09 0.225204 2.18698e-07 3.80829e-06 2.20408e-05 4.94404e-05 2.69934e-06 0.741249
0.126302  307.93 0.033417 1.23495e-08 0.225205 2.62677e-07 4.63984e-06 2.84549e-05 6.35813e-05 3.54132e-06 0.741277
0.126562  309.242 0.0333604 1.87386e-08 0.225203 3.15438e-07 5.66057e-06 3.65068e-05 8.14731e-05 4.62285e-06 0.741308
0.126823  310.758 0.0332991 2.83713e-08 0.225198 3.7893e-07 6.92081e-06 4.65456e-05 0.000104061 6.00632e-06 0.741339
0.127083  312.507 0.0332328 4.28349e-08 0.225188 4.55619e-07 8.48689e-06 5.89625e-05 0.000132503 7.76742e-06 0.741371
0.127344  314.523 0.0331611 6.44473e-08 0.225171 5.48667e-07 1.04468e-05 7.41802e-05 0.000168215 9.99668e-06 0.741404
0.127474  315.644 0.0331232 7.91996e-08 0.22516 6.02869e-07 1.16186e-05 8.30051e-05 0.000189447 1.13272e-05 0.741421
0.127604  316.847 0.0330838 9.71333e-08 0.225146 6.62794e-07 1.29361e-05 9.26906e-05 0.000213168 1.2816e-05 0.741438
0.127734  318.135 0.0330429 1.18911e-07 0.22513 7.29141e-07 1.442e-05 0.000103286 0.000239643 1.44788e-05 0.741454
0.127865  319.514 0.0330005 1.45321e-07 0.225111 8.02712e-07 1.60941e-05 0.000114835 0.000269161 1.63321e-05 0.741471
0.127995  320.99 0.0329565 1.77297e-07 0.225089 8.84416e-07 1.79858e-05 0.000127378 0.000302033 1.83935e-05 0.741487
0.128125  322.569 0.032911 2.15943e-07 0.225064 9.75295e-07 2.01264e-05 0.000140945 0.000338596 2.06809e-05 0.741503
0.12819  323.399 0.0328876 2.3826e-07 0.22505 1.02463e-06 2.13036e-05 0.000148122 0.000358401 2.19166e-05 0.741511
0.128255  324.257 0.0328638 2.62754e-07 0.225035 1.07671e-06 2.2557e-05 0.000155562 0.000379268 2.32159e-05 0.741519
0.12832  325.144 0.0328396 2.89625e-07 0.225019 1.13172e-06 2.38917e-05 0.000163265 0.000401245 2.45813e-05 0.741527
0.128385  326.06 0.0328149 3.19087e-07 0.225002 1.18985e-06 2.53134e-05 0.000171232 0.000424384 2.60152e-05 0.741535
0.128451  327.007 0.0327898 3.51374e-07 0.224983 1.25128e-06 2.6828e-05 0.000179461 0.000448737 2.75201e-05 0.741543
0.128516  327.984 0.0327643 3.86736e-07 0.224964 1.31624e-06 2.84418e-05 0.00018795 0.000474358 2.90983e-05 0.74155
0.128581  328.994 0.0327384 4.25446e-07 0.224943 1.38494e-06 3.01615e-05 0.000196696 0.000501303 3.07525e-05 0.741558
0.128646  330.035 0.0327121 4.67794e-07 0.224921 1.45763e-06 3.19943e-05 0.000205695 0.000529628 3.24849e-05 0.741565
0.128711  331.111 0.0326853 5.14095e-07 0.224898 1.53456e-06 3.39475e-05 0.00021494 0.000559393 3.42982e-05 0.741572
0.128776  332.22 0.032658 5.64687e-07 0.224874 1.61599e-06 3.60292e-05 0.000224425 0.000590657 3.61946e-05 0.741579
0.128841  333.365 0.0326303 6.19931e-07 0.224848 1.70222e-06 3.82477e-05 0.000234142 0.000623481 3.81766e-05 0.741586
0.128906  334.545 0.0326022 6.80217e-07 0.22482 1.79354e-06 4.06118e-05 0.000244081 0.000657928 4.02465e-05 0.741592
0.128971  335.762 0.0325736 7.45961e-07 0.224791 1.89028e-06 4.31307e-05 0.000254232 0.000694062 4.24067e-05 0.741599
0.129036  337.017 0.0325446 8.17608e-07 0.224761 1.99277e-06 4.58141e-05 0.000264582 0.000731948 4.46593e-05 0.741605
0.129102  338.309 0.0325151 8.95635e-07 0.224729 2.10137e-06 4.86721e-05 0.000275117 0.000771652 4.70066e-05 0.741611
0.129167  339.641 0.0324852 9.8055e-07 0.224695 2.21647e-06 5.17153e-05 0.000285823 0.000813241 4.94506e-05 0.741617
0.129232  341.012 0.0324548 1.07289e-06 0.224659 2.33844e-06 5.49545e-05 0.000296683 0.00085678 5.19932e-05 0.741622
0.129297  342.424 0.0324239 1.17323e-06 0.224622 2.46771e-06 5.84013e-05 0.00030768 0.00090234 5.46366e-05 0.741627
0.129362  343.876 0.0323926 1.2822e-06 0.224583 2.60473e-06 6.20675e-05 0.000318794 0.00094999 5.73824e-05 0.741632
0.129427  345.371 0.0323609 1.40043e-06 0.224542 2.74994e-06 6.59654e-05 0.000330007 0.000999799 6.02323e-05 0.741637
0.129492  346.908 0.0323286 1.52862e-06 0.224499 2.90383e-06 7.01076e-05 0.000341295 0.00105184 6.3188e-05 0.741642
0.129557  348.488 0.0322959 1.66751e-06 0.224454 3.06689e-06 7.4507e-05 0.000352638 0.00110618 6.62509e-05 0.741646
0.129622  350.112 0.0322628 1.81785e-06 0.224407 3.23966e-06 7.91769e-05 0.000364012 0.00116288 6.94221e-05 0.74165
0.129688  351.781 0.0322292 1.98048e-06 0.224357 3.42266e-06 8.41308e-05 0.000375393 0.00122203 7.27029e-05 0.741654
0.129753  353.494 0.0321951 2.15624e-06 0.224306 3.61646e-06 8.93824e-05 0.000386756 0.00128369 7.60941e-05 0.741657
0.129818  355.253 0.0321606 2.34605e-06 0.224252 3.82164e-06 9.49457e-05 0.000398076 0.00134792 7.95963e-05 0.74166
0.129883  357.058 0.0321256 2.55086e-06 0.224197 4.0388e-06 0.000100835 0.000409328 0.0014148 8.32102e-05 0.741663
0.129948  358.909 0.0320901 2.77166e-06 0.224138 4.26854e-06 0.000107063 0.000420484 0.0014844 8.6936e-05 0.741666
0.130013  360.807 0.0320542 3.0095e-06 0.224078 4.51151e-06 0.000113646 0.00043152 0.00155678 9.07738e-05 0.741668
0.130078  362.752 0.0320178 3.26547e-06 0.224015 4.76835e-06 0.000120596 0.000442409 0.00163201 9.47232e-05 0.74167
0.130143  364.745 0.031981 3.54072e-06 0.223949 5.0397e-06 0.000127928 0.000453126 0.00171015 9.87839e-05 0.741671
0.130208  366.786 0.0319437 3.83643e-06 0.223881 5.32625e-06 0.000135656 0.000463645 0.00179127 0.000102955 0.741673
0.130273  368.875 0.0319059 4.15386e-06 0.22381 5.62865e-06 0.000143791 0.000473942 0.00187543 0.000107235 0.741673
0.130339  371.012 0.0318677 4.49427e-06 0.223737 5.9476e-06 0.000152348 0.000483993 0.00196268 0.000111624 0.741674
0.130404  373.197 0.0318291 4.85902e-06 0.223661 6.28378e-06 0.000161338 0.000493776 0.0020531 0.000116118 0.741674
0.130469  375.431 0.03179 5.24948e-06 0.223582 6.63787e-06 0.000170774 0.000503268 0.00214673 0.000120716 0.741674
0.130534  377.714 0.0317504 5.66708e-06 0.223501 7.01055e-06 0.000180665 0.00051245 0.00224363 0.000125416 0.741674
0.130599  380.045 0.0317104 6.1133e-06 0.223416 7.40249e-06 0.000191022 0.000521302 0.00234386 0.000130215 0.741674
0.130664  382.424 0.03167 6.58964e-06 0.223329 7.81436e-06 0.000201855 0.000529807 0.00244746 0.000135109 0.741673
0.130729  384.852 0.0316292 7.09768e-06 0.223238 8.24682e-06 0.000213171 0.000537949 0.00255449 0.000140095 0.741671
0.130794  387.328 0.0315879 7.63901e-06 0.223145 8.70048e-06 0.000224978 0.000545714 0.002665 0.000145168 0.74167
0.130859  389.852 0.0315461 8.21526e-06 0.223049 9.17598e-06 0.000237281 0.000553089 0.00277902 0.000150324 0.741668
0.130924  392.423 0.031504 8.82811e-06 0.222949 9.67391e-06 0.000250084 0.000560065 0.0028966 0.000155559 0.741666
0.13099  395.041 0.0314614 9.47927e-06 0.222847 1.01948e-05 0.000263392 0.000566632 0.00301778 0.000160866 0.741664
0.131055  397.707 0.0314184 1.01705e-05 0.222741 1.07393e-05 0.000277205 0.000572784 0.00314261 0.00016624 0.741661
0.13112  400.419 0.0313749 1.09035e-05 0.222632 1.13077e-05 0.000291525 0.000578516 0.00327111 0.000171674 0.741658
0.131185  403.176 0.0313311 1.16801e-05 0.22252 1.19007e-05 0.000306349 0.000583824 0.00340333 0.000177163 0.741655
0.13125  405.98 0.0312868 1.25021e-05 0.222404 1.25185e-05 0.000321674 0.000588709 0.00353929 0.000182699 0.741651
0.131315  408.828 0.0312422 1.33713e-05 0.222286 1.31617e-05 0.000337496 0.00059317 0.00367903 0.000188274 0.741648
0.13138  411.72 0.0311971 1.42896e-05 0.222164 1.38305e-05 0.000353808 0.000597209 0.00382257 0.000193881 0.741644
0.131445  414.655 0.0311516 1.52588e-05 0.222038 1.45252e-05 0.000370603 0.00060083 0.00396994 0.000199511 0.74164
0.13151  417.634 0.0311057 1.62808e-05 0.221909 1.52461e-05 0.00038787 0.000604039 0.00412117 0.000205156 0.741635
0.131576  420.655 0.0310595 1.73574e-05 0.221777 1.59933e-05 0.000405597 0.000606843 0.00427627 0.000210808 0.741631
0.131641  423.716 0.0310128 1.84905e-05 0.221641 1.67671e-05 0.000423771 0.000609248 0.00443527 0.000216457 0.741626
0.131706  426.819 0.0309658 1.96819e-05 0.221502 1.75675e-05 0.000442378 0.000611265 0.00459819 0.000222093 0.741621
0.131771  429.961 0.0309183 2.09335e-05 0.22136 1.83945e-05 0.0004614 0.000612902 0.00476504 0.000227708 0.741616
0.131836  433.142 0.0308705 2.22471e-05 0.221214 1.92482e-05 0.000480819 0.000614173 0.00493585 0.000233292 0.74161
0.131901  436.361 0.0308223 2.36244e-05 0.221064 2.01284e-05 0.000500615 0.000615087 0.00511061 0.000238835 0.741604
0.131966  439.616 0.0307738 2.50673e-05 0.220911 2.10352e-05 0.000520766 0.000615658 0.00528935 0.000244327 0.741599
0.132031  442.908 0.0307248 2.65776e-05 0.220755 2.19683e-05 0.000541249 0.000615898 0.00547207 0.000249759 0.741593
0.132096  446.235 0.0306755 2.81569e-05 0.220595 2.29276e-05 0.000562041 0.000615821 0.00565878 0.000255121 0.741587
0.132161  449.596 0.0306259 2.98069e-05 0.220432 2.39129e-05 0.000583115 0.00061544 0.00584949 0.000260402 0.74158
0.132227  452.991 0.0305758 3.15292e-05 0.220265 2.49238e-05 0.000604445 0.00061477 0.0060442 0.000265594 0.741574
0.132292  456.417 0.0305255 3.33256e-05 0.220095 2.59602e-05 0.000626003 0.000613824 0.00624292 0.000270687 0.741567
0.132357  459.875 0.0304747 3.51975e-05 0.219921 2.70217e-05 0.00064776 0.000612616 0.00644565 0.000275672 0.74156
0.132422  463.363 0.0304237 3.71464e-05 0.219744 2.81079e-05 0.000669687 0.00061116 0.00665239 0.000280539 0.741553
0.132487  466.88 0.0303722 3.91739e-05 0.219564 2.92185e-05 0.000691753 0.00060947 0.00686313 0.000285281 0.741546
0.132552  470.425 0.0303205 4.12812e-05 0.21938 3.03532e-05 0.000713927 0.00060756 0.00707787 0.000289887 0.741539
0.132617  473.997 0.0302684 4.34698e-05 0.219193 3.15116e-05 0.000736178 0.000605442 0.00729661 0.000294352 0.741531
0.132682  477.596 0.0302159 4.5741e-05 0.219002 3.26934e-05 0.000758474 0.00060313 0.00751934 0.000298666 0.741524
0.132747  481.219 0.0301632 4.80959e-05 0.218809 3.3898e-05 0.000780784 0.000600636 0.00774604 0.000302822 0.741516
0.132812  484.867 0.0301101 5.05357e-05 0.218612 3.51254e-05 0.000803075 0.000597972 0.00797672 0.000306813 0.741508
0.132878  488.538 0.0300567 5.30616e-05 0.218411 3.6375e-05 0.000825315 0.00059515 0.00821135 0.000310634 0.7415
0.132943  492.231 0.0300029 5.56745e-05 0.218208 3.76466e-05 0.000847472 0.000592182 0.00844993 0.000314278 0.741492
0.133008  495.945 0.0299489 5.83754e-05 0.218001 3.894e-05 0.000869515 0.000589078 0.00869243 0.000317739 0.741484
0.133073  499.68 0.0298945 6.11651e-05 0.217792 4.02548e-05 0.000891413 0.000585849 0.00893884 0.000321013 0.741475
0.133138  503.434 0.0298398 6.40446e-05 0.217579 4.15911e-05 0.000913134 0.000582504 0.00918914 0.000324095 0.741467
0.133203  507.206 0.0297849 6.70145e-05 0.217363 4.29485e-05 0.000934649 0.000579053 0.00944331 0.000326981 0.741458
0.133268  510.995 0.0297296 7.00755e-05 0.217145 4.43271e-05 0.000955929 0.000575505 0.00970132 0.000329668 0.741449
0.133333  514.801 0.029674 7.32282e-05 0.216923 4.57268e-05 0.000976944 0.000571869 0.00996315 0.000332152 0.74144
0.133594  530.179 0.0294487 8.67517e-05 0.216008 5.15355e-05 0.0010581 0.000556525 0.0110479 0.000340057 0.741402
0.133854  545.751 0.029219 0.000101772 0.215051 5.76993e-05 0.00113301 0.000540345 0.0121912 0.000344611 0.741362
0.134115  561.467 0.028985 0.000118295 0.214053 6.42585e-05 0.00120044 0.000523675 0.0133908 0.000345855 0.741318
0.134375  577.281 0.0287469 0.000136308 0.213019 7.12806e-05 0.00125948 0.000506781 0.014644 0.000343933 0.741272
0.134635  593.151 0.028505 0.000155786 0.211952 7.88629e-05 0.00130961 0.000489866 0.0159477 0.000339069 0.741222
0.134896  609.043 0.0282595 0.000176693 0.210853 8.71324e-05 0.00135063 0.000473082 0.0172989 0.00033155 0.741169
0.135156  624.923 0.0280105 0.000198985 0.209726 9.62453e-05 0.0013827 0.000456544 0.0186946 0.000321699 0.741112
0.135417  640.766 0.0277584 0.000222608 0.208573 0.000106384 0.00140621 0.000440341 0.0201316 0.000309865 0.741051
0.135677  656.549 0.0275032 0.000247508 0.207395 0.000117755 0.0014218 0.000424537 0.021607 0.000296403 0.740987
0.135937  672.251 0.0272452 0.000273628 0.206194 0.000130584 0.00143026 0.000409182 0.0231183 0.000281662 0.740918
0.136198  687.858 0.0269844 0.000300909 0.20497 0.000145112 0.00143248 0.000394309 0.024663 0.000265977 0.740844
0.136458  703.357 0.0267211 0.000329296 0.203723 0.00016159 0.00142944 0.000379943 0.0262392 0.00024966 0.740767
0.136719  718.737 0.0264554 0.000358735 0.202454 0.000180272 0.0014221 0.000366096 0.0278453 0.000232998 0.740685
0.136979  733.991 0.0261872 0.000389175 0.201163 0.000201417 0.00141144 0.000352775 0.02948 0.000216249 0.740599
0.13724  749.114 0.0259169 0.000420567 0.199848 0.000225277 0.00139839 0.000339981 0.0311426 0.000199636 0.740508
0.1375  764.102 0.0256443 0.000452869 0.198509 0.000252094 0.00138382 0.000327708 0.0328326 0.000183356 0.740414
0.13776  778.952 0.0253697 0.000486039 0.197144 0.000282101 0.00136852 0.000315948 0.0345499 0.000167569 0.740316
0.138021  793.664 0.025093 0.000520039 0.195753 0.000315512 0.00135323 0.000304689 0.0362948 0.000152408 0.740214
0.138281  808.237 0.0248143 0.000554836 0.194332 0.000352523 0.00133858 0.000293915 0.0380677 0.000137977 0.740108
0.138542  822.672 0.0245336 0.000590398 0.192881 0.00039331 0.00132517 0.00028361 0.0398694 0.000124355 0.739999
0.138802  836.97 0.024251 0.000626693 0.191397 0.000438021 0.00131348 0.000273756 0.0417007 0.000111593 0.739887
0.139063  851.133 0.0239665 0.000663693 0.189879 0.000486783 0.00130397 0.000264334 0.0435626 9.97255e-05 0.739773
0.139323  865.163 0.0236803 0.000701371 0.188325 0.000539694 0.00129699 0.000255324 0.0454564 8.87648e-05 0.739656
0.139583  879.063 0.0233922 0.000739699 0.186732 0.000596823 0.00129287 0.000246708 0.0473831 7.87084e-05 0.739538
0.139844  892.833 0.0231024 0.000778649 0.185099 0.000658215 0.00129188 0.000238466 0.0493439 6.95398e-05 0.739418
0.140104  906.478 0.0228109 0.000818195 0.183424 0.000723883 0.00129426 0.000230578 0.0513399 6.12312e-05 0.739297
0.140365  919.998 0.0225178 0.000858306 0.181706 0.000793813 0.00130019 0.000223025 0.0533722 5.37461e-05 0.739175
0.140625  933.395 0.0222232 0.000898955 0.179942 0.000867964 0.00130984 0.00021579 0.0554416 4.70411e-05 0.739054
0.140885  946.672 0.0219271 0.000940108 0.178132 0.000946269 0.00132333 0.000208854 0.0575489 4.1068e-05 0.738933
0.141146  959.83 0.0216297 0.000981735 0.176274 0.00102863 0.00134076 0.0002022 0.0596947 3.57753e-05 0.738813
0.141406  972.871 0.0213311 0.0010238 0.174367 0.00111493 0.00136223 0.000195812 0.0618795 3.11101e-05 0.738694
0.141667  985.795 0.0210313 0.00106626 0.172412 0.00120503 0.00138778 0.000189674 0.0641034 2.7019e-05 0.738578
0.141927  998.603 0.0207306 0.00110909 0.170406 0.00129875 0.00141747 0.000183771 0.0663663 2.34493e-05 0.738464
0.142188  1011.3 0.0204291 0.00115224 0.168351 0.00139592 0.00145132 0.00017809 0.068668 2.03498e-05 0.738354
0.142448  1023.87 0.0201269 0.00119566 0.166247 0.00149632 0.00148933 0.000172616 0.0710079 1.76715e-05 0.738246
0.142708  1036.34 0.0198242 0.00123932 0.164094 0.00159973 0.00153151 0.000167338 0.0733853 1.53684e-05 0.738143
0.142969  1048.68 0.0195212 0.00128317 0.161892 0.0017059 0.00157782 0.000162244 0.0757991 1.33972e-05 0.738045
0.143229  1060.91 0.019218 0.00132715 0.159644 0.00181459 0.00162825 0.000157323 0.078248 1.1718e-05 0.737951
0.14349  1073.03 0.018915 0.00137121 0.157349 0.00192552 0.00168274 0.000152565 0.0807304 1.02944e-05 0.737863
0.14375  1085.02 0.0186123 0.00141531 0.155011 0.00203841 0.00174123 0.00014796 0.0832445 9.09319e-06 0.73778
0.14401  1096.9 0.0183101 0.00145939 0.152631 0.00215298 0.00180365 0.0001435 0.0857882 8.0847e-06 0.737704
0.144271  1108.65 0.0180087 0.00150339 0.15021 0.00226892 0.00186991 0.000139176 0.0883593 7.24228e-06 0.737633
0.144531  1120.29 0.0177083 0.00154726 0.147753 0.00238595 0.00193993 0.000134982 0.0909553 6.54234e-06 0.737569
0.144792  1131.8 0.0174091 0.00159094 0.145261 0.00250374 0.0020136 0.00013091 0.0935735 5.96414e-06 0.737512
0.145052  1143.18 0.0171115 0.00163437 0.142737 0.00262201 0.00209079 0.000126955 0.0962111 5.4895e-06 0.737461
0.145313  1154.43 0.0168156 0.0016775 0.140185 0.00274044 0.00217139 0.00012311 0.098865 5.10261e-06 0.737417
0.145573  1165.56 0.0165216 0.00172027 0.137607 0.00285873 0.00225527 0.000119372 0.101532 4.78984e-06 0.73738
0.145833  1176.55 0.01623 0.00176262 0.135009 0.0029766 0.00234227 0.000115735 0.104209 4.53941e-06 0.73735
0.146094  1187.41 0.0159408 0.0018045 0.132392 0.00309373 0.00243226 0.000112196 0.106893 4.34127e-06 0.737327
0.146354  1198.14 0.0156544 0.00184585 0.129761 0.00320986 0.00252508 0.00010875 0.10958 4.18687e-06 0.737311
0.146615  1208.73 0.015371 0.00188663 0.127119 0.00332472 0.00262056 0.000105395 0.112267 4.06892e-06 0.737302
0.146875  1219.18 0.0150909 0.00192677 0.124471 0.00343803 0.00271854 0.000102128 0.11495 3.9813e-06 0.737299
0.147135  1229.49 0.0148142 0.00196624 0.12182 0.00354955 0.00281885 9.89458e-05 0.117626 3.91885e-06 0.737302
0.147396  1239.66 0.0145412 0.00200497 0.11917 0.00365906 0.00292133 9.58469e-05 0.120292 3.87722e-06 0.737312
0.147656  1249.68 0.0142721 0.00204294 0.116525 0.00376631 0.0030258 9.28291e-05 0.122944 3.85279e-06 0.737328
0.147917  1259.57 0.0140072 0.00208008 0.113889 0.00387112 0.00313208 8.98905e-05 0.125578 3.84255e-06 0.737349
0.148177  1269.3 0.0137465 0.00211638 0.111265 0.0039733 0.00324 8.70297e-05 0.128192 3.84398e-06 0.737376
0.148438  1278.9 0.0134904 0.00215178 0.108657 0.00407267 0.00334939 8.42452e-05 0.130783 3.85499e-06 0.737408
0.148698  1288.34 0.0132389 0.00218626 0.106068 0.00416908 0.00346009 8.15358e-05 0.133348 3.87384e-06 0.737444
0.148958  1297.64 0.0129922 0.00221978 0.103503 0.0042624 0.00357191 7.89004e-05 0.135883 3.89909e-06 0.737486
0.149219  1306.79 0.0127506 0.00225232 0.100963 0.00435251 0.0036847 7.63377e-05 0.138386 3.92956e-06 0.737531
0.149479  1315.79 0.012514 0.00228385 0.0984522 0.00443931 0.00379829 7.38469e-05 0.140854 3.96425e-06 0.73758
0.14974  1324.65 0.0122826 0.00231435 0.0959734 0.00452273 0.00391252 7.14269e-05 0.143286 4.00234e-06 0.737633
0.15  1333.36 0.0120566 0.0023438 0.0935291 0.00460269 0.00402725 6.90768e-05 0.145679 4.04315e-06 0.737689
0.150521  1350.34 0.0116206 0.00239953 0.0887507 0.00475215 0.00425775 6.45819e-05 0.150341 4.13121e-06 0.737809
0.151042  1366.75 0.0112068 0.00245093 0.0841377 0.00488745 0.00448852 6.03556e-05 0.154826 4.22444e-06 0.737938
0.151563  1382.57 0.0108155 0.00249796 0.0797042 0.00500865 0.00471853 5.63907e-05 0.15912 4.32042e-06 0.738074
0.152083  1397.84 0.0104467 0.00254062 0.0754612 0.00511605 0.00494687 5.2679e-05 0.163217 4.41741e-06 0.738214
0.152604  1412.56 0.0101004 0.00257898 0.0714166 0.0052101 0.0051727 4.92121e-05 0.167111 4.51414e-06 0.738356
0.153125  1426.74 0.00977614 0.0026131 0.0675754 0.0052914 0.00539529 4.59806e-05 0.170799 4.60964e-06 0.738499
0.153646  1440.4 0.00947361 0.00264312 0.06394 0.00536068 0.005614 4.29748e-05 0.174281 4.70319e-06 0.73864
0.154167  1453.56 0.00919218 0.00266918 0.0605102 0.00541873 0.00582825 4.01845e-05 0.177557 4.7942e-06 0.738779
0.154688  1466.24 0.00893115 0.00269143 0.0572842 0.00546642 0.00603757 3.7599e-05 0.180632 4.88221e-06 0.738915
0.155208  1478.45 0.00868972 0.00271006 0.054258 0.0055046 0.00624155 3.52074e-05 0.18351 4.96684e-06 0.739046
0.155729  1490.22 0.00846703 0.00272527 0.0514263 0.00553416 0.00643986 3.29986e-05 0.186197 5.04781e-06 0.739172
0.15625  1501.56 0.00826215 0.00273725 0.0487827 0.00555596 0.00663223 3.09616e-05 0.188701 5.12485e-06 0.739293
0.156771  1512.49 0.00807413 0.00274622 0.0463196 0.00557082 0.00681845 2.90853e-05 0.191029 5.19777e-06 0.739407
0.157292  1523.03 0.00790199 0.00275238 0.044029 0.00557953 0.00699836 2.73589e-05 0.19319 5.26642e-06 0.739516
0.157813  1533.2 0.00774475 0.00275594 0.0419024 0.00558281 0.00717187 2.57721e-05 0.195193 5.33068e-06 0.739619
0.158333  1543.02 0.00760144 0.0027571 0.0399307 0.00558134 0.00733893 2.43146e-05 0.197046 5.39048e-06 0.739715
0.158854  1552.5 0.00747111 0.00275607 0.0381052 0.00557573 0.00749952 2.29766e-05 0.198759 5.44576e-06 0.739805
0.159375  1561.67 0.00735281 0.00275304 0.0364167 0.00556654 0.00765367 2.17489e-05 0.200341 5.49653e-06 0.739889
0.159896  1570.53 0.00724567 0.00274818 0.0348564 0.00555424 0.00780144 2.06228e-05 0.2018 5.54279e-06 0.739968
0.160417  1579.11 0.00714881 0.00274169 0.0334156 0.00553929 0.00794293 1.95899e-05 0.203146 5.58458e-06 0.740041
0.160938  1587.42 0.00706141 0.00273371 0.0320861 0.00552207 0.00807826 1.86425e-05 0.204386 5.62199e-06 0.740108
0.161458  1595.47 0.0069827 0.00272442 0.0308596 0.00550291 0.00820756 1.77734e-05 0.205529 5.65509e-06 0.74017
0.161979  1603.27 0.00691194 0.00271395 0.0297286 0.0054821 0.008331 1.69757e-05 0.206582 5.68399e-06 0.740228
0.1625  1610.84 0.00684845 0.00270244 0.0286857 0.0054599 0.00844874 1.62434e-05 0.207552 5.70881e-06 0.740281
0.163021  1618.2 0.00679158 0.00269002 0.027724 0.00543652 0.00856098 1.55704e-05 0.208446 5.72971e-06 0.74033
0.163542  1625.34 0.00674074 0.0026768 0.0268371 0.00541215 0.00866789 1.49516e-05 0.20927 5.74682e-06 0.740375
0.164583  1639.04 0.00665544 0.00264829 0.0252686 0.00536092 0.00886636 1.38606e-05 0.210727 5.77022e-06 0.740454
0.165625  1652.02 0.00658811 0.00261777 0.0239313 0.00530737 0.00904603 1.29325e-05 0.211971 5.78044e-06 0.74052
0.166667  1664.36 0.00653542 0.00258585 0.0227876 0.00525221 0.00920854 1.21392e-05 0.213037 5.77885e-06 0.740575
0.167708  1676.1 0.00649461 0.00255304 0.0218059 0.005196 0.00935551 1.14573e-05 0.213956 5.7668e-06 0.740622
0.16875  1687.31 0.00646337 0.00251973 0.0209592 0.00513913 0.00948843 1.08673e-05 0.214753 5.74558e-06 0.74066
0.169792  1698.02 0.00643978 0.00248627 0.0202249 0.00508192 0.0096087 1.03534e-05 0.21545 5.7164e-06 0.740693
0.170833  1708.28 0.0064223 0.00245289 0.0195842 0.0050246 0.0097176 9.90252e-06 0.216064 5.68037e-06 0.740719
0.171875  1718.13 0.00640965 0.00241979 0.0190213 0.00496738 0.00981628 9.50407e-06 0.216609 5.6385e-06 0.740742
0.172917  1727.59 0.00640079 0.00238714 0.0185231 0.0049104 0.0099058 9.14934e-06 0.217098 5.5917e-06 0.74076
0.173958  1736.69 0.00639488 0.00235502 0.018079 0.00485379 0.00998708 8.83122e-06 0.21754 5.54077e-06 0.740776
0.175  1745.46 0.00639126 0.00232354 0.0176798 0.00479766 0.010061 8.54388e-06 0.217944 5.48641e-06 0.740788
0.176042  1753.92 0.00638937 0.00229274 0.0173184 0.00474209 0.0101282 8.28259e-06 0.218316 5.42925e-06 0.740799
0.177083  1762.08 0.0063888 0.00226266 0.0169887 0.00468716 0.0101894 8.04345e-06 0.218662 5.36984e-06 0.740808
0.178125  1769.98 0.0063892 0.00223332 0.0166856 0.00463292 0.0102451 7.82325e-06 0.218985 5.30864e-06 0.740816
0.179167  1777.62 0.0063903 0.00220474 0.016405 0.00457942 0.010296 7.61935e-06 0.21929 5.24606e-06 0.740822
0.180208  1785.02 0.00639187 0.0021769 0.0161436 0.0045267 0.0103423 7.42957e-06 0.219578 5.18247e-06 0.740827
0.18125  1792.19 0.00639377 0.00214981 0.0158986 0.00447479 0.0103846 7.25208e-06 0.219854 5.11816e-06 0.740832
0.183333  1805.89 0.00639811 0.00209783 0.0154503 0.00437345 0.010458 6.92903e-06 0.220371 4.98832e-06 0.740839
0.185417  1818.82 0.00640249 0.00204865 0.0150443 0.00427549 0.0105189 6.63997e-06 0.220854 4.85831e-06 0.740845
0.1875  1831.05 0.00640651 0.00200209 0.0146713 0.00418093 0.0105692 6.3784e-06 0.22131 4.72932e-06 0.740849
0.189583  1842.64 0.00640997 0.00195799 0.0143247 0.00408972 0.0106102 6.13956e-06 0.221745 4.60222e-06 0.740852
0.191667  1853.66 0.00641277 0.00191616 0.0139999 0.00400179 0.0106432 5.9199e-06 0.222161 4.47763e-06 0.740854
0.19375  1864.14 0.00641488 0.00187645 0.0136935 0.00391703 0.0106693 5.71668e-06 0.222562 4.35598e-06 0.740856
0.195833  1874.14 0.00641633 0.0018387 0.013403 0.00383533 0.0106892 5.52779e-06 0.222949 4.23757e-06 0.740858
0.197917  1883.69 0.00641713 0.00180275 0.0131266 0.00375656 0.0107038 5.35151e-06 0.223324 4.12258e-06 0.74086
0.2  1892.82 0.00641735 0.00176848 0.0128627 0.00368061 0.0107135 5.18646e-06 0.223687 4.01114e-06 0.740861
0.203125  1905.8 0.00641669 0.00171998 0.0124881 0.00357171 0.0107202 4.95759e-06 0.224212 3.85075e-06 0.740863
0.20625  1918 0.00641499 0.00167462 0.012136 0.00346845 0.0107187 4.7482e-06 0.224715 3.69839e-06 0.740864
0.209375  1929.5 0.00641242 0.00163207 0.0118039 0.00337041 0.0107103 4.55576e-06 0.225197 3.55388e-06 0.740865
0.2125  1940.36 0.00640912 0.00159207 0.01149 0.00327724 0.0106959 4.37822e-06 0.225661 3.41695e-06 0.740866
0.215625  1950.65 0.00640521 0.00155438 0.0111925 0.00318861 0.0106765 4.21387e-06 0.226108 3.28728e-06 0.740867
0.21875  1960.4 0.00640079 0.00151878 0.0109101 0.00310419 0.0106526 4.06124e-06 0.226538 3.16453e-06 0.740868
0.221875  1969.68 0.00639596 0.00148509 0.0106415 0.0030237 0.010625 3.91911e-06 0.226953 3.04832e-06 0.740869
0.225  1978.51 0.00639078 0.00145314 0.0103857 0.00294689 0.0105941 3.78643e-06 0.227353 2.93829e-06 0.740869
0.228125  1986.92 0.00638533 0.00142281 0.0101417 0.0028735 0.0105604 3.66227e-06 0.22774 2.83409e-06 0.74087
0.23125  1994.96 0.00637964 0.00139395 0.0099086 0.00280331 0.0105242 3.54583e-06 0.228113 2.73535e-06 0.740871
0.234375  2002.65 0.00637378 0.00136645 0.00968565 0.00273613 0.010486 3.43641e-06 0.228475 2.64175e-06 0.740871
0.2375  2010.01 0.00636778 0.00134021 0.00947218 0.00267177 0.010446 3.3334e-06 0.228825 2.55296e-06 0.740871
0.24375  2023.83 0.00635546 0.00129122 0.00907164 0.00255097 0.0103617 3.14471e-06 0.229491 2.38888e-06 0.740872
0.25  2036.59 0.00634291 0.00124629 0.00870205 0.00243953 0.0102729 2.97578e-06 0.230118 2.24067e-06 0.740873
0.25625  2048.42 0.00633027 0.00120488 0.00835975 0.00233641 0.0101809 2.82369e-06 0.23071 2.10641e-06 0.740873
0.2625  2059.43 0.00631766 0.00116657 0.00804168 0.00224071 0.0100867 2.68605e-06 0.231268 1.98446e-06 0.740874
0.26875  2069.71 0.00630515 0.001131 0.00774526 0.00215167 0.00999118 2.56092e-06 0.231797 1.87337e-06 0.740874
0.275  2079.33 0.0062928 0.00109787 0.00746825 0.00206863 0.00989483 2.44668e-06 0.232299 1.7719e-06 0.740874
0.28125  2088.37 0.00628065 0.00106692 0.00720874 0.001991 0.0097982 2.34199e-06 0.232776 1.67897e-06 0.740874
0.2875  2096.87 0.00626873 0.00103793 0.00696505 0.00191828 0.00970165 2.2457e-06 0.23323 1.59363e-06 0.740874
0.29375  2104.89 0.00625706 0.0010107 0.00673574 0.00185001 0.00960548 2.15686e-06 0.233663 1.51506e-06 0.740875
0.3  2112.47 0.00624566 0.000985061 0.00651952 0.0017858 0.00950992 2.07464e-06 0.234076 1.44255e-06 0.740875
0.31875  2132.84 0.00621322 0.000916707 0.00594179 0.00161517 0.00923022 1.86216e-06 0.235205 1.2565e-06 0.740875
0.3375  2150.42 0.00618328 0.000858315 0.00544752 0.00147043 0.00896089 1.68844e-06 0.236202 1.10635e-06 0.740875
0.35625  2165.78 0.00615574 0.00080776 0.00501988 0.00134625 0.00870336 1.54391e-06 0.23709 9.83234e-07 0.740875
0.375  2179.34 0.00613041 0.00076349 0.00464634 0.00123864 0.00845799 1.42187e-06 0.237886 8.80878e-07 0.740875
0.403125  2196.9 0.00609628 0.000706612 0.00416873 0.00110238 0.00811379 1.27127e-06 0.238935 7.57047e-07 0.740875
0.43125  2211.9 0.00606609 0.000658452 0.00376752 0.000989184 0.00779518 1.1492e-06 0.239847 6.59105e-07 0.740875
0.459375  2224.87 0.00603933 0.000617088 0.0034263 0.000893889 0.00750034 1.04833e-06 0.240647 5.80131e-07 0.740874
0.4875  2236.21 0.00601547 0.000581135 0.00313314 0.000812762 0.00722719 9.63642e-07 0.241355 5.15424e-07 0.740874
0.529688  2250.75 0.00598446 0.000535342 0.00276554 0.000712093 0.00685538 8.59749e-07 0.242272 4.38347e-07 0.740874
0.571875  2262.99 0.005958 0.000496932 0.00246342 0.000630292 0.00652163 7.75981e-07 0.243055 3.78374e-07 0.740874
0.614063  2273.48 0.00593536 0.000464225 0.00221158 0.000562801 0.00622099 7.07021e-07 0.243731 3.30664e-07 0.740873
0.65625  2282.51 0.00591566 0.000436078 0.00199996 0.000506522 0.00594954 6.49482e-07 0.244318 2.9215e-07 0.740873
0.782813  2303.08 0.00587141 0.000372212 0.0015396 0.00038582 0.00528783 5.24639e-07 0.24567 2.13392e-07 0.740873
0.909375  2317.67 0.00584045 0.000326916 0.00123405 0.000307064 0.0047779 4.40815e-07 0.246641 1.6492e-07 0.740872
1.09922  2332.78 0.00580993 0.000280069 0.000940769 0.000232596 0.00421311 3.58085e-07 0.247651 1.21237e-07 0.740872
1.28906  2342.97 0.00578998 0.000248266 0.000757508 0.000186641 0.00380722 3.04225e-07 0.248338 9.53823e-08 0.740872
1.57383  2353.01 0.00577175 0.00021695 0.000591316 0.000145407 0.00338935 2.53015e-07 0.249014 7.2912e-08 0.740871
1.85859  2359.15 0.0057609 0.000197595 0.000496611 0.000122088 0.00312196 2.22333e-07 0.24943 6.05325e-08 0.740871
2.71289  2367.12 0.00574749 0.000172318 0.000382832 9.42884e-05 0.00276219 1.83415e-07 0.24997 4.60944e-08 0.740871
3.99434  2370.82 0.00574168 0.00016054 0.000333847 8.24091e-05 0.00259044 1.65748e-07 0.25022 4.00333e-08 0.740871
5.9165  2370.82 0.00574168 0.00016054 0.000333847 8.24091e-05 0.00259044 1.65748e-07 0.25022 4.00333e-08 0.740871
