TITLE="Graphics"
VARIABLES= "x", "T1", "Y_H2_1", 
"Y_H_1", "Y_O2_1", "Y_O_1", "Y_OH_1", "Y_HO2_1", "Y_H2O_1", "Y_H2O2_1", "Y_N2_1"
0  300 0.0421812 0 0.223179 0 0 0 0 0 0.734639
0.025  300 0.0421812 2.99682e-17 0.223179 1.48762e-13 3.29771e-13 3.49934e-12 2.29941e-12 3.82758e-13 0.734639
0.05  300 0.0421812 -3.69772e-17 0.223179 -4.07626e-14 -4.09578e-13 5.29798e-14 -6.69689e-14 -6.11143e-14 0.734639
0.062  300 0.0421812 -2.67544e-18 0.223179 2.05395e-14 -2.79914e-14 7.74051e-13 4.77344e-13 6.63279e-14 0.734639
0.074  300 0.0421812 -5.64848e-17 0.223179 -7.9357e-14 -6.27713e-13 -2.40384e-13 -3.01445e-13 -1.0752e-13 0.734639
0.086  300 0.0421812 6.14673e-17 0.223179 8.3825e-14 6.8657e-13 5.3625e-13 4.52392e-13 1.29632e-13 0.734639
0.098  300 0.0421812 -1.62731e-16 0.223179 -1.82342e-13 -1.81271e-12 1.38436e-13 -2.34669e-13 -1.93876e-13 0.734639
0.1  300 0.0421812 -1.28779e-16 0.223179 -1.58579e-13 -1.49691e-12 -7.15104e-15 -2.83789e-13 -1.73437e-13 0.734639
0.104167  300 0.0421812 2.57868e-16 0.223179 2.43356e-13 3.30978e-12 4.05338e-12 6.69189e-12 -1.86176e-12 0.734639
0.108333  300 0.0421812 -1.85041e-15 0.223179 -1.92593e-12 -2.30046e-11 -5.07801e-12 -1.23198e-11 2.51859e-12 0.734639
0.1125  300 0.0421807 9.92809e-15 0.22318 9.78668e-12 1.2327e-10 8.18754e-12 3.52771e-11 -8.84641e-12 0.73464
0.116667  299.996 0.042177 -5.09483e-14 0.223181 -5.34464e-11 -6.87722e-10 3.03424e-11 -6.40635e-11 2.06401e-11 0.734642
0.11875  300.014 0.0421666 1.98456e-13 0.223184 6.6673e-11 8.97797e-10 -9.79215e-11 -4.74214e-11 -4.3515e-12 0.734649
0.120833  300.087 0.0421436 2.17905e-12 0.223192 8.28081e-10 1.16969e-08 5.10167e-09 1.06037e-09 4.14626e-10 0.734664
0.122917  300.38 0.0420923 2.04196e-11 0.22321 5.64468e-09 8.62554e-08 -5.4872e-08 -3.72135e-08 -6.63063e-09 0.734698
0.123958  300.857 0.0420435 9.64888e-11 0.223225 1.76205e-08 2.88357e-07 4.55411e-07 9.28628e-07 3.77648e-08 0.73473
0.124479  301.249 0.0420105 2.17768e-10 0.223235 2.87109e-08 4.80539e-07 1.15896e-06 2.17573e-06 1.02391e-07 0.734751
0.125  301.778 0.0419708 4.70735e-10 0.223246 4.46986e-08 7.61941e-07 2.37436e-06 4.28008e-06 2.17031e-07 0.734776
0.12526  302.113 0.0419479 7.09072e-10 0.223252 5.53419e-08 9.5203e-07 3.30892e-06 5.87274e-06 3.07425e-07 0.73479
0.125521  302.501 0.0419228 1.06155e-09 0.223258 6.81023e-08 1.1821e-06 4.52469e-06 7.92944e-06 4.26849e-07 0.734805
0.125781  302.952 0.0418952 1.58732e-09 0.223264 8.34037e-08 1.46086e-06 6.10243e-06 1.05836e-05 5.8445e-07 0.734822
0.126042  303.475 0.041865 2.37495e-09 0.22327 1.01757e-07 1.79906e-06 8.14421e-06 1.40059e-05 7.92158e-07 0.73484
0.126302  304.082 0.0418319 3.55717e-09 0.223276 1.23781e-07 2.21005e-06 1.07781e-05 1.84146e-05 1.06547e-06 0.73486
0.126562  304.786 0.0417957 5.33254e-09 0.223281 1.50228e-07 2.71056e-06 1.41635e-05 2.40877e-05 1.42444e-06 0.73488
0.126823  305.602 0.041756 7.99719e-09 0.223286 1.82013e-07 3.32166e-06 1.8496e-05 3.13787e-05 1.89485e-06 0.734903
0.127083  306.547 0.0417125 1.19912e-08 0.223289 2.20263e-07 4.07018e-06 2.40138e-05 4.07349e-05 2.50966e-06 0.734927
0.127344  307.642 0.0416651 1.7966e-08 0.22329 2.66372e-07 4.99058e-06 3.10013e-05 5.27211e-05 3.31074e-06 0.734952
0.127604  308.907 0.0416132 2.68793e-08 0.223289 3.22069e-07 6.12739e-06 3.97919e-05 6.80452e-05 4.35061e-06 0.734979
0.127865  310.37 0.0415567 4.01323e-08 0.223284 3.89529e-07 7.53878e-06 5.07676e-05 8.75912e-05 5.69457e-06 0.735007
0.128125  312.059 0.0414951 5.97599e-08 0.223274 4.71508e-07 9.3012e-06 6.43532e-05 0.000112455 7.42277e-06 0.735036
0.128385  314.005 0.0414281 8.86946e-08 0.223258 5.7152e-07 1.15156e-05 8.10026e-05 0.000143986 9.63203e-06 0.735067
0.128516  315.088 0.0413924 1.08234e-07 0.223248 6.30004e-07 1.28429e-05 9.06525e-05 0.000162879 1.09607e-05 0.735082
0.128646  316.25 0.0413552 1.31837e-07 0.223234 6.94812e-07 1.43371e-05 0.000101238 0.000184087 1.24546e-05 0.735097
0.128776  317.495 0.0413165 1.60318e-07 0.223219 7.6672e-07 1.60219e-05 0.00011281 0.00020787 1.41309e-05 0.735113
0.128906  318.828 0.0412762 1.94644e-07 0.2232 8.46612e-07 1.79242e-05 0.000125413 0.00023451 1.6008e-05 0.735128
0.129036  320.254 0.0412342 2.35951e-07 0.223179 9.35495e-07 2.0075e-05 0.000139086 0.000264315 1.81054e-05 0.735144
0.129167  321.781 0.0411906 2.85579e-07 0.223154 1.03452e-06 2.25097e-05 0.00015386 0.000297619 2.04435e-05 0.735159
0.129297  323.412 0.0411453 3.45094e-07 0.223126 1.14497e-06 2.52684e-05 0.00016975 0.000334779 2.30436e-05 0.735175
0.129362  324.27 0.041122 3.79254e-07 0.22311 1.20505e-06 2.67865e-05 0.000178118 0.000354954 2.44504e-05 0.735182
0.129427  325.156 0.0410982 4.16604e-07 0.223093 1.26857e-06 2.84034e-05 0.000186765 0.000376241 2.59311e-05 0.73519
0.129492  326.071 0.041074 4.5742e-07 0.223075 1.33574e-06 3.01256e-05 0.000195689 0.000398693 2.74886e-05 0.735197
0.129557  327.016 0.0410493 5.02003e-07 0.223056 1.40679e-06 3.19602e-05 0.000204889 0.000422365 2.91257e-05 0.735204
0.129622  327.993 0.0410242 5.50675e-07 0.223036 1.48197e-06 3.39146e-05 0.000214359 0.000447312 3.08453e-05 0.735212
0.129688  329.001 0.0409986 6.03783e-07 0.223014 1.56154e-06 3.59966e-05 0.000224094 0.000473591 3.26504e-05 0.735219
0.129753  330.041 0.0409726 6.61698e-07 0.222991 1.64577e-06 3.82147e-05 0.000234086 0.000501263 3.45439e-05 0.735226
0.129818  331.114 0.0409461 7.2482e-07 0.222967 1.73496e-06 4.05776e-05 0.000244329 0.000530388 3.65287e-05 0.735233
0.129883  332.222 0.0409191 7.93577e-07 0.222941 1.82941e-06 4.30944e-05 0.000254812 0.000561027 3.86077e-05 0.735239
0.129948  333.364 0.0408916 8.68428e-07 0.222914 1.92946e-06 4.5775e-05 0.000265523 0.000593245 4.07838e-05 0.735246
0.130013  334.541 0.0408637 9.49862e-07 0.222886 2.03546e-06 4.86293e-05 0.000276452 0.000627108 4.30598e-05 0.735252
0.130078  335.755 0.0408352 1.0384e-06 0.222855 2.14776e-06 5.16682e-05 0.000287584 0.00066268 4.54386e-05 0.735259
0.130143  337.006 0.0408063 1.13461e-06 0.222824 2.26676e-06 5.49025e-05 0.000298903 0.00070003 4.79228e-05 0.735265
0.130208  338.295 0.0407769 1.23908e-06 0.22279 2.39287e-06 5.8344e-05 0.000310393 0.000739227 5.05153e-05 0.735271
0.130273  339.622 0.040747 1.35244e-06 0.222755 2.5265e-06 6.20046e-05 0.000322036 0.00078034 5.32186e-05 0.735277
0.130339  340.988 0.0407166 1.47538e-06 0.222718 2.66811e-06 6.58967e-05 0.000333812 0.00082344 5.60352e-05 0.735282
0.130404  342.394 0.0406858 1.6086e-06 0.222679 2.81817e-06 7.00332e-05 0.0003457 0.000868598 5.89676e-05 0.735288
0.130469  343.841 0.0406544 1.75286e-06 0.222638 2.97717e-06 7.44274e-05 0.000357679 0.000915886 6.20182e-05 0.735293
0.130534  345.329 0.0406225 1.90898e-06 0.222595 3.14562e-06 7.90928e-05 0.000369725 0.000965377 6.51891e-05 0.735298
0.130599  346.859 0.0405901 2.07779e-06 0.222551 3.32406e-06 8.40435e-05 0.000381814 0.00101714 6.84823e-05 0.735302
0.130664  348.432 0.0405573 2.26021e-06 0.222504 3.51303e-06 8.92936e-05 0.00039392 0.00107126 7.18998e-05 0.735307
0.130729  350.047 0.0405239 2.45717e-06 0.222455 3.71311e-06 9.48578e-05 0.000406019 0.0011278 7.54432e-05 0.735311
0.130794  351.707 0.04049 2.66967e-06 0.222404 3.9249e-06 0.000100751 0.000418083 0.00118683 7.91142e-05 0.735315
0.130859  353.41 0.0404556 2.89877e-06 0.22235 4.149e-06 0.000106987 0.000430085 0.00124843 8.2914e-05 0.735319
0.130924  355.158 0.0404207 3.14557e-06 0.222294 4.38604e-06 0.000113582 0.000441999 0.00131267 8.68437e-05 0.735322
0.13099  356.951 0.0403854 3.41122e-06 0.222236 4.63668e-06 0.00012055 0.000453795 0.00137963 9.09041e-05 0.735325
0.131055  358.79 0.0403495 3.69694e-06 0.222176 4.90155e-06 0.000127907 0.000465448 0.00144937 9.50959e-05 0.735328
0.13112  360.675 0.0403131 4.00399e-06 0.222113 5.18135e-06 0.000135666 0.000476929 0.00152196 9.94193e-05 0.735331
0.131185  362.606 0.0402762 4.33369e-06 0.222047 5.47674e-06 0.000143843 0.000488211 0.00159747 0.000103874 0.735334
0.13125  364.583 0.0402388 4.68742e-06 0.221979 5.78841e-06 0.000152451 0.000499269 0.00167598 0.00010846 0.735336
0.131315  366.607 0.0402009 5.06661e-06 0.221908 6.11705e-06 0.000161505 0.000510077 0.00175755 0.000113177 0.735338
0.13138  368.678 0.0401625 5.47275e-06 0.221834 6.46337e-06 0.000171017 0.000520609 0.00184224 0.000118023 0.735339
0.131445  370.796 0.0401237 5.90738e-06 0.221758 6.82805e-06 0.000181 0.000530843 0.00193012 0.000122997 0.735341
0.13151  372.962 0.0400843 6.37209e-06 0.221679 7.21179e-06 0.000191466 0.000540757 0.00202125 0.000128097 0.735342
0.131576  375.174 0.0400444 6.86854e-06 0.221597 7.61525e-06 0.000202425 0.000550328 0.00211569 0.00013332 0.735343
0.131641  377.434 0.0400041 7.39843e-06 0.221512 8.03912e-06 0.000213889 0.000559538 0.0022135 0.000138664 0.735343
0.131706  379.741 0.0399632 7.9635e-06 0.221424 8.48405e-06 0.000225866 0.00056837 0.00231474 0.000144126 0.735344
0.131771  382.095 0.0399219 8.56555e-06 0.221333 8.95068e-06 0.000238363 0.000576808 0.00241947 0.000149702 0.735344
0.131836  384.496 0.0398801 9.20644e-06 0.221238 9.43961e-06 0.000251388 0.000584836 0.00252773 0.000155386 0.735343
0.131901  386.944 0.0398379 9.88804e-06 0.221141 9.95143e-06 0.000264945 0.000592444 0.00263957 0.000161176 0.735343
0.131966  389.438 0.0397951 1.06123e-05 0.221041 1.04867e-05 0.000279039 0.000599621 0.00275506 0.000167064 0.735342
0.132031  391.978 0.0397519 1.13812e-05 0.220937 1.10459e-05 0.000293672 0.00060636 0.00287423 0.000173046 0.735341
0.132096  394.564 0.0397082 1.21966e-05 0.22083 1.16296e-05 0.000308843 0.000612653 0.00299712 0.000179115 0.73534
0.132161  397.195 0.0396641 1.30608e-05 0.22072 1.22382e-05 0.000324554 0.000618496 0.00312379 0.000185264 0.735339
0.132227  399.871 0.0396194 1.39757e-05 0.220606 1.28721e-05 0.0003408 0.000623888 0.00325428 0.000191485 0.735337
0.132292  402.592 0.0395744 1.49433e-05 0.220489 1.35316e-05 0.000357577 0.000628828 0.00338861 0.000197772 0.735336
0.132357  405.356 0.0395288 1.59659e-05 0.220368 1.4217e-05 0.000374879 0.000633317 0.00352684 0.000204114 0.735334
0.132422  408.164 0.0394829 1.70455e-05 0.220244 1.49285e-05 0.000392697 0.000637358 0.00366899 0.000210504 0.735331
0.132487  411.014 0.0394365 1.81843e-05 0.220117 1.56665e-05 0.000411021 0.000640957 0.00381509 0.000216932 0.735329
0.132552  413.906 0.0393896 1.93845e-05 0.219986 1.64309e-05 0.00042984 0.000644118 0.00396519 0.000223388 0.735326
0.132617  416.839 0.0393423 2.06481e-05 0.219851 1.72218e-05 0.000449139 0.000646851 0.0041193 0.000229862 0.735324
0.132682  419.813 0.0392946 2.19773e-05 0.219713 1.80393e-05 0.000468902 0.000649164 0.00427745 0.000236344 0.735321
0.132747  422.827 0.0392464 2.33742e-05 0.219571 1.88834e-05 0.000489112 0.000651067 0.00443968 0.000242823 0.735317
0.132812  425.879 0.0391978 2.48411e-05 0.219426 1.97538e-05 0.000509749 0.000652572 0.00460599 0.000249288 0.735314
0.132878  428.97 0.0391488 2.63799e-05 0.219277 2.06504e-05 0.000530792 0.000653689 0.00477642 0.000255727 0.735311
0.132943  432.098 0.0390993 2.79928e-05 0.219124 2.15731e-05 0.000552218 0.000654432 0.00495098 0.00026213 0.735307
0.133008  435.262 0.0390495 2.96819e-05 0.218968 2.25215e-05 0.000574001 0.000654815 0.00512969 0.000268485 0.735303
0.133073  438.462 0.0389992 3.14492e-05 0.218808 2.34952e-05 0.000596117 0.000654852 0.00531257 0.000274781 0.7353
0.133138  441.696 0.0389486 3.32966e-05 0.218644 2.4494e-05 0.000618537 0.000654555 0.00549963 0.000281005 0.735295
0.133203  444.964 0.0388975 3.52262e-05 0.218477 2.55174e-05 0.000641232 0.000653941 0.00569087 0.000287147 0.735291
0.133268  448.264 0.038846 3.72398e-05 0.218306 2.6565e-05 0.000664172 0.000653023 0.00588632 0.000293194 0.735287
0.133333  451.596 0.0387941 3.93394e-05 0.218132 2.76361e-05 0.000687325 0.000651817 0.00608598 0.000299137 0.735283
0.133594  465.229 0.0385828 4.86046e-05 0.217399 3.21483e-05 0.000781703 0.000644277 0.00692603 0.000321749 0.735264
0.133854  479.291 0.0383655 5.93788e-05 0.216609 3.69905e-05 0.000876827 0.000633305 0.00783342 0.000341845 0.735243
0.134115  493.721 0.0381424 7.17513e-05 0.215766 4.21232e-05 0.000970474 0.000619737 0.0088077 0.000358879 0.735221
0.134375  508.457 0.0379139 8.57902e-05 0.214871 4.75124e-05 0.00106047 0.000604285 0.00984779 0.000372437 0.735197
0.134635  523.442 0.03768 0.000101544 0.213928 5.31373e-05 0.00114482 0.000587527 0.0109521 0.000382261 0.73517
0.134896  538.621 0.0374412 0.00011904 0.21294 5.89953e-05 0.00122183 0.000569924 0.0121185 0.000388243 0.735142
0.135156  553.944 0.0371976 0.000138284 0.211911 6.51085e-05 0.00129016 0.000551835 0.0133443 0.000390414 0.735111
0.135417  569.367 0.0369494 0.000159264 0.210844 7.15256e-05 0.00134886 0.000533538 0.0146265 0.000388927 0.735078
0.135677  584.847 0.036697 0.000181955 0.209742 7.83252e-05 0.00139741 0.000515244 0.0159617 0.000384031 0.735042
0.135937  600.35 0.0364406 0.000206315 0.20861 8.5615e-05 0.00143569 0.000497117 0.0173464 0.000376046 0.735003
0.136198  615.843 0.0361803 0.000232293 0.207448 9.35313e-05 0.00146392 0.00047928 0.0187768 0.00036534 0.73496
0.136458  631.3 0.0359165 0.000259831 0.206261 0.000102236 0.00148262 0.000461827 0.0202494 0.000352309 0.734914
0.136719  646.698 0.0356492 0.000288869 0.20505 0.000111915 0.00149257 0.000444828 0.0217608 0.000337358 0.734865
0.136979  662.017 0.0353787 0.000319341 0.203816 0.000122772 0.0014947 0.000428335 0.0233078 0.000320886 0.734811
0.13724  677.242 0.0351052 0.000351185 0.202561 0.000135023 0.00149005 0.000412384 0.0248877 0.000303278 0.734754
0.1375  692.361 0.0348287 0.000384338 0.201285 0.000148896 0.00147972 0.000396998 0.026498 0.000284893 0.734693
0.13776  707.363 0.0345495 0.000418741 0.199989 0.000164622 0.0014648 0.000382193 0.0281367 0.000266061 0.734628
0.138021  722.241 0.0342675 0.00045434 0.198673 0.000182434 0.00144638 0.000367972 0.0298024 0.000247078 0.734559
0.138281  736.99 0.0339829 0.000491083 0.197335 0.000202558 0.00142545 0.000354335 0.0314941 0.000228205 0.734486
0.138542  751.606 0.0336958 0.000528925 0.195976 0.000225213 0.00140296 0.000341275 0.0332111 0.00020967 0.734409
0.138802  766.087 0.0334062 0.000567823 0.194594 0.000250606 0.00137975 0.00032878 0.0349533 0.00019166 0.734328
0.139063  780.432 0.0331142 0.000607739 0.193187 0.000278931 0.00135656 0.000316834 0.0367209 0.000174333 0.734243
0.139323  794.641 0.0328198 0.000648639 0.191755 0.00031036 0.00133406 0.000305422 0.0385145 0.000157813 0.734155
0.139583  808.715 0.032523 0.000690491 0.190295 0.000345047 0.00131281 0.000294521 0.0403348 0.000142193 0.734063
0.139844  822.655 0.0322239 0.000733266 0.188804 0.000383126 0.00129329 0.000284113 0.042183 0.000127538 0.733967
0.140104  836.464 0.0319225 0.000776936 0.187283 0.000424705 0.00127592 0.000274175 0.0440604 0.000113892 0.733869
0.140365  850.144 0.0316189 0.000821476 0.185727 0.000469867 0.00126104 0.000264685 0.0459682 0.000101272 0.733767
0.140625  863.696 0.031313 0.00086686 0.184136 0.000518672 0.00124892 0.00025562 0.0479081 8.968e-05 0.733664
0.140885  877.124 0.0310049 0.000913062 0.182506 0.000571153 0.0012398 0.00024696 0.0498814 7.91e-05 0.733558
0.141146  890.429 0.0306946 0.000960058 0.180836 0.000627316 0.00123387 0.000238681 0.0518898 6.95033e-05 0.73345
0.141406  903.614 0.0303823 0.00100782 0.179125 0.000687143 0.00123126 0.000230763 0.0539347 6.08502e-05 0.73334
0.141667  916.68 0.0300679 0.00105632 0.177369 0.000750589 0.00123211 0.000223185 0.0560175 5.3093e-05 0.73323
0.141927  929.631 0.0297516 0.00110553 0.175568 0.000817585 0.00123648 0.000215928 0.0581395 4.6178e-05 0.733119
0.142188  942.467 0.0294334 0.00115542 0.17372 0.000888037 0.00124446 0.000208973 0.0603017 4.00472e-05 0.733008
0.142448  955.19 0.0291134 0.00120595 0.171823 0.000961828 0.00125607 0.000202302 0.0625052 3.46406e-05 0.732897
0.142708  967.802 0.0287918 0.00125709 0.169877 0.00103882 0.00127136 0.000195897 0.0647507 2.98972e-05 0.732787
0.142969  980.302 0.0284686 0.0013088 0.167881 0.00111885 0.00129031 0.000189742 0.0670387 2.57567e-05 0.732679
0.143229  992.692 0.028144 0.00136105 0.165833 0.00120173 0.00131294 0.000183822 0.0693695 2.21603e-05 0.732572
0.14349  1004.97 0.0278182 0.00141377 0.163734 0.00128728 0.00133922 0.000178121 0.0717431 1.90517e-05 0.732467
0.14375  1017.14 0.0274913 0.00146694 0.161584 0.00137526 0.00136912 0.000172628 0.0741594 1.63773e-05 0.732365
0.14401  1029.2 0.0271634 0.0015205 0.159382 0.00146545 0.00140259 0.000167327 0.0766179 1.40873e-05 0.732267
0.144271  1041.15 0.0268348 0.00157439 0.15713 0.0015576 0.00143958 0.000162208 0.0791177 1.21352e-05 0.732172
0.144531  1052.99 0.0265057 0.00162858 0.154828 0.00165145 0.00148004 0.000157259 0.0816578 1.04786e-05 0.732081
0.144792  1064.71 0.0261763 0.00168299 0.152477 0.00174672 0.00152387 0.00015247 0.084237 9.07908e-06 0.731994
0.145052  1076.32 0.0258468 0.00173757 0.15008 0.00184313 0.00157099 0.000147832 0.0868536 7.90184e-06 0.731912
0.145313  1087.82 0.0255175 0.00179226 0.147637 0.0019404 0.00162131 0.000143334 0.0895059 6.91589e-06 0.731836
0.145573  1099.2 0.0251885 0.001847 0.14515 0.00203823 0.00167473 0.00013897 0.0921917 6.09371e-06 0.731765
0.145833  1110.46 0.0248602 0.00190173 0.142623 0.00213633 0.00173112 0.000134731 0.0949086 5.4111e-06 0.731699
0.146094  1121.6 0.0245328 0.00195638 0.140057 0.00223438 0.00179036 0.000130611 0.0976542 4.84686e-06 0.73164
0.146354  1132.61 0.0242065 0.00201088 0.137455 0.00233209 0.00185233 0.000126604 0.100426 4.3826e-06 0.731586
0.146615  1143.5 0.0238816 0.00206518 0.134821 0.00242917 0.00191687 0.000122703 0.10322 4.0024e-06 0.731539
0.146875  1154.27 0.0235585 0.0021192 0.132158 0.00252531 0.00198386 0.000118905 0.106035 3.69261e-06 0.731498
0.147135  1164.9 0.0232373 0.00217288 0.129469 0.00262023 0.00205313 0.000115203 0.108865 3.44156e-06 0.731464
0.147396  1175.41 0.0229183 0.00222615 0.126757 0.00271365 0.00212452 0.000111595 0.11171 3.23933e-06 0.731436
0.147656  1185.78 0.0226018 0.00227894 0.124027 0.00280529 0.00219789 0.000108077 0.114564 3.07754e-06 0.731414
0.147917  1196.02 0.0222881 0.00233121 0.121283 0.0028949 0.00227305 0.000104645 0.117424 2.94911e-06 0.731398
0.148177  1206.12 0.0219774 0.00238287 0.118527 0.00298223 0.00234985 0.000101298 0.120287 2.84814e-06 0.731389
0.148438  1216.09 0.0216701 0.00243388 0.115765 0.00306703 0.00242812 9.80308e-05 0.123149 2.76966e-06 0.731386
0.148698  1225.91 0.0213662 0.00248417 0.113 0.0031491 0.00250769 9.48433e-05 0.126006 2.70957e-06 0.731389
0.148958  1235.59 0.0210662 0.00253369 0.110236 0.00322823 0.00258838 9.17332e-05 0.128855 2.66445e-06 0.731397
0.149219  1245.14 0.0207701 0.00258238 0.107477 0.00330423 0.00267004 8.86987e-05 0.131693 2.63147e-06 0.731411
0.149479  1254.53 0.0204783 0.0026302 0.104728 0.00337694 0.00275249 8.57385e-05 0.134515 2.60832e-06 0.731431
0.14974  1263.78 0.020191 0.00267708 0.101991 0.0034462 0.00283558 8.28514e-05 0.137319 2.59306e-06 0.731455
0.15  1272.89 0.0199083 0.002723 0.0992701 0.0035119 0.00291915 8.00362e-05 0.140101 2.58412e-06 0.731484
0.150521  1290.66 0.0193574 0.0028118 0.0938887 0.00363229 0.00308728 7.46166e-05 0.14559 2.58128e-06 0.731556
0.151042  1307.85 0.0188273 0.00289625 0.0886147 0.00373735 0.00325557 6.94749e-05 0.150954 2.59105e-06 0.731643
0.151563  1324.45 0.018319 0.0029761 0.0834726 0.00382675 0.00342298 6.46061e-05 0.156173 2.60848e-06 0.731743
0.152083  1340.46 0.0178336 0.00305115 0.078484 0.00390051 0.00358859 6.00052e-05 0.161226 2.63025e-06 0.731853
0.152604  1355.89 0.0173716 0.00312128 0.073667 0.00395888 0.0037516 5.5667e-05 0.166099 2.65419e-06 0.731972
0.153125  1370.75 0.0169336 0.0031864 0.0690366 0.00400238 0.00391131 5.15861e-05 0.170779 2.67889e-06 0.732097
0.153646  1385.05 0.0165196 0.00324649 0.0646046 0.00403174 0.00406715 4.77564e-05 0.175255 2.7034e-06 0.732225
0.154167  1398.79 0.0161297 0.00330155 0.0603794 0.00404786 0.00421868 4.41711e-05 0.17952 2.72715e-06 0.732356
0.154688  1412.01 0.0157638 0.00335164 0.0563666 0.00405178 0.00436552 4.08226e-05 0.18357 2.74976e-06 0.732487
0.155208  1424.71 0.0154215 0.00339687 0.0525691 0.00404464 0.00450743 3.77024e-05 0.187403 2.77103e-06 0.732617
0.155729  1436.9 0.0151022 0.00343735 0.0489871 0.00402761 0.00464423 3.48018e-05 0.191019 2.79083e-06 0.732745
0.15625  1448.62 0.0148052 0.00347324 0.0456189 0.00400193 0.0047758 3.2111e-05 0.19442 2.80912e-06 0.73287
0.156771  1459.87 0.01453 0.00350472 0.0424608 0.00396879 0.0049021 2.96201e-05 0.197611 2.8259e-06 0.73299
0.157292  1470.67 0.0142756 0.00353197 0.0395074 0.00392937 0.00502315 2.73188e-05 0.200596 2.84119e-06 0.733106
0.157813  1481.06 0.014041 0.00355522 0.0367523 0.0038848 0.00513897 2.51964e-05 0.203383 2.85504e-06 0.733217
0.158333  1491.04 0.0138255 0.00357466 0.0341879 0.00383612 0.00524967 2.32425e-05 0.205978 2.86749e-06 0.733322
0.158854  1500.63 0.0136279 0.00359053 0.0318059 0.00378431 0.00535534 2.14464e-05 0.20839 2.87861e-06 0.733422
0.159375  1509.86 0.0134472 0.00360304 0.0295976 0.00373023 0.00545612 1.97979e-05 0.210627 2.88844e-06 0.733516
0.159896  1518.74 0.0132826 0.00361242 0.0275538 0.00367469 0.00555214 1.82867e-05 0.212699 2.89704e-06 0.733604
0.160417  1527.3 0.0131328 0.0036189 0.0256652 0.00361835 0.00564357 1.69031e-05 0.214615 2.90446e-06 0.733686
0.160938  1535.54 0.0129971 0.00362268 0.0239225 0.00356183 0.00573057 1.56377e-05 0.216383 2.91076e-06 0.733763
0.161458  1543.49 0.0128743 0.00362398 0.0223163 0.0035056 0.0058133 1.44814e-05 0.218014 2.91599e-06 0.733835
0.161979  1551.16 0.0127637 0.00362301 0.0208377 0.00345011 0.00589194 1.34257e-05 0.219516 2.92018e-06 0.733902
0.1625  1558.56 0.0126642 0.00361994 0.0194779 0.00339568 0.00596665 1.24624e-05 0.220897 2.92338e-06 0.733963
0.163021  1565.72 0.0125751 0.00361498 0.0182284 0.00334259 0.0060376 1.15839e-05 0.222167 2.92563e-06 0.73402
0.163542  1572.64 0.0124955 0.00360829 0.017081 0.00329104 0.00610496 1.07831e-05 0.223333 2.92696e-06 0.734073
0.164583  1585.83 0.0123625 0.00359025 0.0150689 0.00319302 0.00622938 9.39282e-06 0.225378 2.92702e-06 0.734165
0.165625  1598.22 0.012259 0.00356716 0.0133782 0.00310234 0.00634134 8.23931e-06 0.227097 2.92384e-06 0.734244
0.166667  1609.91 0.0121801 0.00354008 0.0119592 0.00301905 0.00644205 7.28228e-06 0.22854 2.9177e-06 0.73431
0.167708  1620.96 0.0121214 0.00350988 0.0107689 0.00294283 0.00653259 6.48767e-06 0.22975 2.90884e-06 0.734365
0.16875  1631.44 0.0120795 0.00347733 0.00977024 0.00287315 0.00661396 5.82691e-06 0.230766 2.8975e-06 0.734411
0.169792  1641.42 0.0120513 0.00344305 0.00893172 0.00280936 0.00668706 5.2762e-06 0.23162 2.8839e-06 0.73445
0.170833  1650.92 0.0120341 0.00340756 0.00822658 0.0027508 0.00675271 4.81584e-06 0.232339 2.86827e-06 0.734482
0.171875  1660.01 0.0120259 0.0033713 0.00763232 0.0026968 0.00681165 4.42962e-06 0.232947 2.85081e-06 0.734508
0.172917  1668.71 0.0120249 0.00333462 0.0071301 0.00264675 0.00686453 4.10417e-06 0.233462 2.83171e-06 0.73453
0.173958  1677.06 0.0120295 0.00329778 0.00670417 0.00260009 0.00691193 3.82856e-06 0.233901 2.81115e-06 0.734549
0.175  1685.08 0.0120386 0.00326102 0.00634145 0.00255635 0.00695439 3.59385e-06 0.234278 2.7893e-06 0.734564
0.176042  1692.81 0.0120511 0.00322452 0.00603104 0.00251509 0.00699238 3.39273e-06 0.234604 2.76633e-06 0.734576
0.177083  1700.26 0.0120663 0.0031884 0.00576396 0.00247598 0.0070263 3.21924e-06 0.234887 2.74237e-06 0.734587
0.178125  1707.45 0.0120836 0.00315278 0.00553275 0.0024387 0.00705654 3.06852e-06 0.235135 2.71757e-06 0.734595
0.179167  1714.4 0.0121023 0.00311772 0.00533124 0.00240301 0.00708343 2.9366e-06 0.235355 2.69205e-06 0.734602
0.180208  1721.13 0.012122 0.00308329 0.00515435 0.0023687 0.00710725 2.82024e-06 0.235551 2.66593e-06 0.734608
0.18125  1727.64 0.0121425 0.00304953 0.00499784 0.0023356 0.00712829 2.71677e-06 0.235728 2.6393e-06 0.734613
0.183333  1740.08 0.0121848 0.00298408 0.00473532 0.00227262 0.00716274 2.54161e-06 0.236035 2.58486e-06 0.73462
0.185417  1751.82 0.0122273 0.00292148 0.00452006 0.00221309 0.00718858 2.39677e-06 0.236299 2.52944e-06 0.734625
0.1875  1762.91 0.0122691 0.00286169 0.00433835 0.00215649 0.00720708 2.27386e-06 0.236534 2.47353e-06 0.734629
0.189583  1773.43 0.0123096 0.00280462 0.00418087 0.00210243 0.00721931 2.16714e-06 0.236747 2.41757e-06 0.734631
0.191667  1783.42 0.0123487 0.00275015 0.00404124 0.00205065 0.00722613 2.07272e-06 0.236946 2.36188e-06 0.734633
0.19375  1792.94 0.0123861 0.00269814 0.00391507 0.00200094 0.00722828 1.98786e-06 0.237133 2.30674e-06 0.734634
0.195833  1802.01 0.0124219 0.00264845 0.00379934 0.00195317 0.00722635 1.91064e-06 0.237312 2.25234e-06 0.734635
0.197917  1810.67 0.0124559 0.00260092 0.00369192 0.0019072 0.00722086 1.83971e-06 0.237484 2.19886e-06 0.734635
0.2  1818.96 0.0124884 0.00255541 0.00359133 0.00186294 0.00721225 1.77403e-06 0.23765 2.14641e-06 0.734636
0.203125  1830.73 0.0125342 0.00249071 0.00345111 0.00179957 0.00719425 1.68387e-06 0.23789 2.06987e-06 0.734636
0.20625  1841.8 0.0125769 0.00242987 0.00332132 0.00173956 0.00717113 1.602e-06 0.238121 1.99605e-06 0.734637
0.209375  1852.23 0.0126168 0.00237253 0.00320033 0.00168268 0.00714375 1.52714e-06 0.238344 1.92505e-06 0.734637
0.2125  1862.08 0.012654 0.00231838 0.003087 0.00162872 0.00711281 1.45831e-06 0.238559 1.85691e-06 0.734637
0.215625  1871.39 0.012689 0.00226713 0.00298048 0.00157748 0.00707891 1.39476e-06 0.238767 1.79162e-06 0.734637
0.21875  1880.23 0.0127218 0.00221854 0.0028801 0.00152878 0.00704254 1.33587e-06 0.238968 1.72913e-06 0.734637
0.221875  1888.62 0.0127527 0.00217238 0.00278532 0.00148245 0.00700413 1.28115e-06 0.239163 1.66938e-06 0.734637
0.225  1896.61 0.0127819 0.00212846 0.00269566 0.00143834 0.00696403 1.23017e-06 0.239352 1.61228e-06 0.734637
0.228125  1904.22 0.0128095 0.0020866 0.00261073 0.00139631 0.00692255 1.18256e-06 0.239535 1.55774e-06 0.734637
0.23125  1911.48 0.0128356 0.00204665 0.00253015 0.00135623 0.00687994 1.138e-06 0.239712 1.50565e-06 0.734637
0.2375  1925.05 0.012884 0.00197203 0.00238107 0.00128153 0.00679229 1.0571e-06 0.24005 1.40854e-06 0.734636
0.24375  1937.49 0.0129279 0.00190351 0.00224597 0.00121327 0.00670247 9.8547e-07 0.240368 1.31995e-06 0.734636
0.25  1948.97 0.0129679 0.00184032 0.00212305 0.00115069 0.00661152 9.21678e-07 0.240668 1.23907e-06 0.734636
0.25625  1959.59 0.0130047 0.00178181 0.00201081 0.00109316 0.00652022 8.64551e-07 0.240952 1.16513e-06 0.734636
0.2625  1969.46 0.0130386 0.00172744 0.00190797 0.00104014 0.00642917 8.13146e-07 0.241219 1.09745e-06 0.734635
0.26875  1978.65 0.0130699 0.00167674 0.00181346 0.000991137 0.00633881 7.66684e-07 0.241473 1.03539e-06 0.734635
0.275  1987.24 0.0130991 0.00162934 0.00172636 0.000945748 0.00624948 7.2452e-07 0.241713 9.78382e-07 0.734635
0.28125  1995.29 0.0131262 0.00158489 0.00164586 0.00090361 0.00616141 6.86113e-07 0.241942 9.25922e-07 0.734635
0.2875  2002.86 0.0131516 0.0015431 0.00157127 0.000864405 0.00607477 6.51008e-07 0.242159 8.77558e-07 0.734634
0.29375  2009.98 0.0131754 0.00150373 0.00150201 0.000827853 0.00598969 6.18819e-07 0.242366 8.32888e-07 0.734634
0.3  2016.69 0.0131978 0.00146655 0.00143754 0.000793709 0.00590625 5.89215e-07 0.242563 7.91553e-07 0.734634
0.31875  2034.67 0.0132575 0.00136688 0.00126951 0.000704134 0.00566743 5.13668e-07 0.2431 6.85103e-07 0.734633
0.3375  2050.11 0.0133084 0.00128113 0.00113075 0.000629614 0.00544417 4.53047e-07 0.243573 5.98953e-07 0.734632
0.35625  2063.54 0.0133525 0.00120643 0.00101467 0.000566864 0.00523603 4.03557e-07 0.243991 5.28297e-07 0.734632
0.375  2075.33 0.0133912 0.00114067 0.000916446 0.000513454 0.00504208 3.62548e-07 0.244364 4.69644e-07 0.734631
0.403125  2090.53 0.013441 0.00105572 0.000795339 0.000447217 0.00477647 3.13081e-07 0.244853 3.98948e-07 0.734631
0.43125  2103.44 0.0134834 0.000983384 0.000697607 0.00039347 0.00453679 2.74036e-07 0.245275 3.43363e-07 0.73463
0.459375  2114.55 0.0135199 0.000920964 0.000617493 0.000349202 0.00431987 2.426e-07 0.245643 2.98858e-07 0.734629
0.4875  2124.22 0.0135518 0.00086649 0.000550938 0.000312263 0.00412281 2.16862e-07 0.245966 2.62664e-07 0.734629
0.529688  2136.56 0.0135927 0.000796817 0.00047054 0.000267452 0.00386022 1.86206e-07 0.246383 2.1996e-07 0.734628
0.571875  2146.92 0.0136272 0.000738102 0.000407034 0.000231918 0.00362961 1.62303e-07 0.246738 1.87099e-07 0.734628
0.614063  2155.78 0.0136569 0.000687904 0.000355952 0.00020324 0.00342578 1.43248e-07 0.247042 1.61246e-07 0.734628
0.65625  2163.38 0.0136825 0.000644517 0.000314319 0.000179762 0.00324446 1.27807e-07 0.247307 1.40569e-07 0.734627
0.782813  2180.72 0.0137415 0.000545348 0.000227984 0.000130887 0.00281253 9.59259e-08 0.247915 9.89776e-08 0.734627
0.909375  2193.1 0.0137841 0.000474006 0.000173744 0.00010005 0.00248652 7.58348e-08 0.248355 7.38543e-08 0.734626
1.09922  2206.15 0.0138298 0.000398698 0.000123987 7.16453e-05 0.00212871 5.71299e-08 0.248821 5.15509e-08 0.734626
1.28906  2215.22 0.0138619 0.000345885 9.3833e-05 5.4368e-05 0.00186926 4.54926e-08 0.249149 3.84337e-08 0.734626
1.57383  2224.59 0.0138956 0.000291354 6.69151e-05 3.88998e-05 0.00159416 3.47229e-08 0.249488 2.70057e-08 0.734625
1.85859  2230.82 0.0139181 0.000254827 5.13424e-05 2.99208e-05 0.00140572 2.82033e-08 0.249715 2.05293e-08 0.734625
2.71289  2240.33 0.013953 0.000198683 3.12928e-05 1.83391e-05 0.00110961 1.92407e-08 0.250064 1.23685e-08 0.734625
3.99434  2246.78 0.013977 0.000160746 2.04444e-05 1.20698e-05 0.000905193 1.39087e-08 0.250299 8.0527e-09 0.734625
5.9165  2246.78 0.013977 0.000160746 2.04444e-05 1.20698e-05 0.000905193 1.39087e-08 0.250299 8.0527e-09 0.734625
