TITLE="Graphics"
VARIABLES= "x", "T", "Y_H2", "Y_H", "Y_O2", "Y_O", "Y_OH", "Y_HO2", "Y_H2O2", "Y_H2O", "Y_N2"
0  300 0.0285219 0 0.226362 0 0 0 0 0 0.745116
0.05  300.041 0.0285231 0 0.226434 0 0 0 0 0 0.745125
0.062  299.835 0.0285193 4.05402e-11 0.226265 1.45498e-07 6.57837e-07 1.02278e-06 4.25096e-07 0.000112731 0.745105
0.074  299.68 0.0285138 9.10608e-11 0.226117 2.92418e-07 1.32966e-06 2.1333e-06 8.4629e-07 0.000228837 0.745091
0.086  298.365 0.0285547 2.38814e-10 0.225484 7.54184e-07 2.70749e-06 3.74431e-06 2.65309e-06 0.000551942 0.744974
0.098  294.16 0.0286258 4.72733e-10 0.22464 1.35092e-06 4.34142e-06 4.98527e-06 4.97169e-06 0.000930441 0.744799
0.0985  295.406 0.0286135 4.7115e-10 0.224679 1.32614e-06 4.26977e-06 5.1965e-06 4.93072e-06 0.000931506 0.744828
0.099  296.821 0.0285989 4.6987e-10 0.224716 1.2982e-06 4.1873e-06 5.43406e-06 4.88099e-06 0.000932624 0.744833
0.0995  298.486 0.0285823 4.70397e-10 0.224749 1.26832e-06 4.09485e-06 5.727e-06 4.82817e-06 0.000936236 0.744821
0.1  300.495 0.0285651 4.74669e-10 0.224787 1.23819e-06 3.99373e-06 6.12877e-06 4.78411e-06 0.000946467 0.744831
0.102083  313.511 0.0284813 5.57405e-10 0.224866 1.12946e-06 3.49529e-06 9.81358e-06 4.89805e-06 0.00111923 0.744927
0.104167  332.635 0.028373 8.52595e-10 0.224853 1.08708e-06 2.94393e-06 1.60681e-05 5.00206e-06 0.00143754 0.745053
0.10625  357.016 0.0282349 1.74043e-09 0.224415 1.37635e-06 2.44876e-06 2.2293e-05 9.75526e-06 0.00211706 0.74511
0.108333  384.589 0.0280664 4.6897e-09 0.223771 1.86619e-06 2.0148e-06 2.7656e-05 1.75645e-05 0.00301047 0.745156
0.110417  414.707 0.0278706 1.73375e-08 0.222639 2.15715e-06 1.70871e-06 4.39227e-05 2.54145e-05 0.00435474 0.745182
0.1125  446.537 0.0276471 7.28192e-08 0.221174 2.18934e-06 1.81804e-06 7.1379e-05 3.27777e-05 0.00603235 0.745197
0.114583  479.574 0.0273966 2.86057e-07 0.219397 1.95269e-06 3.50994e-06 0.00012115 3.93711e-05 0.00801289 0.745216
0.116667  513.61 0.0271158 9.81263e-07 0.217396 1.59504e-06 1.00004e-05 0.000196421 4.5471e-05 0.0102153 0.745212
0.117708  531.126 0.0269611 1.80615e-06 0.2163 1.48306e-06 1.81658e-05 0.000244238 4.82723e-05 0.0114037 0.745185
0.11875  549.039 0.0267979 3.12474e-06 0.215151 1.4789e-06 3.10224e-05 0.000295348 5.087e-05 0.0126561 0.74519
0.119792  567.435 0.0266262 5.18114e-06 0.213959 1.67371e-06 5.00756e-05 0.000344676 5.32031e-05 0.0139819 0.745273
0.120833  586.409 0.0264391 8.29512e-06 0.212677 2.19563e-06 7.64794e-05 0.000386395 5.51755e-05 0.0153882 0.745286
0.121875  606.05 0.0262336 1.28689e-05 0.211288 3.22094e-06 0.000110593 0.000415808 5.668e-05 0.0168845 0.745189
0.122917  626.43 0.0260142 1.93879e-05 0.209842 4.98837e-06 0.000151742 0.000430959 5.76134e-05 0.0184853 0.745172
0.123958  647.6 0.0257783 2.84049e-05 0.208326 7.82098e-06 0.000198266 0.000432735 5.78506e-05 0.0202006 0.745228
0.125  669.594 0.0255187 4.05153e-05 0.206694 1.21656e-05 0.000247963 0.000423952 5.72613e-05 0.0220355 0.745215
0.125521  680.91 0.0253808 4.79832e-05 0.205845 1.51513e-05 0.000273304 0.000416883 5.66223e-05 0.0230029 0.745233
0.126042  692.436 0.0252381 5.64577e-05 0.204981 1.87824e-05 0.000298689 0.00040846 5.57488e-05 0.0240054 0.745296
0.126562  704.171 0.0250874 6.60683e-05 0.204078 2.31824e-05 0.000323872 0.000399003 5.46295e-05 0.0250412 0.745318
0.127083  716.117 0.0249305 7.67479e-05 0.203151 2.85012e-05 0.000348634 0.000388835 5.3269e-05 0.0261136 0.745361
0.127604  728.267 0.0247639 8.89974e-05 0.202176 3.49124e-05 0.000372977 0.000378182 5.16658e-05 0.0272207 0.745339
0.128125  740.631 0.0245909 0.000101809 0.201175 4.26173e-05 0.000396451 0.000367202 4.98381e-05 0.0283667 0.745335
0.128646  753.178 0.0244066 0.00011791 0.200125 5.18622e-05 0.000419943 0.000356142 4.77923e-05 0.0295499 0.74527
0.129167  765.963 0.0242146 0.000131392 0.19904 6.28788e-05 0.000441441 0.000344845 4.55643e-05 0.0307738 0.745193
0.129688  778.877 0.0240166 0.000154944 0.197938 7.60759e-05 0.000465219 0.000333946 4.31632e-05 0.0320438 0.745206
0.130208  792.097 0.0238057 0.000164158 0.19678 9.15712e-05 0.000483624 0.000322556 4.06535e-05 0.033356 0.745111
0.130729  805.344 0.0235962 0.000202847 0.195623 0.000110207 0.000510149 0.000312187 3.80074e-05 0.0347231 0.745235
0.13125  819.001 0.0233657 0.000200257 0.194388 0.000131582 0.000524509 0.000300823 3.53635e-05 0.0361364 0.745152
0.131771  832.594 0.0231383 0.000259653 0.193118 0.000157464 0.000555452 0.000291013 3.26031e-05 0.0376052 0.745223
0.132292  846.607 0.0228893 0.000250038 0.191801 0.000186514 0.000568771 0.000280034 2.99633e-05 0.0391332 0.745178
0.132812  860.631 0.0226417 0.000312404 0.190414 0.00022141 0.000600181 0.000270457 2.72764e-05 0.0407209 0.745212
0.133333  874.877 0.0223783 0.000329933 0.188976 0.000260719 0.000621905 0.00026044 2.47383e-05 0.0423729 0.745155
0.135417  933.336 0.0212201 0.000484007 0.182588 0.000475856 0.00073758 0.000223928 1.57485e-05 0.0496575 0.744989
0.1375  993.738 0.0198798 0.000672261 0.174868 0.000811214 0.000903716 0.000191884 9.74318e-06 0.0583411 0.744781
0.139583  1055.37 0.0183647 0.000893768 0.165445 0.00128426 0.00115047 0.00016404 6.46246e-06 0.0687079 0.744534
0.141667  1117.34 0.0167103 0.00114007 0.154109 0.00189155 0.00150217 0.000139808 5.04394e-06 0.0808824 0.744383
0.14375  1178.45 0.0149738 0.00139695 0.140931 0.00260202 0.00196768 0.000118531 4.66239e-06 0.0946336 0.744232
0.145833  1237.37 0.0132408 0.00164735 0.126482 0.00336208 0.00253589 9.98138e-05 4.78202e-06 0.109398 0.744373
0.147917  1292.82 0.0115941 0.00187368 0.111604 0.00410691 0.00317584 8.3445e-05 5.11368e-06 0.124296 0.744691
0.15  1343.82 0.0101054 0.0020621 0.0972823 0.00477934 0.00384678 6.94093e-05 5.51434e-06 0.138401 0.745091
0.154167  1431.13 0.0077334 0.00230486 0.0729203 0.005797 0.00515393 4.80675e-05 6.31689e-06 0.162047 0.745694
0.158333  1500.47 0.00621162 0.00237797 0.0560195 0.00634333 0.00625753 3.44691e-05 6.94465e-06 0.178114 0.745987
0.1625  1557.32 0.00532158 0.00233949 0.0454866 0.00657143 0.0071521 2.6244e-05 7.3929e-06 0.188037 0.746052
0.166667  1606.92 0.00482511 0.0022429 0.0392329 0.00662202 0.00788835 2.12513e-05 7.66059e-06 0.193816 0.745938
0.170833  1653.09 0.00455277 0.00212384 0.035587 0.00658915 0.00853004 1.80798e-05 7.75554e-06 0.197095 0.745853
0.175  1698.26 0.00440077 0.0020007 0.033404 0.00651847 0.00912316 1.58852e-05 7.68372e-06 0.198894 0.745672
0.179167  1743.84 0.00431304 0.0018825 0.0320269 0.00643487 0.00970261 1.42212e-05 7.46042e-06 0.199914 0.745606
0.183333  1790.63 0.00425818 0.00177181 0.0310764 0.00634739 0.0102867 1.28513e-05 7.10148e-06 0.200502 0.745558
0.1875  1839.19 0.00421969 0.00166878 0.0303498 0.0062596 0.010887 1.1656e-05 6.6273e-06 0.200862 0.74552
0.191667  1889.8 0.00418954 0.00157295 0.0297448 0.00617258 0.0115103 1.05799e-05 6.06524e-06 0.201159 0.745693
0.195833  1942.2 0.00416065 0.00148266 0.0291878 0.00607996 0.012145 9.59716e-06 5.44708e-06 0.201407 0.745864
0.2  1994.48 0.00412749 0.00139672 0.0286327 0.00596909 0.0127494 8.7188e-06 4.82305e-06 0.201671 0.745954
0.225  2182.01 0.0037395 0.000943306 0.0237894 0.00447617 0.0134547 5.74535e-06 2.55102e-06 0.208223 0.745565
0.25  2319.03 0.00312632 0.000548872 0.0173786 0.00267373 0.011935 3.92072e-06 1.19819e-06 0.218888 0.744903
0.3  2375.3 0.00217481 0.000237053 0.0112981 0.00115881 0.00842959 2.64467e-06 5.08243e-07 0.231339 0.744765
0.375  2380.52 0.00202607 0.000202229 0.0106041 0.000992076 0.00786182 2.49323e-06 4.36983e-07 0.232962 0.74476
0.4875  2380.52 0.00202607 0.000202229 0.0106041 0.000992076 0.00786182 2.49323e-06 4.36983e-07 0.232962 0.74476
