Generated by GetData Graph Digitizer 2.26.0.20 on December 30 2023, 14:37
from file 'C:\Users\Данило\source\repos\0709_gorenie\0709_gorenie\exel\photos\photo_43_2023-12-30_13-23-13.jpg'

 1.16993464052288e+003    1.38784395680947e-003
 1.21503267973856e+003    1.48519679554162e-003
 1.26143790849673e+003    1.57575757575758e-003
 1.30653594771242e+003    1.67311041448972e-003
 1.35098039215686e+003    1.77272727272727e-003
 1.39542483660131e+003    1.87008011145942e-003
 1.44117647058824e+003    1.96516893068617e-003
 1.48627450980392e+003    2.06478578892372e-003
 1.52941176470588e+003    2.16893068617207e-003
 1.57189542483660e+003    2.27533960292581e-003
 1.61568627450980e+003    2.38174851967955e-003
 1.65947712418301e+003    2.48589341692790e-003
 1.70326797385621e+003    2.59003831417625e-003
 1.74575163398693e+003    2.69871125043539e-003
 1.78758169934641e+003    2.80964820619993e-003
 1.82941176470588e+003    2.92284918146987e-003
 1.87189542483660e+003    3.03378613723441e-003
 1.91372549019608e+003    3.14472309299895e-003
 1.95490196078431e+003    3.26018808777429e-003
 1.99673202614379e+003    3.37565308254963e-003
 2.03790849673203e+003    3.48885405781958e-003
 2.07843137254902e+003    3.60658307210031e-003
 2.11830065359477e+003    3.72884012539185e-003
 2.15947712418301e+003    3.84656913967259e-003
 2.20065359477124e+003    3.95977011494253e-003
 2.24183006535948e+003    4.07749912922327e-003
 2.28169934640523e+003    4.19749216300940e-003
 2.32091503267974e+003    4.31974921630094e-003
 2.36013071895425e+003    4.44200626959248e-003
 2.39934640522876e+003    4.56426332288401e-003
 2.43856209150327e+003    4.68878439568095e-003
 2.47777777777778e+003    4.81104144897248e-003
 2.51633986928105e+003    4.93782654127482e-003
 2.55424836601307e+003    5.06687565308255e-003
 2.59281045751634e+003    5.19139672587948e-003
 2.63137254901961e+003    5.31591779867642e-003
 2.66928104575163e+003    5.44043887147335e-003
 2.70718954248366e+003    5.56722396377569e-003
 2.74509803921569e+003    5.69627307558342e-003
 2.78235294117647e+003    5.82758620689655e-003
 2.81960784313725e+003    5.95889933820968e-003
 2.85686274509804e+003    6.09021246952281e-003
 2.89346405228758e+003    6.22378962034134e-003
 2.93006535947712e+003    6.35736677115987e-003
 2.96928104575163e+003    6.47962382445141e-003
 1.12287581699346e+003    1.30181121560432e-003
 1.07647058823529e+003    1.21125043538837e-003
 1.03006535947712e+003    1.12295367467781e-003
 9.83006535947712e+002    1.03918495297806e-003
 9.35294117647059e+002    9.57680250783699e-004
 8.87581699346405e+002    8.76175548589342e-004
 8.39869281045752e+002    7.94670846394984e-004
 7.92156862745098e+002    7.19958202716823e-004
 7.43137254901961e+002    6.49773598049460e-004
 6.94771241830065e+002    5.79588993382097e-004
 6.45751633986928e+002    5.11668408220132e-004
 5.96078431372549e+002    4.48275862068966e-004
 5.45751633986928e+002    3.87147335423197e-004
 4.95424836601307e+002    3.26018808777429e-004
 4.45098039215686e+002    2.71682340647858e-004
 3.94117647058824e+002    2.21873911529084e-004
 3.43137254901961e+002    1.74329501915709e-004
