Generated by GetData Graph Digitizer 2.26.0.20 on December 30 2023, 14:21
from file 'C:\Users\Данило\source\repos\0709_gorenie\0709_gorenie\exel\photos\photo_29_2023-12-30_13-23-13.jpg'

 5.77124183006536e+002    3.37861372344131e-004
 6.26797385620915e+002    3.88366422849182e-004
 6.76470588235294e+002    4.37129919888541e-004
 7.25490196078431e+002    4.89376523859282e-004
 7.73856209150327e+002    5.45106234761407e-004
 8.22875816993464e+002    6.00835945663532e-004
 8.70588235294118e+002    6.60048763497039e-004
 9.18300653594771e+002    7.21003134796238e-004
 9.66013071895425e+002    7.83699059561129e-004
 1.01307189542484e+003    8.46394984326019e-004
 1.06013071895425e+003    9.12574016022292e-004
 1.10588235294118e+003    9.80494601184256e-004
 1.15228758169935e+003    1.04841518634622e-003
 1.19869281045752e+003    1.11807732497388e-003
 1.24379084967320e+003    1.19122257053292e-003
 1.28954248366013e+003    1.26436781609195e-003
 1.33529411764706e+003    1.33577150818530e-003
 1.38039215686275e+003    1.41065830721003e-003
 1.42418300653595e+003    1.48902821316614e-003
 1.46862745098039e+003    1.56565656565657e-003
 1.51241830065359e+003    1.64402647161268e-003
 1.55620915032680e+003    1.72239637756879e-003
 1.60000000000000e+003    1.80250783699060e-003
 1.64379084967320e+003    1.88087774294671e-003
 1.68758169934641e+003    1.96273075583420e-003
 1.73006535947712e+003    2.04632532218739e-003
 1.77189542483660e+003    2.12991988854058e-003
 1.81372549019608e+003    2.21351445489377e-003
 1.85620915032680e+003    2.29885057471264e-003
 1.89803921568627e+003    2.38418669453152e-003
 1.93986928104575e+003    2.47126436781609e-003
 1.98169934640523e+003    2.55834204110066e-003
 2.02287581699346e+003    2.64890282131661e-003
 2.06405228758170e+003    2.73772204806688e-003
 2.10588235294118e+003    2.82654127481714e-003
 2.14640522875817e+003    2.91710205503309e-003
 2.18562091503268e+003    3.01114594218043e-003
 2.22483660130719e+003    3.10518982932776e-003
 2.26535947712418e+003    3.19575060954371e-003
 2.30522875816993e+003    3.28805294322536e-003
 2.34444444444444e+003    3.38209683037269e-003
 2.38366013071895e+003    3.47788227098572e-003
 2.42352941176471e+003    3.57192615813305e-003
 2.46274509803922e+003    3.66771159874608e-003
 2.50130718954248e+003    3.76349703935911e-003
 2.54117647058824e+003    3.85579937304075e-003
 5.27450980392157e+002    2.90839428770463e-004
 4.77124183006536e+002    2.45559038662487e-004
 4.26143790849673e+002    2.07244862417276e-004
 3.74509803921569e+002    1.72413793103448e-004
 3.24183006535948e+002    1.28874956461163e-004
 2.72352941176471e+003    4.32601880877743e-003
 2.76078431372549e+003    4.42528735632184e-003
 2.79803921568627e+003    4.52281435040056e-003
 2.83529411764706e+003    4.62382445141066e-003
 2.87254901960784e+003    4.72483455242076e-003
 2.90980392156863e+003    4.82410309996517e-003
 2.94705882352941e+003    4.92337164750958e-003
 2.98235294117647e+003    5.02786485545106e-003
 2.68562091503268e+003    4.22849181469871e-003
 2.64771241830065e+003    4.12922326715430e-003
 2.60980392156863e+003    4.02995471960989e-003
 2.57124183006536e+003    3.93416927899687e-003
 2.53202614379085e+003    3.84012539184953e-003
