Generated by GetData Graph Digitizer 2.26.0.20 on December 30 2023, 13:54
from file 'C:\Users\Данило\source\repos\0709_gorenie\0709_gorenie\exel\photos\photo_8_2023-12-30_13-23-13.jpg'

 4.46555819477435e+002    4.34782608695652e-005
 4.98020585906572e+002    5.17598343685300e-005
 5.48825547637899e+002    6.07315389924086e-005
 5.98970704671417e+002    7.03933747412008e-005
 6.48456057007126e+002    8.04002760524500e-005
 6.98601214040644e+002    9.04071773636991e-005
 7.47426761678543e+002    1.01449275362319e-004
 7.96252309316442e+002    1.12836438923395e-004
 8.45077856954342e+002    1.24568668046929e-004
 8.93243599894431e+002    1.36645962732919e-004
 9.40749538136712e+002    1.49068322981366e-004
 9.88915281076801e+002    1.61490683229814e-004
 1.03642121931908e+003    1.73913043478261e-004
 1.08326735286355e+003    1.87370600414079e-004
 1.13011348640802e+003    2.01173222912353e-004
 1.17629981525468e+003    2.14975845410628e-004
 1.22248614410135e+003    2.29468599033816e-004
 1.26867247294801e+003    2.43616287094548e-004
 1.31485880179467e+003    2.58109040717736e-004
 1.35972552124571e+003    2.73291925465839e-004
 1.40393243599894e+003    2.88819875776398e-004
 3.95750857746107e+002    3.41614906832298e-005
 3.43626286619161e+002    2.79503105590062e-005
 1.64014251781473e+003    3.72325741890959e-004
 1.68434943256796e+003    3.88198757763975e-004
 1.72789654262338e+003    4.04416839199448e-004
 1.77078384798100e+003    4.21670117322291e-004
 1.81301134864080e+003    4.38923395445135e-004
 1.85523884930061e+003    4.56176673567978e-004
 1.89746634996041e+003    4.73429951690821e-004
 1.93903404592241e+003    4.91028295376121e-004
 1.98126154658221e+003    5.08281573498965e-004
 2.02348904724202e+003    5.25534851621808e-004
 2.06439693850620e+003    5.43478260869565e-004
 2.10464502507258e+003    5.62111801242236e-004
 2.14555291633676e+003    5.80400276052450e-004
 1.59725521245711e+003    3.55417529330573e-004
 1.55304829770388e+003    3.39544513457557e-004
 1.50950118764846e+003    3.23671497584541e-004
 1.46595407759303e+003    3.07798481711525e-004
 1.41976774874637e+003    2.93305728088337e-004
 2.48931116389549e+003    7.39130434782609e-004
 2.52889944576405e+003    7.58109040717736e-004
 2.56782792293481e+003    7.77777777777778e-004
 2.60609659540776e+003    7.97101449275362e-004
 2.64436526788071e+003    8.16425120772947e-004
 2.68263394035366e+003    8.35748792270532e-004
 2.72024280812879e+003    8.55762594893030e-004
 2.75785167590393e+003    8.75431331953071e-004
 2.79612034837688e+003    8.94755003450656e-004
 2.83306941145421e+003    9.14768806073154e-004
 2.87001847453154e+003    9.34782608695652e-004
 2.90762734230668e+003    9.54796411318150e-004
 2.94523621008182e+003    9.74810213940649e-004
 2.98218527315914e+003    9.94824016563147e-004
 2.44972288202692e+003    7.20151828847481e-004
 2.41013460015835e+003    7.01518288474810e-004
 2.37054631828979e+003    6.82884748102139e-004
 2.33095803642122e+003    6.63906142167012e-004
 2.29136975455265e+003    6.44927536231884e-004
 2.25112166798628e+003    6.26639061421670e-004
 2.21021377672209e+003    6.08695652173913e-004
 2.16996569015571e+003    5.90407177363699e-004
 2.13037740828715e+003    5.71428571428571e-004
