Generated by GetData Graph Digitizer 2.26.0.20 on December 30 2023, 13:57
from file 'C:\Users\Данило\source\repos\0709_gorenie\0709_gorenie\exel\photos\photo_10_2023-12-30_13-23-13.jpg'

 4.70588235294118e+002    7.22891566265060e-005
 5.20915032679739e+002    8.67469879518072e-005
 5.71241830065360e+002    1.00669344042838e-004
 6.21568627450980e+002    1.15127175368139e-004
 6.70588235294118e+002    1.31191432396252e-004
 7.19607843137255e+002    1.47791164658635e-004
 7.67973856209150e+002    1.64926372155288e-004
 8.16993464052288e+002    1.82061579651941e-004
 8.65359477124183e+002    1.99732262382865e-004
 9.13071895424837e+002    2.18473895582329e-004
 9.60784313725490e+002    2.38286479250335e-004
 1.00718954248366e+003    2.58634538152610e-004
 1.05424836601307e+003    2.78982597054886e-004
 1.10130718954248e+003    2.99330655957162e-004
 1.14771241830065e+003    3.20214190093708e-004
 1.19346405228758e+003    3.41633199464525e-004
 1.23986928104575e+003    3.63587684069612e-004
 1.28496732026144e+003    3.86077643908969e-004
 1.33006535947712e+003    4.08567603748327e-004
 1.37516339869281e+003    4.31057563587684e-004
 1.41960784313725e+003    4.54082998661312e-004
 1.46339869281046e+003    4.78179384203481e-004
 1.50718954248366e+003    5.01740294511379e-004
 1.55098039215686e+003    5.25301204819277e-004
 1.59477124183007e+003    5.49933065595716e-004
 1.63856209150327e+003    5.75100401606426e-004
 1.68169934640523e+003    6.00267737617135e-004
 1.72418300653595e+003    6.25970548862115e-004
 1.76601307189542e+003    6.52208835341366e-004
 1.80849673202614e+003    6.78447121820616e-004
 1.85163398692810e+003    7.04149933065596e-004
 1.89346405228758e+003    7.30388219544846e-004
 1.93464052287582e+003    7.57697456492637e-004
 1.97647058823529e+003    7.84471218206158e-004
 2.01830065359477e+003    8.11244979919679e-004
 2.05947712418301e+003    8.39089692101740e-004
 2.10000000000000e+003    8.67469879518072e-004
 2.14052287581699e+003    8.95314591700134e-004
 2.18169934640523e+003    9.22088353413655e-004
 2.22222222222222e+003    9.49933065595716e-004
 2.26209150326797e+003    9.78848728246319e-004
 2.30130718954248e+003    1.00776439089692e-003
 2.34117647058824e+003    1.03614457831325e-003
 2.38039215686275e+003    1.06506024096386e-003
 2.41960784313725e+003    1.09397590361446e-003
 2.45882352941176e+003    1.12289156626506e-003
 2.49738562091503e+003    1.15234270414993e-003
 2.53464052287582e+003    1.18286479250335e-003
 2.57254901960784e+003    1.21338688085676e-003
 2.61176470588235e+003    1.24283801874163e-003
 2.65032679738562e+003    1.27228915662651e-003
 2.68888888888889e+003    1.30227576974565e-003
 2.72679738562092e+003    1.33279785809906e-003
 2.76405228758170e+003    1.36331994645248e-003
 2.80196078431373e+003    1.39384203480589e-003
 2.83921568627451e+003    1.42489959839357e-003
 2.87647058823529e+003    1.45595716198126e-003
 2.91307189542484e+003    1.48701472556894e-003
 2.95032679738562e+003    1.51807228915663e-003
 2.98758169934641e+003    1.54859437751004e-003
 4.19607843137255e+002    5.99732262382865e-005
 3.68627450980392e+002    4.81927710843374e-005
 3.16993464052288e+002    3.85542168674699e-005
