TITLE="Graphics"
VARIABLES= "T", "diff_NC7KET_NC7KET"
300 0.0130329
310 0.013956
320 0.0149095
330 0.0158932
340 0.0169071
350 0.017951
360 0.0190247
370 0.0201279
380 0.0212606
390 0.0224226
400 0.0236137
410 0.0248337
420 0.0260826
430 0.02736
440 0.0286658
450 0.03
460 0.0313622
470 0.0327524
480 0.0341704
490 0.0356161
500 0.0370892
510 0.0385896
520 0.0401172
530 0.0416717
540 0.0432532
550 0.0448613
560 0.0464959
570 0.048157
580 0.0498443
590 0.0515577
600 0.053297
610 0.0550622
620 0.056853
630 0.0586693
640 0.0605111
650 0.062378
660 0.0642701
670 0.0661871
680 0.0681289
690 0.0700954
700 0.0720865
710 0.074102
720 0.0761418
730 0.0782058
740 0.0802938
750 0.0824057
760 0.0845414
770 0.0867007
780 0.0888836
790 0.0910899
800 0.0933194
810 0.0955721
820 0.0978479
830 0.100147
840 0.102468
850 0.104812
860 0.107179
870 0.109568
880 0.11198
890 0.114414
900 0.116869
910 0.119347
920 0.121847
930 0.124369
940 0.126912
950 0.129477
960 0.132063
970 0.134671
980 0.1373
990 0.13995
1000 0.142621
1010 0.145313
1020 0.148026
1030 0.15076
1040 0.153514
1050 0.156289
1060 0.159085
1070 0.1619
1080 0.164736
1090 0.167592
1100 0.170469
1110 0.173365
1120 0.176281
1130 0.179217
1140 0.182173
1150 0.185148
1160 0.188143
1170 0.191157
1180 0.19419
1190 0.197243
1200 0.200315
1210 0.203406
1220 0.206516
1230 0.209645
1240 0.212793
1250 0.215959
1260 0.219144
1270 0.222348
1280 0.22557
1290 0.228811
1300 0.23207
1310 0.235347
1320 0.238643
1330 0.241956
1340 0.245288
1350 0.248637
1360 0.252005
1370 0.25539
1380 0.258793
1390 0.262213
1400 0.265651
1410 0.269107
1420 0.27258
1430 0.27607
1440 0.279578
1450 0.283103
1460 0.286644
1470 0.290203
1480 0.293779
1490 0.297372
1500 0.300982
1510 0.304608
1520 0.308251
1530 0.311911
1540 0.315588
1550 0.31928
1560 0.32299
1570 0.326715
1580 0.330457
1590 0.334216
1600 0.33799
1610 0.34178
1620 0.345587
1630 0.349409
1640 0.353248
1650 0.357102
1660 0.360972
1670 0.364858
1680 0.368759
1690 0.372676
1700 0.376609
1710 0.380557
1720 0.38452
1730 0.388499
1740 0.392493
1750 0.396503
1760 0.400527
1770 0.404567
1780 0.408622
1790 0.412692
1800 0.416776
1810 0.420876
1820 0.42499
1830 0.42912
1840 0.433264
1850 0.437422
1860 0.441596
1870 0.445783
1880 0.449986
1890 0.454203
1900 0.458434
1910 0.462679
1920 0.466939
1930 0.471213
1940 0.475502
1950 0.479804
1960 0.484121
1970 0.488451
1980 0.492796
1990 0.497154
2000 0.501526
2010 0.505913
2020 0.510313
2030 0.514726
2040 0.519154
2050 0.523595
2060 0.528049
2070 0.532517
2080 0.536999
2090 0.541494
2100 0.546003
2110 0.550524
2120 0.555059
2130 0.559608
2140 0.564169
2150 0.568744
2160 0.573332
2170 0.577933
2180 0.582547
2190 0.587174
2200 0.591813
2210 0.596466
2220 0.601132
2230 0.60581
2240 0.610501
2250 0.615205
2260 0.619921
2270 0.624651
2280 0.629392
2290 0.634146
2300 0.638913
2310 0.643692
2320 0.648484
2330 0.653288
2340 0.658104
2350 0.662933
2360 0.667773
2370 0.672626
2380 0.677492
2390 0.682369
2400 0.687258
2410 0.69216
2420 0.697073
2430 0.701998
2440 0.706936
2450 0.711885
2460 0.716846
2470 0.721819
2480 0.726803
2490 0.731799
2500 0.736807
2510 0.741827
2520 0.746858
2530 0.751901
2540 0.756955
2550 0.762021
2560 0.767098
2570 0.772187
2580 0.777287
2590 0.782399
2600 0.787521
2610 0.792655
2620 0.797801
2630 0.802957
2640 0.808125
2650 0.813304
2660 0.818494
2670 0.823694
2680 0.828906
2690 0.834129
2700 0.839363
2710 0.844608
2720 0.849864
2730 0.855131
2740 0.860408
2750 0.865696
2760 0.870995
2770 0.876305
2780 0.881625
2790 0.886956
2800 0.892298
2810 0.89765
2820 0.903013
2830 0.908386
2840 0.91377
2850 0.919164
2860 0.924569
2870 0.929984
2880 0.935409
2890 0.940845
2900 0.946291
2910 0.951747
2920 0.957214
2930 0.962691
2940 0.968178
2950 0.973675
2960 0.979182
2970 0.984699
2980 0.990226
2990 0.995764
