TITLE="Graphics"
VARIABLES= "T", "diff_H2O_H2O"
300 0.181877
310 0.195017
320 0.208632
330 0.222722
340 0.237286
350 0.252324
360 0.267836
370 0.283822
380 0.300281
390 0.317213
400 0.334616
410 0.352491
420 0.370837
430 0.389652
440 0.408936
450 0.428689
460 0.448908
470 0.469594
480 0.490745
490 0.51236
500 0.534438
510 0.556978
520 0.57998
530 0.60344
540 0.62736
550 0.651736
560 0.676569
570 0.701857
580 0.727598
590 0.753791
600 0.780435
610 0.807528
620 0.83507
630 0.863059
640 0.891493
650 0.920372
660 0.949693
670 0.979455
680 1.00966
690 1.0403
700 1.07138
710 1.10289
720 1.13484
730 1.16722
740 1.20003
750 1.23327
760 1.26694
770 1.30103
780 1.33555
790 1.3705
800 1.40586
810 1.44165
820 1.47786
830 1.51448
840 1.55152
850 1.58898
860 1.62685
870 1.66513
880 1.70382
890 1.74292
900 1.78243
910 1.82234
920 1.86266
930 1.90338
940 1.9445
950 1.98602
960 2.02794
970 2.07026
980 2.11297
990 2.15607
1000 2.19957
1010 2.24346
1020 2.28773
1030 2.3324
1040 2.37745
1050 2.42289
1060 2.46871
1070 2.51491
1080 2.56149
1090 2.60846
1100 2.65579
1110 2.70351
1120 2.7516
1130 2.80006
1140 2.8489
1150 2.8981
1160 2.94768
1170 2.99762
1180 3.04793
1190 3.0986
1200 3.14963
1210 3.20103
1220 3.25279
1230 3.30491
1240 3.35738
1250 3.41021
1260 3.4634
1270 3.51693
1280 3.57083
1290 3.62507
1300 3.67966
1310 3.73459
1320 3.78988
1330 3.84551
1340 3.90148
1350 3.9578
1360 4.01446
1370 4.07145
1380 4.12879
1390 4.18646
1400 4.24447
1410 4.30281
1420 4.36149
1430 4.42049
1440 4.47983
1450 4.5395
1460 4.59949
1470 4.65982
1480 4.72046
1490 4.78143
1500 4.84273
1510 4.90434
1520 4.96628
1530 5.02853
1540 5.0911
1550 5.15399
1560 5.21719
1570 5.28071
1580 5.34454
1590 5.40868
1600 5.47313
1610 5.53789
1620 5.60296
1630 5.66833
1640 5.73401
1650 5.8
1660 5.86628
1670 5.93287
1680 5.99976
1690 6.06695
1700 6.13443
1710 6.20222
1720 6.2703
1730 6.33867
1740 6.40734
1750 6.4763
1760 6.54555
1770 6.61509
1780 6.68492
1790 6.75503
1800 6.82544
1810 6.89612
1820 6.9671
1830 7.03835
1840 7.10989
1850 7.18171
1860 7.25381
1870 7.32619
1880 7.39884
1890 7.47177
1900 7.54498
1910 7.61846
1920 7.69222
1930 7.76624
1940 7.84054
1950 7.91511
1960 7.98995
1970 8.06505
1980 8.14042
1990 8.21606
2000 8.29196
2010 8.36813
2020 8.44456
2030 8.52124
2040 8.5982
2050 8.67541
2060 8.75287
2070 8.8306
2080 8.90858
2090 8.98682
2100 9.06531
2110 9.14406
2120 9.22306
2130 9.30231
2140 9.38181
2150 9.46156
2160 9.54155
2170 9.6218
2180 9.70229
2190 9.78303
2200 9.86401
2210 9.94524
2220 10.0267
2230 10.1084
2240 10.1904
2250 10.2726
2260 10.355
2270 10.4377
2280 10.5206
2290 10.6037
2300 10.6871
2310 10.7707
2320 10.8545
2330 10.9386
2340 11.0229
2350 11.1075
2360 11.1922
2370 11.2772
2380 11.3625
2390 11.4479
2400 11.5336
2410 11.6195
2420 11.7056
2430 11.792
2440 11.8785
2450 11.9653
2460 12.0523
2470 12.1396
2480 12.227
2490 12.3147
2500 12.4026
2510 12.4907
2520 12.579
2530 12.6676
2540 12.7563
2550 12.8453
2560 12.9345
2570 13.0239
2580 13.1135
2590 13.2033
2600 13.2933
2610 13.3835
2620 13.4739
2630 13.5646
2640 13.6554
2650 13.7465
2660 13.8377
2670 13.9292
2680 14.0209
2690 14.1127
2700 14.2048
2710 14.297
2720 14.3895
2730 14.4822
2740 14.575
2750 14.6681
2760 14.7613
2770 14.8548
2780 14.9484
2790 15.0423
2800 15.1363
2810 15.2305
2820 15.3249
2830 15.4195
2840 15.5143
2850 15.6093
2860 15.7045
2870 15.7999
2880 15.8954
2890 15.9912
2900 16.0871
2910 16.1832
2920 16.2795
2930 16.3759
2940 16.4726
2950 16.5694
2960 16.6665
2970 16.7637
2980 16.8611
2990 16.9586
