TITLE="Graphics"
VARIABLES= "T", "diff_H2O_NC3H7"
300 0.115003
310 0.123104
320 0.131455
330 0.140053
340 0.148896
350 0.157981
360 0.167306
370 0.176869
380 0.186666
390 0.196697
400 0.206958
410 0.217448
420 0.228165
430 0.239105
440 0.250269
450 0.261652
460 0.273254
470 0.285072
480 0.297105
490 0.309351
500 0.321809
510 0.334475
520 0.347349
530 0.360429
540 0.373713
550 0.3872
560 0.400888
570 0.414776
580 0.428862
590 0.443144
600 0.457621
610 0.472292
620 0.487156
630 0.50221
640 0.517454
650 0.532886
660 0.548505
670 0.56431
680 0.580299
690 0.596472
700 0.612826
710 0.629361
720 0.646076
730 0.662969
740 0.68004
750 0.697287
760 0.714708
770 0.732304
780 0.750073
790 0.768014
800 0.786126
810 0.804408
820 0.822859
830 0.841478
840 0.860263
850 0.879215
860 0.898332
870 0.917613
880 0.937058
890 0.956665
900 0.976434
910 0.996363
920 1.01645
930 1.0367
940 1.05711
950 1.07767
960 1.09839
970 1.11927
980 1.1403
990 1.16148
1000 1.18282
1010 1.20431
1020 1.22596
1030 1.24775
1040 1.2697
1050 1.29179
1060 1.31404
1070 1.33643
1080 1.35897
1090 1.38166
1100 1.4045
1110 1.42748
1120 1.4506
1130 1.47387
1140 1.49729
1150 1.52084
1160 1.54455
1170 1.56839
1180 1.59237
1190 1.6165
1200 1.64076
1210 1.66517
1220 1.68971
1230 1.71439
1240 1.73921
1250 1.76417
1260 1.78926
1270 1.8145
1280 1.83986
1290 1.86537
1300 1.891
1310 1.91678
1320 1.94268
1330 1.96872
1340 1.99489
1350 2.0212
1360 2.04763
1370 2.0742
1380 2.1009
1390 2.12773
1400 2.15468
1410 2.18177
1420 2.20899
1430 2.23634
1440 2.26381
1450 2.29141
1460 2.31914
1470 2.347
1480 2.37498
1490 2.40309
1500 2.43132
1510 2.45968
1520 2.48816
1530 2.51677
1540 2.5455
1550 2.57436
1560 2.60334
1570 2.63244
1580 2.66166
1590 2.69101
1600 2.72047
1610 2.75006
1620 2.77977
1630 2.8096
1640 2.83955
1650 2.86962
1660 2.89981
1670 2.93012
1680 2.96055
1690 2.99109
1700 3.02176
1710 3.05254
1720 3.08344
1730 3.11445
1740 3.14558
1750 3.17683
1760 3.2082
1770 3.23968
1780 3.27127
1790 3.30298
1800 3.33481
1810 3.36675
1820 3.3988
1830 3.43097
1840 3.46325
1850 3.49564
1860 3.52815
1870 3.56077
1880 3.5935
1890 3.62634
1900 3.6593
1910 3.69237
1920 3.72555
1930 3.75883
1940 3.79223
1950 3.82574
1960 3.85936
1970 3.89309
1980 3.92693
1990 3.96088
2000 3.99494
2010 4.0291
2020 4.06338
2030 4.09776
2040 4.13225
2050 4.16685
2060 4.20155
2070 4.23637
2080 4.27129
2090 4.30631
2100 4.34144
2110 4.37668
2120 4.41203
2130 4.44748
2140 4.48303
2150 4.51869
2160 4.55446
2170 4.59033
2180 4.6263
2190 4.66238
2200 4.69857
2210 4.73485
2220 4.77124
2230 4.80774
2240 4.84433
2250 4.88103
2260 4.91783
2270 4.95474
2280 4.99174
2290 5.02885
2300 5.06606
2310 5.10338
2320 5.14079
2330 5.1783
2340 5.21592
2350 5.25364
2360 5.29145
2370 5.32937
2380 5.36739
2390 5.4055
2400 5.44372
2410 5.48204
2420 5.52045
2430 5.55897
2440 5.59758
2450 5.6363
2460 5.67511
2470 5.71402
2480 5.75302
2490 5.79213
2500 5.83133
2510 5.87063
2520 5.91003
2530 5.94953
2540 5.98912
2550 6.02881
2560 6.0686
2570 6.10848
2580 6.14846
2590 6.18854
2600 6.22871
2610 6.26898
2620 6.30934
2630 6.3498
2640 6.39035
2650 6.431
2660 6.47175
2670 6.51259
2680 6.55352
2690 6.59455
2700 6.63567
2710 6.67689
2720 6.7182
2730 6.7596
2740 6.8011
2750 6.84269
2760 6.88438
2770 6.92615
2780 6.96803
2790 7.00999
2800 7.05205
2810 7.0942
2820 7.13644
2830 7.17877
2840 7.2212
2850 7.26372
2860 7.30633
2870 7.34903
2880 7.39182
2890 7.43471
2900 7.47768
2910 7.52075
2920 7.56391
2930 7.60716
2940 7.6505
2950 7.69393
2960 7.73745
2970 7.78106
2980 7.82476
2990 7.86855
