TITLE="Graphics"
VARIABLES= "T", "diff_H2_H2"
300 1.46083
310 1.54304
320 1.62701
330 1.71273
340 1.80017
350 1.88932
360 1.98015
370 2.07266
380 2.16682
390 2.26262
400 2.36004
410 2.45908
420 2.5597
430 2.66191
440 2.76569
450 2.87102
460 2.9779
470 3.0863
480 3.19622
490 3.30765
500 3.42058
510 3.53499
520 3.65088
530 3.76823
540 3.88704
550 4.00729
560 4.12898
570 4.25209
580 4.37663
590 4.50257
600 4.62991
610 4.75865
620 4.88877
630 5.02026
640 5.15312
650 5.28735
660 5.42293
670 5.55985
680 5.69811
690 5.83771
700 5.97863
710 6.12087
720 6.26442
730 6.40927
740 6.55543
750 6.70287
760 6.85161
770 7.00162
780 7.15291
790 7.30547
800 7.4593
810 7.61438
820 7.77071
830 7.92829
840 8.08711
850 8.24717
860 8.40847
870 8.57098
880 8.73472
890 8.89968
900 9.06585
910 9.23322
920 9.4018
930 9.57158
940 9.74255
950 9.91471
960 10.0881
970 10.2626
980 10.4383
990 10.6152
1000 10.7932
1010 10.9724
1020 11.1528
1030 11.3343
1040 11.517
1050 11.7008
1060 11.8858
1070 12.0719
1080 12.2591
1090 12.4475
1100 12.637
1110 12.8276
1120 13.0194
1130 13.2123
1140 13.4063
1150 13.6014
1160 13.7976
1170 13.9949
1180 14.1933
1190 14.3929
1200 14.5935
1210 14.7952
1220 14.998
1230 15.2019
1240 15.4069
1250 15.6129
1260 15.82
1270 16.0283
1280 16.2375
1290 16.4479
1300 16.6593
1310 16.8718
1320 17.0853
1330 17.2999
1340 17.5156
1350 17.7323
1360 17.95
1370 18.1689
1380 18.3887
1390 18.6096
1400 18.8315
1410 19.0545
1420 19.2785
1430 19.5035
1440 19.7296
1450 19.9567
1460 20.1848
1470 20.414
1480 20.6441
1490 20.8753
1500 21.1075
1510 21.3407
1520 21.5749
1530 21.8102
1540 22.0464
1550 22.2837
1560 22.5219
1570 22.7611
1580 23.0014
1590 23.2426
1600 23.4849
1610 23.7281
1620 23.9723
1630 24.2175
1640 24.4637
1650 24.7109
1660 24.959
1670 25.2081
1680 25.4582
1690 25.7093
1700 25.9614
1710 26.2144
1720 26.4684
1730 26.7234
1740 26.9793
1750 27.2362
1760 27.4941
1770 27.7529
1780 28.0127
1790 28.2734
1800 28.5351
1810 28.7977
1820 29.0613
1830 29.3259
1840 29.5914
1850 29.8578
1860 30.1252
1870 30.3935
1880 30.6628
1890 30.933
1900 31.2042
1910 31.4762
1920 31.7493
1930 32.0232
1940 32.2981
1950 32.5739
1960 32.8507
1970 33.1283
1980 33.4069
1990 33.6864
2000 33.9669
2010 34.2482
2020 34.5305
2030 34.8137
2040 35.0978
2050 35.3829
2060 35.6688
2070 35.9557
2080 36.2434
2090 36.5321
2100 36.8217
2110 37.1122
2120 37.4035
2130 37.6958
2140 37.989
2150 38.2831
2160 38.5781
2170 38.874
2180 39.1708
2190 39.4685
2200 39.7671
2210 40.0666
2220 40.3669
2230 40.6682
2240 40.9703
2250 41.2733
2260 41.5772
2270 41.882
2280 42.1877
2290 42.4943
2300 42.8017
2310 43.1101
2320 43.4193
2330 43.7293
2340 44.0403
2350 44.3521
2360 44.6648
2370 44.9784
2380 45.2928
2390 45.6081
2400 45.9243
2410 46.2414
2420 46.5593
2430 46.8781
2440 47.1977
2450 47.5182
2460 47.8396
2470 48.1618
2480 48.4849
2490 48.8089
2500 49.1337
2510 49.4593
2520 49.7859
2530 50.1132
2540 50.4414
2550 50.7705
2560 51.1004
2570 51.4312
2580 51.7628
2590 52.0953
2600 52.4286
2610 52.7628
2620 53.0978
2630 53.4336
2640 53.7703
2650 54.1079
2660 54.4462
2670 54.7854
2680 55.1255
2690 55.4664
2700 55.8081
2710 56.1507
2720 56.494
2730 56.8383
2740 57.1833
2750 57.5292
2760 57.8759
2770 58.2235
2780 58.5719
2790 58.9211
2800 59.2711
2810 59.6219
2820 59.9736
2830 60.3261
2840 60.6794
2850 61.0336
2860 61.3885
2870 61.7443
2880 62.1009
2890 62.4584
2900 62.8166
2910 63.1757
2920 63.5355
2930 63.8962
2940 64.2577
2950 64.62
2960 64.9831
2970 65.3471
2980 65.7118
2990 66.0774
