TITLE="Graphics"
VARIABLES= "T", "diff_C2H5_CO"
300 0.148849
310 0.158104
320 0.167582
330 0.177279
340 0.187192
350 0.197318
360 0.207655
370 0.218199
380 0.228948
390 0.2399
400 0.251053
410 0.262403
420 0.273949
430 0.285688
440 0.297619
450 0.309739
460 0.322047
470 0.334541
480 0.347219
490 0.360078
500 0.373119
510 0.386338
520 0.399734
530 0.413306
540 0.427052
550 0.440971
560 0.455062
570 0.469322
580 0.483752
590 0.498348
600 0.513111
610 0.528039
620 0.543131
630 0.558385
640 0.5738
650 0.589377
660 0.605112
670 0.621006
680 0.637057
690 0.653264
700 0.669627
710 0.686144
720 0.702814
730 0.719637
740 0.736612
750 0.753738
760 0.771013
770 0.788438
780 0.806011
790 0.823732
800 0.841599
810 0.859613
820 0.877772
830 0.896076
840 0.914523
850 0.933114
860 0.951847
870 0.970722
880 0.989739
890 1.0089
900 1.02819
910 1.04763
920 1.0672
930 1.08692
940 1.10677
950 1.12676
960 1.14688
970 1.16714
980 1.18754
990 1.20807
1000 1.22873
1010 1.24953
1020 1.27046
1030 1.29153
1040 1.31273
1050 1.33405
1060 1.35552
1070 1.37711
1080 1.39883
1090 1.42068
1100 1.44266
1110 1.46477
1120 1.48701
1130 1.50938
1140 1.53188
1150 1.5545
1160 1.57725
1170 1.60013
1180 1.62313
1190 1.64626
1200 1.66952
1210 1.6929
1220 1.71641
1230 1.74004
1240 1.76379
1250 1.78767
1260 1.81167
1270 1.8358
1280 1.86005
1290 1.88442
1300 1.90891
1310 1.93352
1320 1.95826
1330 1.98312
1340 2.0081
1350 2.0332
1360 2.05842
1370 2.08375
1380 2.10921
1390 2.13479
1400 2.16049
1410 2.18631
1420 2.21224
1430 2.2383
1440 2.26447
1450 2.29076
1460 2.31717
1470 2.3437
1480 2.37034
1490 2.3971
1500 2.42397
1510 2.45097
1520 2.47808
1530 2.5053
1540 2.53264
1550 2.5601
1560 2.58767
1570 2.61535
1580 2.64315
1590 2.67107
1600 2.6991
1610 2.72724
1620 2.7555
1630 2.78387
1640 2.81236
1650 2.84096
1660 2.86967
1670 2.89849
1680 2.92743
1690 2.95648
1700 2.98564
1710 3.01492
1720 3.0443
1730 3.0738
1740 3.10341
1750 3.13313
1760 3.16296
1770 3.19291
1780 3.22296
1790 3.25312
1800 3.2834
1810 3.31378
1820 3.34428
1830 3.37489
1840 3.4056
1850 3.43643
1860 3.46736
1870 3.49841
1880 3.52956
1890 3.56082
1900 3.59219
1910 3.62368
1920 3.65526
1930 3.68696
1940 3.71877
1950 3.75068
1960 3.7827
1970 3.81483
1980 3.84707
1990 3.87941
2000 3.91187
2010 3.94443
2020 3.97709
2030 4.00987
2040 4.04275
2050 4.07574
2060 4.10883
2070 4.14203
2080 4.17534
2090 4.20875
2100 4.24227
2110 4.2759
2120 4.30963
2130 4.34347
2140 4.37741
2150 4.41146
2160 4.44561
2170 4.47987
2180 4.51424
2190 4.54871
2200 4.58328
2210 4.61796
2220 4.65274
2230 4.68763
2240 4.72262
2250 4.75772
2260 4.79292
2270 4.82823
2280 4.86364
2290 4.89915
2300 4.93477
2310 4.97049
2320 5.00632
2330 5.04225
2340 5.07828
2350 5.11442
2360 5.15065
2370 5.187
2380 5.22344
2390 5.25999
2400 5.29664
2410 5.33339
2420 5.37025
2430 5.40721
2440 5.44427
2450 5.48144
2460 5.5187
2470 5.55607
2480 5.59354
2490 5.63111
2500 5.66879
2510 5.70657
2520 5.74444
2530 5.78242
2540 5.82051
2550 5.85869
2560 5.89697
2570 5.93536
2580 5.97385
2590 6.01244
2600 6.05113
2610 6.08992
2620 6.12881
2630 6.1678
2640 6.2069
2650 6.24609
2660 6.28538
2670 6.32478
2680 6.36428
2690 6.40387
2700 6.44357
2710 6.48337
2720 6.52327
2730 6.56326
2740 6.60336
2750 6.64356
2760 6.68386
2770 6.72426
2780 6.76475
2790 6.80535
2800 6.84605
2810 6.88684
2820 6.92774
2830 6.96874
2840 7.00983
2850 7.05103
2860 7.09232
2870 7.13371
2880 7.17521
2890 7.2168
2900 7.25849
2910 7.30028
2920 7.34217
2930 7.38415
2940 7.42624
2950 7.46842
2960 7.51071
2970 7.55309
2980 7.59557
2990 7.63815
