TITLE="Graphics"
VARIABLES= "T", "diff_H_NC3H7O2"
300 0.575217
310 0.613746
320 0.653326
330 0.693941
340 0.735577
350 0.77822
360 0.821858
370 0.866478
380 0.912066
390 0.958612
400 1.0061
410 1.05453
420 1.10388
430 1.15414
440 1.20531
450 1.25737
460 1.31031
470 1.36413
480 1.41882
490 1.47436
500 1.53075
510 1.58798
520 1.64604
530 1.70493
540 1.76464
550 1.82516
560 1.88648
570 1.94859
580 2.0115
590 2.07519
600 2.13966
610 2.20489
620 2.2709
630 2.33766
640 2.40517
650 2.47343
660 2.54243
670 2.61217
680 2.68264
690 2.75384
700 2.82576
710 2.89839
720 2.97174
730 3.04579
740 3.12055
750 3.196
760 3.27215
770 3.34899
780 3.42651
790 3.50472
800 3.5836
810 3.66316
820 3.74338
830 3.82427
840 3.90583
850 3.98804
860 4.07091
870 4.15443
880 4.2386
890 4.32341
900 4.40886
910 4.49496
920 4.58169
930 4.66905
940 4.75704
950 4.84566
960 4.9349
970 5.02476
980 5.11524
990 5.20634
1000 5.29805
1010 5.39037
1020 5.48329
1030 5.57682
1040 5.67096
1050 5.76569
1060 5.86102
1070 5.95694
1080 6.05346
1090 6.15057
1100 6.24826
1110 6.34655
1120 6.44541
1130 6.54486
1140 6.64488
1150 6.74549
1160 6.84667
1170 6.94842
1180 7.05074
1190 7.15363
1200 7.25709
1210 7.36112
1220 7.46571
1230 7.57086
1240 7.67657
1250 7.78283
1260 7.88966
1270 7.99704
1280 8.10497
1290 8.21345
1300 8.32248
1310 8.43206
1320 8.54219
1330 8.65286
1340 8.76407
1350 8.87582
1360 8.98812
1370 9.10095
1380 9.21432
1390 9.32822
1400 9.44266
1410 9.55763
1420 9.67314
1430 9.78917
1440 9.90573
1450 10.0228
1460 10.1404
1470 10.2586
1480 10.3772
1490 10.4964
1500 10.6161
1510 10.7363
1520 10.8571
1530 10.9783
1540 11.1001
1550 11.2224
1560 11.3452
1570 11.4685
1580 11.5923
1590 11.7167
1600 11.8415
1610 11.9668
1620 12.0927
1630 12.2191
1640 12.3459
1650 12.4733
1660 12.6012
1670 12.7295
1680 12.8584
1690 12.9878
1700 13.1176
1710 13.248
1720 13.3789
1730 13.5102
1740 13.6421
1750 13.7744
1760 13.9073
1770 14.0406
1780 14.1744
1790 14.3087
1800 14.4435
1810 14.5788
1820 14.7146
1830 14.8508
1840 14.9876
1850 15.1248
1860 15.2625
1870 15.4007
1880 15.5394
1890 15.6786
1900 15.8182
1910 15.9583
1920 16.0989
1930 16.24
1940 16.3815
1950 16.5236
1960 16.6661
1970 16.8091
1980 16.9525
1990 17.0964
2000 17.2408
2010 17.3857
2020 17.5311
2030 17.6769
2040 17.8232
2050 17.9699
2060 18.1171
2070 18.2648
2080 18.413
2090 18.5616
2100 18.7107
2110 18.8603
2120 19.0103
2130 19.1608
2140 19.3117
2150 19.4632
2160 19.615
2170 19.7674
2180 19.9202
2190 20.0734
2200 20.2272
2210 20.3813
2220 20.536
2230 20.6911
2240 20.8466
2250 21.0027
2260 21.1591
2270 21.316
2280 21.4734
2290 21.6313
2300 21.7896
2310 21.9483
2320 22.1075
2330 22.2672
2340 22.4273
2350 22.5878
2360 22.7488
2370 22.9103
2380 23.0722
2390 23.2346
2400 23.3974
2410 23.5606
2420 23.7243
2430 23.8885
2440 24.0531
2450 24.2182
2460 24.3836
2470 24.5496
2480 24.716
2490 24.8828
2500 25.0501
2510 25.2178
2520 25.386
2530 25.5546
2540 25.7237
2550 25.8932
2560 26.0631
2570 26.2335
2580 26.4043
2590 26.5756
2600 26.7473
2610 26.9194
2620 27.092
2630 27.265
2640 27.4385
2650 27.6124
2660 27.7867
2670 27.9615
2680 28.1367
2690 28.3124
2700 28.4885
2710 28.665
2720 28.842
2730 29.0194
2740 29.1972
2750 29.3755
2760 29.5542
2770 29.7333
2780 29.9129
2790 30.0929
2800 30.2734
2810 30.4542
2820 30.6355
2830 30.8173
2840 30.9995
2850 31.1821
2860 31.3651
2870 31.5486
2880 31.7325
2890 31.9168
2900 32.1015
2910 32.2867
2920 32.4723
2930 32.6584
2940 32.8449
2950 33.0318
2960 33.2191
2970 33.4069
2980 33.595
2990 33.7837
