TITLE="Graphics"
VARIABLES= "T", "diff_C7H14O_CH2CO"
300 0.036526
310 0.0391159
320 0.0417881
330 0.0445418
340 0.0473763
350 0.050291
360 0.0532851
370 0.056358
380 0.059509
390 0.0627375
400 0.0660429
410 0.0694244
420 0.0728816
430 0.0764137
440 0.0800201
450 0.0837004
460 0.0874539
470 0.0912801
480 0.0951783
490 0.0991481
500 0.103189
510 0.1073
520 0.111481
530 0.115732
540 0.120051
550 0.124439
560 0.128895
570 0.133419
580 0.138009
590 0.142666
600 0.147389
610 0.152178
620 0.157032
630 0.16195
640 0.166933
650 0.17198
660 0.17709
670 0.182263
680 0.187499
690 0.192798
700 0.198158
710 0.203579
720 0.209062
730 0.214605
740 0.220209
750 0.225873
760 0.231597
770 0.237379
780 0.243221
790 0.249122
800 0.25508
810 0.261097
820 0.267171
830 0.273302
840 0.279491
850 0.285736
860 0.292037
870 0.298394
880 0.304807
890 0.311276
900 0.3178
910 0.324378
920 0.331011
930 0.337698
940 0.34444
950 0.351235
960 0.358083
970 0.364984
980 0.371939
990 0.378946
1000 0.386005
1010 0.393117
1020 0.40028
1030 0.407495
1040 0.414762
1050 0.422079
1060 0.429447
1070 0.436866
1080 0.444336
1090 0.451855
1100 0.459425
1110 0.467044
1120 0.474712
1130 0.48243
1140 0.490197
1150 0.498013
1160 0.505877
1170 0.51379
1180 0.52175
1190 0.529759
1200 0.537816
1210 0.54592
1220 0.554071
1230 0.56227
1240 0.570515
1250 0.578807
1260 0.587146
1270 0.595531
1280 0.603962
1290 0.612439
1300 0.620962
1310 0.629531
1320 0.638145
1330 0.646804
1340 0.655508
1350 0.664257
1360 0.673051
1370 0.681889
1380 0.690772
1390 0.699699
1400 0.70867
1410 0.717685
1420 0.726743
1430 0.735845
1440 0.74499
1450 0.754179
1460 0.76341
1470 0.772685
1480 0.782002
1490 0.791361
1500 0.800763
1510 0.810208
1520 0.819694
1530 0.829222
1540 0.838792
1550 0.848404
1560 0.858057
1570 0.867752
1580 0.877488
1590 0.887264
1600 0.897082
1610 0.906941
1620 0.91684
1630 0.92678
1640 0.93676
1650 0.94678
1660 0.956841
1670 0.966941
1680 0.977081
1690 0.987261
1700 0.997481
1710 1.00774
1720 1.01804
1730 1.02838
1740 1.03875
1750 1.04917
1760 1.05962
1770 1.07011
1780 1.08065
1790 1.09122
1800 1.10182
1810 1.11247
1820 1.12316
1830 1.13388
1840 1.14464
1850 1.15544
1860 1.16627
1870 1.17715
1880 1.18806
1890 1.19901
1900 1.20999
1910 1.22101
1920 1.23207
1930 1.24317
1940 1.2543
1950 1.26547
1960 1.27668
1970 1.28792
1980 1.2992
1990 1.31051
2000 1.32186
2010 1.33325
2020 1.34467
2030 1.35613
2040 1.36763
2050 1.37916
2060 1.39072
2070 1.40232
2080 1.41396
2090 1.42563
2100 1.43734
2110 1.44908
2120 1.46086
2130 1.47267
2140 1.48451
2150 1.4964
2160 1.50831
2170 1.52026
2180 1.53224
2190 1.54426
2200 1.55632
2210 1.5684
2220 1.58052
2230 1.59268
2240 1.60487
2250 1.61709
2260 1.62934
2270 1.64163
2280 1.65396
2290 1.66631
2300 1.6787
2310 1.69113
2320 1.70358
2330 1.71607
2340 1.72859
2350 1.74115
2360 1.75374
2370 1.76636
2380 1.77901
2390 1.7917
2400 1.80441
2410 1.81716
2420 1.82995
2430 1.84276
2440 1.85561
2450 1.86849
2460 1.8814
2470 1.89435
2480 1.90732
2490 1.92033
2500 1.93337
2510 1.94644
2520 1.95954
2530 1.97267
2540 1.98584
2550 1.99904
2560 2.01226
2570 2.02552
2580 2.03881
2590 2.05213
2600 2.06549
2610 2.07887
2620 2.09228
2630 2.10573
2640 2.11921
2650 2.13271
2660 2.14625
2670 2.15982
2680 2.17341
2690 2.18704
2700 2.2007
2710 2.21439
2720 2.22811
2730 2.24186
2740 2.25564
2750 2.26945
2760 2.28329
2770 2.29716
2780 2.31106
2790 2.32499
2800 2.33894
2810 2.35293
2820 2.36695
2830 2.381
2840 2.39507
2850 2.40918
2860 2.42332
2870 2.43748
2880 2.45167
2890 2.4659
2900 2.48015
2910 2.49443
2920 2.50874
2930 2.52308
2940 2.53745
2950 2.55184
2960 2.56627
2970 2.58072
2980 2.5952
2990 2.60972
