TITLE="Graphics"
VARIABLES= "T", "diff_C2H3_H"
300 1.00365
310 1.06805
320 1.13408
330 1.20171
340 1.27091
350 1.34168
360 1.41398
370 1.4878
380 1.56311
390 1.6399
400 1.71815
410 1.79785
420 1.87897
430 1.9615
440 2.04543
450 2.13073
460 2.2174
470 2.30542
480 2.39478
490 2.48546
500 2.57745
510 2.67074
520 2.76531
530 2.86117
540 2.95828
550 3.05665
560 3.15626
570 3.25711
580 3.35917
590 3.46245
600 3.56693
610 3.6726
620 3.77946
630 3.88749
640 3.99669
650 4.10705
660 4.21856
670 4.33122
680 4.445
690 4.55992
700 4.67595
710 4.7931
720 4.91136
730 5.03071
740 5.15116
750 5.27269
760 5.39531
770 5.519
780 5.64375
790 5.76957
800 5.89644
810 6.02436
820 6.15333
830 6.28333
840 6.41437
850 6.54644
860 6.67953
870 6.81364
880 6.94876
890 7.0849
900 7.22203
910 7.36017
920 7.4993
930 7.63942
940 7.78052
950 7.92261
960 8.06568
970 8.20972
980 8.35472
990 8.5007
1000 8.64763
1010 8.79552
1020 8.94437
1030 9.09417
1040 9.24491
1050 9.39659
1060 9.54922
1070 9.70278
1080 9.85727
1090 10.0127
1100 10.169
1110 10.3263
1120 10.4845
1130 10.6436
1140 10.8036
1150 10.9646
1160 11.1264
1170 11.2892
1180 11.4528
1190 11.6173
1200 11.7828
1210 11.9491
1220 12.1163
1230 12.2844
1240 12.4534
1250 12.6233
1260 12.7941
1270 12.9657
1280 13.1382
1290 13.3116
1300 13.4859
1310 13.661
1320 13.837
1330 14.0138
1340 14.1916
1350 14.3701
1360 14.5496
1370 14.7298
1380 14.911
1390 15.093
1400 15.2758
1410 15.4595
1420 15.644
1430 15.8294
1440 16.0156
1450 16.2026
1460 16.3905
1470 16.5792
1480 16.7688
1490 16.9592
1500 17.1504
1510 17.3424
1520 17.5353
1530 17.729
1540 17.9235
1550 18.1188
1560 18.3149
1570 18.5119
1580 18.7097
1590 18.9083
1600 19.1077
1610 19.3079
1620 19.5089
1630 19.7108
1640 19.9134
1650 20.1168
1660 20.3211
1670 20.5261
1680 20.732
1690 20.9386
1700 21.1461
1710 21.3543
1720 21.5633
1730 21.7732
1740 21.9838
1750 22.1952
1760 22.4074
1770 22.6204
1780 22.8342
1790 23.0487
1800 23.2641
1810 23.4802
1820 23.6971
1830 23.9148
1840 24.1332
1850 24.3525
1860 24.5725
1870 24.7933
1880 25.0149
1890 25.2372
1900 25.4603
1910 25.6842
1920 25.9089
1930 26.1343
1940 26.3605
1950 26.5874
1960 26.8152
1970 27.0437
1980 27.2729
1990 27.5029
2000 27.7337
2010 27.9652
2020 28.1975
2030 28.4306
2040 28.6644
2050 28.899
2060 29.1343
2070 29.3704
2080 29.6072
2090 29.8448
2100 30.0832
2110 30.3223
2120 30.5621
2130 30.8027
2140 31.044
2150 31.2861
2160 31.529
2170 31.7725
2180 32.0169
2190 32.2619
2200 32.5078
2210 32.7543
2220 33.0016
2230 33.2496
2240 33.4984
2250 33.7479
2260 33.9982
2270 34.2492
2280 34.5009
2290 34.7534
2300 35.0066
2310 35.2606
2320 35.5152
2330 35.7706
2340 36.0268
2350 36.2837
2360 36.5413
2370 36.7996
2380 37.0587
2390 37.3185
2400 37.579
2410 37.8402
2420 38.1022
2430 38.3649
2440 38.6284
2450 38.8925
2460 39.1574
2470 39.423
2480 39.6893
2490 39.9564
2500 40.2242
2510 40.4927
2520 40.7619
2530 41.0318
2540 41.3025
2550 41.5739
2560 41.846
2570 42.1188
2580 42.3923
2590 42.6666
2600 42.9415
2610 43.2172
2620 43.4936
2630 43.7707
2640 44.0486
2650 44.3271
2660 44.6064
2670 44.8863
2680 45.167
2690 45.4484
2700 45.7305
2710 46.0133
2720 46.2968
2730 46.5811
2740 46.866
2750 47.1517
2760 47.438
2770 47.7251
2780 48.0129
2790 48.3013
2800 48.5905
2810 48.8804
2820 49.171
2830 49.4623
2840 49.7543
2850 50.047
2860 50.3405
2870 50.6346
2880 50.9294
2890 51.2249
2900 51.5211
2910 51.8181
2920 52.1157
2930 52.414
2940 52.713
2950 53.0128
2960 53.3132
2970 53.6143
2980 53.9162
2990 54.2187
