TITLE="Graphics"
VARIABLES= "T", "diff_CH2O_C3H5-A"
300 0.0923087
310 0.0987873
320 0.105463
330 0.112334
340 0.119399
350 0.126654
360 0.134098
370 0.14173
380 0.149546
390 0.157546
400 0.165727
410 0.174089
420 0.182628
430 0.191343
440 0.200233
450 0.209296
460 0.218531
470 0.227935
480 0.237508
490 0.247248
500 0.257153
510 0.267223
520 0.277455
530 0.287848
540 0.298402
550 0.309114
560 0.319983
570 0.331009
580 0.34219
590 0.353525
600 0.365012
610 0.376651
620 0.38844
630 0.400378
640 0.412465
650 0.424699
660 0.437079
670 0.449604
680 0.462273
690 0.475086
700 0.48804
710 0.501136
720 0.514372
730 0.527748
740 0.541262
750 0.554914
760 0.568702
770 0.582627
780 0.596686
790 0.61088
800 0.625207
810 0.639667
820 0.654259
830 0.668982
840 0.683836
850 0.698819
860 0.713931
870 0.729171
880 0.744539
890 0.760034
900 0.775654
910 0.791401
920 0.807272
930 0.823267
940 0.839386
950 0.855628
960 0.871992
970 0.888477
980 0.905084
990 0.921811
1000 0.938658
1010 0.955624
1020 0.97271
1030 0.989913
1040 1.00723
1050 1.02467
1060 1.04223
1070 1.0599
1080 1.07768
1090 1.09558
1100 1.1136
1110 1.13173
1120 1.14997
1130 1.16833
1140 1.18679
1150 1.20537
1160 1.22407
1170 1.24287
1180 1.26178
1190 1.28081
1200 1.29994
1210 1.31918
1220 1.33853
1230 1.35799
1240 1.37756
1250 1.39724
1260 1.41702
1270 1.43691
1280 1.4569
1290 1.47701
1300 1.49721
1310 1.51752
1320 1.53794
1330 1.55846
1340 1.57909
1350 1.59982
1360 1.62065
1370 1.64158
1380 1.66262
1390 1.68376
1400 1.705
1410 1.72635
1420 1.74779
1430 1.76933
1440 1.79098
1450 1.81273
1460 1.83457
1470 1.85651
1480 1.87856
1490 1.9007
1500 1.92294
1510 1.94528
1520 1.96772
1530 1.99025
1540 2.01289
1550 2.03561
1560 2.05844
1570 2.08136
1580 2.10438
1590 2.12749
1600 2.1507
1610 2.17401
1620 2.19741
1630 2.2209
1640 2.24449
1650 2.26817
1660 2.29195
1670 2.31582
1680 2.33978
1690 2.36384
1700 2.38799
1710 2.41223
1720 2.43656
1730 2.46099
1740 2.48551
1750 2.51012
1760 2.53482
1770 2.55961
1780 2.58449
1790 2.60946
1800 2.63453
1810 2.65968
1820 2.68492
1830 2.71026
1840 2.73568
1850 2.76119
1860 2.78679
1870 2.81248
1880 2.83826
1890 2.86412
1900 2.89008
1910 2.91612
1920 2.94225
1930 2.96847
1940 2.99477
1950 3.02116
1960 3.04764
1970 3.0742
1980 3.10086
1990 3.12759
2000 3.15442
2010 3.18133
2020 3.20832
2030 3.2354
2040 3.26257
2050 3.28982
2060 3.31715
2070 3.34457
2080 3.37208
2090 3.39966
2100 3.42734
2110 3.45509
2120 3.48293
2130 3.51086
2140 3.53887
2150 3.56696
2160 3.59513
2170 3.62339
2180 3.65173
2190 3.68015
2200 3.70865
2210 3.73724
2220 3.76591
2230 3.79466
2240 3.82349
2250 3.8524
2260 3.8814
2270 3.91047
2280 3.93963
2290 3.96887
2300 3.99819
2310 4.02759
2320 4.05707
2330 4.08663
2340 4.11627
2350 4.14599
2360 4.17579
2370 4.20567
2380 4.23562
2390 4.26566
2400 4.29578
2410 4.32598
2420 4.35625
2430 4.38661
2440 4.41704
2450 4.44755
2460 4.47814
2470 4.50881
2480 4.53955
2490 4.57038
2500 4.60128
2510 4.63226
2520 4.66332
2530 4.69445
2540 4.72566
2550 4.75695
2560 4.78832
2570 4.81976
2580 4.85128
2590 4.88288
2600 4.91455
2610 4.9463
2620 4.97812
2630 5.01002
2640 5.042
2650 5.07405
2660 5.10618
2670 5.13839
2680 5.17067
2690 5.20302
2700 5.23545
2710 5.26796
2720 5.30054
2730 5.33319
2740 5.36592
2750 5.39873
2760 5.43161
2770 5.46456
2780 5.49759
2790 5.53069
2800 5.56387
2810 5.59712
2820 5.63045
2830 5.66384
2840 5.69732
2850 5.73086
2860 5.76448
2870 5.79817
2880 5.83194
2890 5.86578
2900 5.89969
2910 5.93367
2920 5.96773
2930 6.00186
2940 6.03606
2950 6.07034
2960 6.10468
2970 6.1391
2980 6.17359
2990 6.20816
