TITLE="Graphics"
VARIABLES= "T", "diff_NC7H16_CH2CHO"
300 0.0383092
310 0.0410194
320 0.0438146
330 0.046694
340 0.0496569
350 0.0527024
360 0.0558299
370 0.0590385
380 0.0623276
390 0.0656964
400 0.0691442
410 0.0726704
420 0.0762742
430 0.0799551
440 0.0837123
450 0.0875452
460 0.0914531
470 0.0954356
480 0.0994919
490 0.103621
500 0.107824
510 0.112098
520 0.116444
530 0.120861
540 0.125349
550 0.129906
560 0.134533
570 0.139229
580 0.143993
590 0.148825
600 0.153725
610 0.158691
620 0.163724
630 0.168823
640 0.173988
650 0.179218
660 0.184512
670 0.189871
680 0.195294
690 0.20078
700 0.206329
710 0.211941
720 0.217615
730 0.223351
740 0.229148
750 0.235007
760 0.240926
770 0.246905
780 0.252945
790 0.259044
800 0.265202
810 0.27142
820 0.277696
830 0.28403
840 0.290422
850 0.296872
860 0.303379
870 0.309943
880 0.316564
890 0.323241
900 0.329975
910 0.336764
920 0.343608
930 0.350508
940 0.357462
950 0.364471
960 0.371535
970 0.378652
980 0.385824
990 0.393049
1000 0.400327
1010 0.407658
1020 0.415042
1030 0.422478
1040 0.429967
1050 0.437507
1060 0.445099
1070 0.452743
1080 0.460438
1090 0.468184
1100 0.475981
1110 0.483829
1120 0.491726
1130 0.499674
1140 0.507672
1150 0.515719
1160 0.523816
1170 0.531962
1180 0.540157
1190 0.548401
1200 0.556694
1210 0.565035
1220 0.573424
1230 0.581861
1240 0.590346
1250 0.598878
1260 0.607458
1270 0.616085
1280 0.624759
1290 0.63348
1300 0.642248
1310 0.651062
1320 0.659922
1330 0.668829
1340 0.677781
1350 0.686779
1360 0.695823
1370 0.704912
1380 0.714047
1390 0.723226
1400 0.73245
1410 0.741719
1420 0.751033
1430 0.760391
1440 0.769793
1450 0.779239
1460 0.78873
1470 0.798264
1480 0.807841
1490 0.817462
1500 0.827127
1510 0.836834
1520 0.846585
1530 0.856378
1540 0.866214
1550 0.876093
1560 0.886014
1570 0.895977
1580 0.905983
1590 0.91603
1600 0.92612
1610 0.936251
1620 0.946423
1630 0.956637
1640 0.966893
1650 0.977189
1660 0.987527
1670 0.997906
1680 1.00833
1690 1.01879
1700 1.02929
1710 1.03983
1720 1.05041
1730 1.06103
1740 1.07169
1750 1.08239
1760 1.09313
1770 1.10391
1780 1.11474
1790 1.12559
1800 1.13649
1810 1.14743
1820 1.15841
1830 1.16943
1840 1.18048
1850 1.19158
1860 1.20271
1870 1.21388
1880 1.22509
1890 1.23634
1900 1.24762
1910 1.25895
1920 1.27031
1930 1.28171
1940 1.29315
1950 1.30463
1960 1.31614
1970 1.32769
1980 1.33928
1990 1.3509
2000 1.36257
2010 1.37427
2020 1.386
2030 1.39778
2040 1.40959
2050 1.42143
2060 1.43332
2070 1.44524
2080 1.4572
2090 1.46919
2100 1.48122
2110 1.49328
2120 1.50538
2130 1.51752
2140 1.52969
2150 1.5419
2160 1.55415
2170 1.56643
2180 1.57874
2190 1.5911
2200 1.60348
2210 1.6159
2220 1.62836
2230 1.64085
2240 1.65338
2250 1.66594
2260 1.67854
2270 1.69117
2280 1.70384
2290 1.71654
2300 1.72927
2310 1.74204
2320 1.75484
2330 1.76768
2340 1.78056
2350 1.79346
2360 1.8064
2370 1.81938
2380 1.83239
2390 1.84543
2400 1.8585
2410 1.87161
2420 1.88476
2430 1.89793
2440 1.91114
2450 1.92439
2460 1.93766
2470 1.95097
2480 1.96432
2490 1.97769
2500 1.9911
2510 2.00454
2520 2.01802
2530 2.03153
2540 2.04507
2550 2.05864
2560 2.07224
2570 2.08588
2580 2.09955
2590 2.11326
2600 2.12699
2610 2.14076
2620 2.15456
2630 2.16839
2640 2.18225
2650 2.19615
2660 2.21008
2670 2.22404
2680 2.23803
2690 2.25205
2700 2.26611
2710 2.28019
2720 2.29431
2730 2.30846
2740 2.32264
2750 2.33685
2760 2.3511
2770 2.36537
2780 2.37968
2790 2.39401
2800 2.40838
2810 2.42278
2820 2.43721
2830 2.45167
2840 2.46616
2850 2.48068
2860 2.49524
2870 2.50982
2880 2.52443
2890 2.53908
2900 2.55376
2910 2.56846
2920 2.5832
2930 2.59796
2940 2.61276
2950 2.62759
2960 2.64244
2970 2.65733
2980 2.67225
2990 2.6872
