TITLE="Graphics"
VARIABLES= "T", "diff_CO_C2H5O2"
300 0.111402
310 0.118645
320 0.126075
330 0.133689
340 0.141485
350 0.14946
360 0.157611
370 0.165937
380 0.174435
390 0.183103
400 0.191939
410 0.20094
420 0.210106
430 0.219434
440 0.228922
450 0.238568
460 0.248372
470 0.25833
480 0.268442
490 0.278707
500 0.289122
510 0.299686
520 0.310398
530 0.321256
540 0.332259
550 0.343407
560 0.354697
570 0.366128
580 0.3777
590 0.38941
600 0.401259
610 0.413245
620 0.425366
630 0.437622
640 0.450013
650 0.462536
660 0.475191
670 0.487977
680 0.500893
690 0.513939
700 0.527113
710 0.540414
720 0.553842
730 0.567397
740 0.581076
750 0.59488
760 0.608807
770 0.622858
780 0.63703
790 0.651324
800 0.665739
810 0.680275
820 0.694929
830 0.709703
840 0.724595
850 0.739605
860 0.754731
870 0.769975
880 0.785334
890 0.800808
900 0.816398
910 0.832101
920 0.847918
930 0.863849
940 0.879892
950 0.896047
960 0.912315
970 0.928693
980 0.945182
990 0.961781
1000 0.978491
1010 0.995309
1020 1.01224
1030 1.02927
1040 1.04642
1050 1.06367
1060 1.08103
1070 1.09849
1080 1.11607
1090 1.13374
1100 1.15153
1110 1.16942
1120 1.18741
1130 1.20551
1140 1.22371
1150 1.24202
1160 1.26043
1170 1.27895
1180 1.29756
1190 1.31628
1200 1.3351
1210 1.35403
1220 1.37305
1230 1.39218
1240 1.4114
1250 1.43073
1260 1.45016
1270 1.46969
1280 1.48931
1290 1.50904
1300 1.52887
1310 1.54879
1320 1.56882
1330 1.58894
1340 1.60916
1350 1.62948
1360 1.64989
1370 1.67041
1380 1.69102
1390 1.71172
1400 1.73253
1410 1.75343
1420 1.77442
1430 1.79552
1440 1.8167
1450 1.83799
1460 1.85937
1470 1.88084
1480 1.90241
1490 1.92407
1500 1.94583
1510 1.96768
1520 1.98962
1530 2.01166
1540 2.03379
1550 2.05602
1560 2.07834
1570 2.10075
1580 2.12326
1590 2.14585
1600 2.16854
1610 2.19133
1620 2.2142
1630 2.23717
1640 2.26022
1650 2.28337
1660 2.30661
1670 2.32994
1680 2.35337
1690 2.37688
1700 2.40048
1710 2.42418
1720 2.44796
1730 2.47184
1740 2.4958
1750 2.51986
1760 2.544
1770 2.56823
1780 2.59256
1790 2.61697
1800 2.64147
1810 2.66606
1820 2.69074
1830 2.71551
1840 2.74037
1850 2.76531
1860 2.79035
1870 2.81547
1880 2.84068
1890 2.86597
1900 2.89136
1910 2.91683
1920 2.94239
1930 2.96804
1940 2.99378
1950 3.0196
1960 3.04551
1970 3.0715
1980 3.09758
1990 3.12375
2000 3.15001
2010 3.17635
2020 3.20278
2030 3.22929
2040 3.25589
2050 3.28258
2060 3.30935
2070 3.33621
2080 3.36315
2090 3.39018
2100 3.4173
2110 3.4445
2120 3.47178
2130 3.49915
2140 3.52661
2150 3.55415
2160 3.58177
2170 3.60948
2180 3.63727
2190 3.66515
2200 3.69312
2210 3.72116
2220 3.74929
2230 3.77751
2240 3.80581
2250 3.83419
2260 3.86266
2270 3.89121
2280 3.91985
2290 3.94856
2300 3.97737
2310 4.00625
2320 4.03522
2330 4.06427
2340 4.09341
2350 4.12262
2360 4.15192
2370 4.18131
2380 4.21077
2390 4.24032
2400 4.26996
2410 4.29967
2420 4.32947
2430 4.35935
2440 4.38931
2450 4.41935
2460 4.44948
2470 4.47969
2480 4.50998
2490 4.54035
2500 4.57081
2510 4.60134
2520 4.63196
2530 4.66266
2540 4.69344
2550 4.72431
2560 4.75525
2570 4.78628
2580 4.81739
2590 4.84858
2600 4.87985
2610 4.9112
2620 4.94263
2630 4.97414
2640 5.00574
2650 5.03741
2660 5.06917
2670 5.10101
2680 5.13293
2690 5.16493
2700 5.19701
2710 5.22917
2720 5.26141
2730 5.29373
2740 5.32613
2750 5.35861
2760 5.39117
2770 5.42381
2780 5.45654
2790 5.48934
2800 5.52222
2810 5.55518
2820 5.58823
2830 5.62135
2840 5.65455
2850 5.68783
2860 5.7212
2870 5.75464
2880 5.78816
2890 5.82176
2900 5.85544
2910 5.8892
2920 5.92304
2930 5.95696
2940 5.99096
2950 6.02504
2960 6.05919
2970 6.09343
2980 6.12774
2990 6.16214
