TITLE="Graphics"
VARIABLES= "T", "diff_NC3H7_C2H5"
300 0.081149
310 0.086612
320 0.0922254
330 0.0979872
340 0.103895
350 0.109948
360 0.116143
370 0.122478
380 0.128953
390 0.135564
400 0.142312
410 0.149193
420 0.156207
430 0.163351
440 0.170626
450 0.178028
460 0.185557
470 0.193212
480 0.200991
490 0.208892
500 0.216916
510 0.22506
520 0.233324
530 0.241705
540 0.250205
550 0.25882
560 0.267551
570 0.276396
580 0.285354
590 0.294424
600 0.303606
610 0.312899
620 0.322301
630 0.331812
640 0.341431
650 0.351157
660 0.36099
670 0.370928
680 0.380972
690 0.391119
700 0.40137
710 0.411723
720 0.422179
730 0.432736
740 0.443394
750 0.454152
760 0.465009
770 0.475966
780 0.48702
790 0.498172
800 0.509422
810 0.520768
820 0.53221
830 0.543747
840 0.55538
850 0.567107
860 0.578928
870 0.590842
880 0.602849
890 0.614949
900 0.62714
910 0.639423
920 0.651798
930 0.664263
940 0.676818
950 0.689463
960 0.702197
970 0.71502
980 0.727932
990 0.740932
1000 0.754019
1010 0.767194
1020 0.780456
1030 0.793805
1040 0.80724
1050 0.820761
1060 0.834367
1070 0.848059
1080 0.861835
1090 0.875696
1100 0.889641
1110 0.90367
1120 0.917783
1130 0.931979
1140 0.946257
1150 0.960619
1160 0.975063
1170 0.989588
1180 1.0042
1190 1.01888
1200 1.03366
1210 1.04851
1220 1.06344
1230 1.07845
1240 1.09354
1250 1.10871
1260 1.12397
1270 1.1393
1280 1.15471
1290 1.1702
1300 1.18576
1310 1.20141
1320 1.21713
1330 1.23293
1340 1.24881
1350 1.26477
1360 1.2808
1370 1.29692
1380 1.3131
1390 1.32937
1400 1.34571
1410 1.36213
1420 1.37862
1430 1.39519
1440 1.41183
1450 1.42855
1460 1.44534
1470 1.46221
1480 1.47916
1490 1.49618
1500 1.51327
1510 1.53044
1520 1.54768
1530 1.56499
1540 1.58238
1550 1.59984
1560 1.61738
1570 1.63499
1580 1.65267
1590 1.67042
1600 1.68825
1610 1.70615
1620 1.72412
1630 1.74217
1640 1.76028
1650 1.77847
1660 1.79673
1670 1.81506
1680 1.83347
1690 1.85194
1700 1.87048
1710 1.8891
1720 1.90779
1730 1.92655
1740 1.94537
1750 1.96427
1760 1.98324
1770 2.00228
1780 2.02139
1790 2.04057
1800 2.05982
1810 2.07913
1820 2.09852
1830 2.11798
1840 2.13751
1850 2.1571
1860 2.17677
1870 2.1965
1880 2.2163
1890 2.23617
1900 2.25611
1910 2.27612
1920 2.2962
1930 2.31634
1940 2.33655
1950 2.35683
1960 2.37718
1970 2.3976
1980 2.41808
1990 2.43863
2000 2.45925
2010 2.47994
2020 2.50069
2030 2.52151
2040 2.5424
2050 2.56335
2060 2.58437
2070 2.60546
2080 2.62661
2090 2.64783
2100 2.66912
2110 2.69048
2120 2.7119
2130 2.73338
2140 2.75493
2150 2.77655
2160 2.79824
2170 2.81999
2180 2.8418
2190 2.86368
2200 2.88563
2210 2.90764
2220 2.92972
2230 2.95186
2240 2.97407
2250 2.99634
2260 3.01868
2270 3.04109
2280 3.06355
2290 3.08609
2300 3.10869
2310 3.13135
2320 3.15408
2330 3.17687
2340 3.19972
2350 3.22264
2360 3.24563
2370 3.26868
2380 3.29179
2390 3.31497
2400 3.33821
2410 3.36151
2420 3.38488
2430 3.40831
2440 3.43181
2450 3.45537
2460 3.47899
2470 3.50268
2480 3.52643
2490 3.55025
2500 3.57412
2510 3.59806
2520 3.62207
2530 3.64613
2540 3.67026
2550 3.69446
2560 3.71871
2570 3.74303
2580 3.76741
2590 3.79186
2600 3.81636
2610 3.84093
2620 3.86556
2630 3.89026
2640 3.91502
2650 3.93984
2660 3.96472
2670 3.98966
2680 4.01467
2690 4.03974
2700 4.06487
2710 4.09006
2720 4.11532
2730 4.14063
2740 4.16601
2750 4.19145
2760 4.21695
2770 4.24252
2780 4.26814
2790 4.29383
2800 4.31958
2810 4.34539
2820 4.37126
2830 4.3972
2840 4.42319
2850 4.44925
2860 4.47537
2870 4.50154
2880 4.52778
2890 4.55409
2900 4.58045
2910 4.60687
2920 4.63336
2930 4.6599
2940 4.68651
2950 4.71318
2960 4.7399
2970 4.76669
2980 4.79354
2990 4.82045
