TITLE="Graphics"
VARIABLES= "T", "diff_NC7KET_C2H2"
300 0.0479507
310 0.0513134
320 0.0547782
330 0.058344
340 0.0620097
350 0.0657743
360 0.0696368
370 0.073596
380 0.0776511
390 0.081801
400 0.0860447
410 0.0903815
420 0.0948103
430 0.0993302
440 0.103941
450 0.10864
460 0.113429
470 0.118305
480 0.123268
490 0.128318
500 0.133453
510 0.138673
520 0.143977
530 0.149365
540 0.154835
550 0.160387
560 0.166021
570 0.171735
580 0.177529
590 0.183403
600 0.189356
610 0.195387
620 0.201496
630 0.207682
640 0.213944
650 0.220283
660 0.226697
670 0.233186
680 0.239749
690 0.246387
700 0.253098
710 0.259881
720 0.266738
730 0.273666
740 0.280666
750 0.287737
760 0.294878
770 0.30209
780 0.309372
790 0.316723
800 0.324143
810 0.331631
820 0.339188
830 0.346813
840 0.354504
850 0.362263
860 0.370088
870 0.37798
880 0.385937
890 0.39396
900 0.402048
910 0.410201
920 0.418419
930 0.4267
940 0.435046
950 0.443455
960 0.451927
970 0.460462
980 0.469059
990 0.477719
1000 0.48644
1010 0.495223
1020 0.504068
1030 0.512973
1040 0.52194
1050 0.530967
1060 0.540054
1070 0.5492
1080 0.558407
1090 0.567673
1100 0.576998
1110 0.586382
1120 0.595825
1130 0.605326
1140 0.614885
1150 0.624502
1160 0.634176
1170 0.643908
1180 0.653697
1190 0.663543
1200 0.673446
1210 0.683405
1220 0.693421
1230 0.703492
1240 0.71362
1250 0.723802
1260 0.734041
1270 0.744334
1280 0.754682
1290 0.765085
1300 0.775543
1310 0.786055
1320 0.796621
1330 0.807241
1340 0.817915
1350 0.828642
1360 0.839422
1370 0.850256
1380 0.861143
1390 0.872083
1400 0.883075
1410 0.89412
1420 0.905217
1430 0.916366
1440 0.927567
1450 0.93882
1460 0.950124
1470 0.96148
1480 0.972887
1490 0.984345
1500 0.995854
1510 1.00741
1520 1.01902
1530 1.03069
1540 1.0424
1550 1.05416
1560 1.06597
1570 1.07783
1580 1.08974
1590 1.1017
1600 1.11371
1610 1.12577
1620 1.13788
1630 1.15004
1640 1.16224
1650 1.1745
1660 1.1868
1670 1.19915
1680 1.21155
1690 1.224
1700 1.23649
1710 1.24904
1720 1.26163
1730 1.27427
1740 1.28695
1750 1.29969
1760 1.31247
1770 1.3253
1780 1.33817
1790 1.3511
1800 1.36406
1810 1.37708
1820 1.39014
1830 1.40325
1840 1.4164
1850 1.42961
1860 1.44285
1870 1.45614
1880 1.46948
1890 1.48287
1900 1.4963
1910 1.50977
1920 1.52329
1930 1.53686
1940 1.55047
1950 1.56413
1960 1.57783
1970 1.59157
1980 1.60536
1990 1.6192
2000 1.63308
2010 1.647
2020 1.66097
2030 1.67499
2040 1.68904
2050 1.70314
2060 1.71729
2070 1.73148
2080 1.74571
2090 1.75999
2100 1.77431
2110 1.78867
2120 1.80307
2130 1.81752
2140 1.83202
2150 1.84655
2160 1.86113
2170 1.87576
2180 1.89042
2190 1.90513
2200 1.91988
2210 1.93467
2220 1.94951
2230 1.96438
2240 1.9793
2250 1.99427
2260 2.00927
2270 2.02432
2280 2.03941
2290 2.05454
2300 2.06971
2310 2.08492
2320 2.10018
2330 2.11548
2340 2.13082
2350 2.1462
2360 2.16162
2370 2.17708
2380 2.19258
2390 2.20813
2400 2.22372
2410 2.23934
2420 2.25501
2430 2.27072
2440 2.28647
2450 2.30226
2460 2.31809
2470 2.33396
2480 2.34988
2490 2.36583
2500 2.38182
2510 2.39785
2520 2.41393
2530 2.43004
2540 2.44619
2550 2.46239
2560 2.47862
2570 2.4949
2580 2.51121
2590 2.52756
2600 2.54395
2610 2.56039
2620 2.57686
2630 2.59337
2640 2.60992
2650 2.62651
2660 2.64314
2670 2.65981
2680 2.67651
2690 2.69326
2700 2.71005
2710 2.72687
2720 2.74374
2730 2.76064
2740 2.77758
2750 2.79456
2760 2.81158
2770 2.82864
2780 2.84573
2790 2.86287
2800 2.88004
2810 2.89725
2820 2.9145
2830 2.93179
2840 2.94911
2850 2.96648
2860 2.98388
2870 3.00132
2880 3.0188
2890 3.03632
2900 3.05387
2910 3.07146
2920 3.08909
2930 3.10676
2940 3.12447
2950 3.14221
2960 3.15999
2970 3.17781
2980 3.19566
2990 3.21356
