TITLE="Graphics"
VARIABLES= "T", "diff_C3H5-A_O"
300 0.216675
310 0.230183
320 0.244017
330 0.258172
340 0.272644
350 0.287428
360 0.302521
370 0.317917
380 0.333614
390 0.349608
400 0.365896
410 0.382473
420 0.399336
430 0.416484
440 0.433911
450 0.451616
460 0.469596
470 0.487848
480 0.506369
490 0.525157
500 0.544209
510 0.563522
520 0.583096
530 0.602926
540 0.623012
550 0.643351
560 0.66394
570 0.684779
580 0.705864
590 0.727194
600 0.748768
610 0.770583
620 0.792638
630 0.814931
640 0.83746
650 0.860224
660 0.883221
670 0.906449
680 0.929908
690 0.953596
700 0.97751
710 1.00165
720 1.02602
730 1.0506
740 1.07542
750 1.10045
760 1.1257
770 1.15117
780 1.17685
790 1.20275
800 1.22887
810 1.2552
820 1.28174
830 1.3085
840 1.33546
850 1.36264
860 1.39002
870 1.41761
880 1.44541
890 1.47341
900 1.50161
910 1.53003
920 1.55864
930 1.58746
940 1.61647
950 1.64569
960 1.67511
970 1.70472
980 1.73454
990 1.76455
1000 1.79476
1010 1.82516
1020 1.85576
1030 1.88655
1040 1.91754
1050 1.94872
1060 1.98009
1070 2.01165
1080 2.0434
1090 2.07535
1100 2.10748
1110 2.1398
1120 2.17231
1130 2.20501
1140 2.23789
1150 2.27097
1160 2.30422
1170 2.33767
1180 2.37129
1190 2.40511
1200 2.4391
1210 2.47328
1220 2.50764
1230 2.54218
1240 2.57691
1250 2.61182
1260 2.6469
1270 2.68217
1280 2.71761
1290 2.75324
1300 2.78904
1310 2.82503
1320 2.86119
1330 2.89752
1340 2.93404
1350 2.97073
1360 3.00759
1370 3.04464
1380 3.08185
1390 3.11924
1400 3.15681
1410 3.19455
1420 3.23246
1430 3.27055
1440 3.30881
1450 3.34724
1460 3.38584
1470 3.42462
1480 3.46357
1490 3.50268
1500 3.54197
1510 3.58143
1520 3.62106
1530 3.66085
1540 3.70082
1550 3.74095
1560 3.78126
1570 3.82173
1580 3.86237
1590 3.90317
1600 3.94415
1610 3.98529
1620 4.0266
1630 4.06807
1640 4.10971
1650 4.15151
1660 4.19348
1670 4.23562
1680 4.27792
1690 4.32038
1700 4.36301
1710 4.40581
1720 4.44876
1730 4.49188
1740 4.53516
1750 4.57861
1760 4.62222
1770 4.66599
1780 4.70992
1790 4.75401
1800 4.79827
1810 4.84269
1820 4.88726
1830 4.932
1840 4.9769
1850 5.02196
1860 5.06718
1870 5.11256
1880 5.1581
1890 5.2038
1900 5.24966
1910 5.29567
1920 5.34185
1930 5.38818
1940 5.43468
1950 5.48133
1960 5.52814
1970 5.5751
1980 5.62222
1990 5.66951
2000 5.71694
2010 5.76454
2020 5.81229
2030 5.8602
2040 5.90826
2050 5.95648
2060 6.00486
2070 6.05339
2080 6.10207
2090 6.15092
2100 6.19991
2110 6.24907
2120 6.29837
2130 6.34784
2140 6.39745
2150 6.44722
2160 6.49715
2170 6.54722
2180 6.59746
2190 6.64784
2200 6.69838
2210 6.74907
2220 6.79992
2230 6.85092
2240 6.90207
2250 6.95337
2260 7.00483
2270 7.05644
2280 7.1082
2290 7.16011
2300 7.21217
2310 7.26439
2320 7.31675
2330 7.36927
2340 7.42194
2350 7.47476
2360 7.52774
2370 7.58086
2380 7.63413
2390 7.68756
2400 7.74113
2410 7.79485
2420 7.84873
2430 7.90275
2440 7.95693
2450 8.01125
2460 8.06572
2470 8.12035
2480 8.17512
2490 8.23004
2500 8.28511
2510 8.34033
2520 8.3957
2530 8.45122
2540 8.50688
2550 8.56269
2560 8.61866
2570 8.67477
2580 8.73103
2590 8.78743
2600 8.84399
2610 8.90069
2620 8.95754
2630 9.01453
2640 9.07168
2650 9.12897
2660 9.18641
2670 9.244
2680 9.30173
2690 9.35961
2700 9.41764
2710 9.47581
2720 9.53413
2730 9.59259
2740 9.65121
2750 9.70997
2760 9.76887
2770 9.82792
2780 9.88712
2790 9.94646
2800 10.0059
2810 10.0656
2820 10.1254
2830 10.1853
2840 10.2454
2850 10.3056
2860 10.3659
2870 10.4264
2880 10.4871
2890 10.5479
2900 10.6088
2910 10.6699
2920 10.7311
2930 10.7925
2940 10.854
2950 10.9157
2960 10.9775
2970 11.0395
2980 11.1016
2990 11.1638
