TITLE="Graphics"
VARIABLES= "T", "diff_H2_C7H14"
300 0.327467
310 0.347415
320 0.367828
330 0.388701
340 0.410027
350 0.4318
360 0.454014
370 0.476663
380 0.499744
390 0.523249
400 0.547175
410 0.571517
420 0.59627
430 0.62143
440 0.646992
450 0.672954
460 0.69931
470 0.726057
480 0.753191
490 0.780709
500 0.808608
510 0.836884
520 0.865533
530 0.894553
540 0.923941
550 0.953694
560 0.983808
570 1.01428
580 1.04511
590 1.0763
600 1.10783
610 1.13971
620 1.17194
630 1.20452
640 1.23744
650 1.27069
660 1.30428
670 1.33821
680 1.37247
690 1.40707
700 1.44199
710 1.47724
720 1.51281
730 1.54871
740 1.58493
750 1.62147
760 1.65832
770 1.6955
780 1.73299
790 1.77079
800 1.80891
810 1.84733
820 1.88606
830 1.9251
840 1.96445
850 2.0041
860 2.04405
870 2.08431
880 2.12486
890 2.16572
900 2.20687
910 2.24832
920 2.29006
930 2.3321
940 2.37443
950 2.41705
960 2.45997
970 2.50317
980 2.54666
990 2.59043
1000 2.6345
1010 2.67885
1020 2.72348
1030 2.76839
1040 2.81359
1050 2.85907
1060 2.90483
1070 2.95086
1080 2.99718
1090 3.04377
1100 3.09064
1110 3.13778
1120 3.1852
1130 3.23289
1140 3.28086
1150 3.3291
1160 3.3776
1170 3.42638
1180 3.47543
1190 3.52475
1200 3.57433
1210 3.62419
1220 3.6743
1230 3.72469
1240 3.77534
1250 3.82625
1260 3.87743
1270 3.92887
1280 3.98057
1290 4.03253
1300 4.08476
1310 4.13724
1320 4.18999
1330 4.24299
1340 4.29625
1350 4.34977
1360 4.40354
1370 4.45758
1380 4.51186
1390 4.56641
1400 4.6212
1410 4.67625
1420 4.73156
1430 4.78712
1440 4.84293
1450 4.89899
1460 4.9553
1470 5.01186
1480 5.06868
1490 5.12574
1500 5.18305
1510 5.24061
1520 5.29842
1530 5.35648
1540 5.41478
1550 5.47333
1560 5.53213
1570 5.59117
1580 5.65046
1590 5.70999
1600 5.76976
1610 5.82978
1620 5.89005
1630 5.95055
1640 6.0113
1650 6.07229
1660 6.13352
1670 6.195
1680 6.25671
1690 6.31866
1700 6.38086
1710 6.44329
1720 6.50596
1730 6.56888
1740 6.63203
1750 6.69541
1760 6.75904
1770 6.8229
1780 6.887
1790 6.95133
1800 7.01591
1810 7.08071
1820 7.14576
1830 7.21103
1840 7.27654
1850 7.34229
1860 7.40827
1870 7.47448
1880 7.54093
1890 7.60761
1900 7.67452
1910 7.74167
1920 7.80905
1930 7.87665
1940 7.94449
1950 8.01256
1960 8.08086
1970 8.1494
1980 8.21816
1990 8.28715
2000 8.35637
2010 8.42582
2020 8.4955
2030 8.5654
2040 8.63554
2050 8.7059
2060 8.77649
2070 8.84731
2080 8.91836
2090 8.98963
2100 9.06113
2110 9.13285
2120 9.2048
2130 9.27698
2140 9.34938
2150 9.42201
2160 9.49486
2170 9.56794
2180 9.64124
2190 9.71477
2200 9.78852
2210 9.86249
2220 9.93669
2230 10.0111
2240 10.0857
2250 10.1606
2260 10.2357
2270 10.311
2280 10.3865
2290 10.4623
2300 10.5383
2310 10.6145
2320 10.6909
2330 10.7675
2340 10.8444
2350 10.9215
2360 10.9988
2370 11.0763
2380 11.154
2390 11.232
2400 11.3102
2410 11.3886
2420 11.4672
2430 11.546
2440 11.6251
2450 11.7044
2460 11.7838
2470 11.8636
2480 11.9435
2490 12.0236
2500 12.104
2510 12.1846
2520 12.2654
2530 12.3464
2540 12.4276
2550 12.5091
2560 12.5907
2570 12.6726
2580 12.7547
2590 12.837
2600 12.9195
2610 13.0023
2620 13.0852
2630 13.1684
2640 13.2518
2650 13.3354
2660 13.4192
2670 13.5032
2680 13.5875
2690 13.6719
2700 13.7566
2710 13.8415
2720 13.9266
2730 14.0119
2740 14.0974
2750 14.1832
2760 14.2691
2770 14.3553
2780 14.4417
2790 14.5283
2800 14.6151
2810 14.7021
2820 14.7893
2830 14.8767
2840 14.9644
2850 15.0522
2860 15.1403
2870 15.2286
2880 15.3171
2890 15.4058
2900 15.4947
2910 15.5838
2920 15.6732
2930 15.7627
2940 15.8525
2950 15.9425
2960 16.0326
2970 16.123
2980 16.2136
2990 16.3044
