TITLE="Graphics"
VARIABLES= "T", "diff_CH2O_C2H6"
300 0.102397
310 0.109503
320 0.116818
330 0.124341
340 0.132068
350 0.139997
360 0.148125
370 0.156452
380 0.164973
390 0.173688
400 0.182594
410 0.191689
420 0.200971
430 0.210438
440 0.220088
450 0.22992
460 0.239932
470 0.250121
480 0.260487
490 0.271027
500 0.28174
510 0.292625
520 0.303679
530 0.314902
540 0.326292
550 0.337848
560 0.349567
570 0.36145
580 0.373494
590 0.385698
600 0.39806
610 0.410581
620 0.423258
630 0.436091
640 0.449077
650 0.462216
660 0.475508
670 0.48895
680 0.502542
690 0.516282
700 0.530171
710 0.544206
720 0.558386
730 0.572712
740 0.587181
750 0.601793
760 0.616547
770 0.631443
780 0.646478
790 0.661653
800 0.676966
810 0.692417
820 0.708005
830 0.723729
840 0.739589
850 0.755583
860 0.77171
870 0.787971
880 0.804365
890 0.820889
900 0.837545
910 0.854331
920 0.871247
930 0.888292
940 0.905465
950 0.922765
960 0.940193
970 0.957747
980 0.975426
990 0.993231
1000 1.01116
1010 1.02921
1020 1.04739
1030 1.06569
1040 1.08411
1050 1.10266
1060 1.12132
1070 1.14011
1080 1.15901
1090 1.17804
1100 1.19718
1110 1.21644
1120 1.23582
1130 1.25532
1140 1.27494
1150 1.29467
1160 1.31452
1170 1.33448
1180 1.35456
1190 1.37476
1200 1.39506
1210 1.41549
1220 1.43602
1230 1.45667
1240 1.47743
1250 1.49831
1260 1.5193
1270 1.54039
1280 1.5616
1290 1.58292
1300 1.60435
1310 1.62589
1320 1.64754
1330 1.6693
1340 1.69116
1350 1.71314
1360 1.73522
1370 1.75741
1380 1.77971
1390 1.80212
1400 1.82463
1410 1.84725
1420 1.86997
1430 1.8928
1440 1.91574
1450 1.93878
1460 1.96192
1470 1.98517
1480 2.00852
1490 2.03198
1500 2.05554
1510 2.07921
1520 2.10297
1530 2.12684
1540 2.15081
1550 2.17489
1560 2.19906
1570 2.22334
1580 2.24772
1590 2.2722
1600 2.29677
1610 2.32145
1620 2.34623
1630 2.37111
1640 2.39609
1650 2.42117
1660 2.44635
1670 2.47162
1680 2.497
1690 2.52247
1700 2.54804
1710 2.57371
1720 2.59948
1730 2.62534
1740 2.6513
1750 2.67736
1760 2.70351
1770 2.72976
1780 2.75611
1790 2.78255
1800 2.80909
1810 2.83573
1820 2.86246
1830 2.88928
1840 2.9162
1850 2.94321
1860 2.97032
1870 2.99752
1880 3.02482
1890 3.05221
1900 3.0797
1910 3.10727
1920 3.13494
1930 3.16271
1940 3.19056
1950 3.21851
1960 3.24656
1970 3.27469
1980 3.30292
1990 3.33123
2000 3.35964
2010 3.38814
2020 3.41674
2030 3.44542
2040 3.4742
2050 3.50306
2060 3.53202
2070 3.56106
2080 3.5902
2090 3.61943
2100 3.64875
2110 3.67815
2120 3.70765
2130 3.73724
2140 3.76691
2150 3.79668
2160 3.82653
2170 3.85647
2180 3.8865
2190 3.91662
2200 3.94683
2210 3.97713
2220 4.00751
2230 4.03798
2240 4.06854
2250 4.09919
2260 4.12993
2270 4.16075
2280 4.19166
2290 4.22266
2300 4.25374
2310 4.28491
2320 4.31617
2330 4.34751
2340 4.37894
2350 4.41046
2360 4.44206
2370 4.47375
2380 4.50552
2390 4.53738
2400 4.56933
2410 4.60136
2420 4.63347
2430 4.66568
2440 4.69796
2450 4.73033
2460 4.76279
2470 4.79533
2480 4.82795
2490 4.86066
2500 4.89346
2510 4.92634
2520 4.9593
2530 4.99234
2540 5.02547
2550 5.05869
2560 5.09198
2570 5.12537
2580 5.15883
2590 5.19238
2600 5.22601
2610 5.25972
2620 5.29352
2630 5.32739
2640 5.36136
2650 5.3954
2660 5.42953
2670 5.46374
2680 5.49803
2690 5.5324
2700 5.56686
2710 5.60139
2720 5.63601
2730 5.67071
2740 5.7055
2750 5.74036
2760 5.77531
2770 5.81033
2780 5.84544
2790 5.88063
2800 5.9159
2810 5.95125
2820 5.98668
2830 6.0222
2840 6.05779
2850 6.09347
2860 6.12922
2870 6.16505
2880 6.20097
2890 6.23696
2900 6.27304
2910 6.3092
2920 6.34543
2930 6.38175
2940 6.41814
2950 6.45462
2960 6.49117
2970 6.5278
2980 6.56452
2990 6.60131
