TITLE="Graphics"
VARIABLES= "T", "diff_CH2O_OH"
300 0.243768
310 0.259449
320 0.275528
330 0.291998
340 0.308854
350 0.326092
360 0.343704
370 0.361688
380 0.380037
390 0.398748
400 0.417815
410 0.437236
420 0.457005
430 0.477119
440 0.497573
450 0.518365
460 0.539491
470 0.560946
480 0.582729
490 0.604835
500 0.627261
510 0.650005
520 0.673064
530 0.696434
540 0.720113
550 0.744098
560 0.768387
570 0.792977
580 0.817866
590 0.843051
600 0.868529
610 0.8943
620 0.92036
630 0.946707
640 0.973339
650 1.00025
660 1.02745
670 1.05493
680 1.08268
690 1.11071
700 1.13901
710 1.16759
720 1.19643
730 1.22554
740 1.25492
750 1.28457
760 1.31448
770 1.34465
780 1.37508
790 1.40578
800 1.43672
810 1.46793
820 1.49939
830 1.53111
840 1.56307
850 1.59529
860 1.62776
870 1.66048
880 1.69344
890 1.72666
900 1.76011
910 1.79381
920 1.82776
930 1.86194
940 1.89637
950 1.93103
960 1.96594
970 2.00108
980 2.03646
990 2.07207
1000 2.10792
1010 2.14401
1020 2.18032
1030 2.21687
1040 2.25365
1050 2.29066
1060 2.3279
1070 2.36536
1080 2.40306
1090 2.44098
1100 2.47913
1110 2.5175
1120 2.5561
1130 2.59492
1140 2.63396
1150 2.67323
1160 2.71272
1170 2.75243
1180 2.79235
1190 2.8325
1200 2.87287
1210 2.91345
1220 2.95426
1230 2.99528
1240 3.03651
1250 3.07796
1260 3.11963
1270 3.16151
1280 3.2036
1290 3.24591
1300 3.28842
1310 3.33115
1320 3.3741
1330 3.41725
1340 3.46061
1350 3.50418
1360 3.54796
1370 3.59195
1380 3.63615
1390 3.68056
1400 3.72517
1410 3.76999
1420 3.81501
1430 3.86024
1440 3.90568
1450 3.95132
1460 3.99716
1470 4.04321
1480 4.08946
1490 4.13592
1500 4.18257
1510 4.22943
1520 4.27649
1530 4.32375
1540 4.37121
1550 4.41887
1560 4.46673
1570 4.51479
1580 4.56305
1590 4.61151
1600 4.66017
1610 4.70902
1620 4.75807
1630 4.80732
1640 4.85676
1650 4.9064
1660 4.95624
1670 5.00627
1680 5.0565
1690 5.10692
1700 5.15754
1710 5.20835
1720 5.25935
1730 5.31055
1740 5.36194
1750 5.41353
1760 5.46531
1770 5.51727
1780 5.56944
1790 5.62179
1800 5.67433
1810 5.72707
1820 5.77999
1830 5.83311
1840 5.88641
1850 5.93991
1860 5.99359
1870 6.04747
1880 6.10153
1890 6.15578
1900 6.21022
1910 6.26485
1920 6.31967
1930 6.37467
1940 6.42986
1950 6.48524
1960 6.5408
1970 6.59655
1980 6.65249
1990 6.70861
2000 6.76492
2010 6.82142
2020 6.8781
2030 6.93496
2040 6.99201
2050 7.04925
2060 7.10667
2070 7.16427
2080 7.22206
2090 7.28003
2100 7.33818
2110 7.39652
2120 7.45504
2130 7.51374
2140 7.57263
2150 7.63169
2160 7.69094
2170 7.75038
2180 7.80999
2190 7.86978
2200 7.92976
2210 7.98992
2220 8.05026
2230 8.11078
2240 8.17148
2250 8.23236
2260 8.29342
2270 8.35466
2280 8.41608
2290 8.47768
2300 8.53946
2310 8.60142
2320 8.66356
2330 8.72587
2340 8.78837
2350 8.85104
2360 8.91389
2370 8.97693
2380 9.04013
2390 9.10352
2400 9.16709
2410 9.23083
2420 9.29475
2430 9.35884
2440 9.42312
2450 9.48757
2460 9.55219
2470 9.617
2480 9.68198
2490 9.74714
2500 9.81247
2510 9.87798
2520 9.94366
2530 10.0095
2540 10.0756
2550 10.1418
2560 10.2082
2570 10.2747
2580 10.3415
2590 10.4084
2600 10.4755
2610 10.5427
2620 10.6102
2630 10.6778
2640 10.7455
2650 10.8135
2660 10.8816
2670 10.9499
2680 11.0184
2690 11.0871
2700 11.1559
2710 11.2249
2720 11.2941
2730 11.3634
2740 11.4329
2750 11.5026
2760 11.5725
2770 11.6425
2780 11.7127
2790 11.7831
2800 11.8537
2810 11.9244
2820 11.9953
2830 12.0664
2840 12.1376
2850 12.209
2860 12.2806
2870 12.3524
2880 12.4243
2890 12.4964
2900 12.5687
2910 12.6411
2920 12.7137
2930 12.7865
2940 12.8595
2950 12.9326
2960 13.0059
2970 13.0793
2980 13.153
2990 13.2268
