TITLE="Graphics"
VARIABLES= "T", "diff_CH2CHO_C2H5"
300 0.0898387
310 0.0960277
320 0.102396
330 0.108941
340 0.115661
350 0.122554
360 0.129616
370 0.136848
380 0.144246
390 0.151809
400 0.159534
410 0.16742
420 0.175466
430 0.183669
440 0.192028
450 0.200542
460 0.209208
470 0.218025
480 0.226992
490 0.236108
500 0.24537
510 0.254778
520 0.26433
530 0.274025
540 0.283862
550 0.29384
560 0.303956
570 0.314211
580 0.324602
590 0.33513
600 0.345792
610 0.356588
620 0.367517
630 0.378577
640 0.389768
650 0.401088
660 0.412538
670 0.424115
680 0.435819
690 0.447649
700 0.459604
710 0.471683
720 0.483886
730 0.496212
740 0.508659
750 0.521228
760 0.533917
770 0.546725
780 0.559652
790 0.572698
800 0.58586
810 0.59914
820 0.612535
830 0.626046
840 0.639671
850 0.653411
860 0.667264
870 0.68123
880 0.695307
890 0.709497
900 0.723797
910 0.738208
920 0.752729
930 0.767359
940 0.782098
950 0.796945
960 0.8119
970 0.826962
980 0.84213
990 0.857405
1000 0.872785
1010 0.888271
1020 0.903861
1030 0.919555
1040 0.935354
1050 0.951255
1060 0.96726
1070 0.983366
1080 0.999575
1090 1.01589
1100 1.0323
1110 1.04881
1120 1.06542
1130 1.08213
1140 1.09895
1150 1.11586
1160 1.13287
1170 1.14997
1180 1.16718
1190 1.18448
1200 1.20188
1210 1.21938
1220 1.23697
1230 1.25467
1240 1.27245
1250 1.29033
1260 1.30831
1270 1.32638
1280 1.34455
1290 1.36281
1300 1.38116
1310 1.39961
1320 1.41815
1330 1.43678
1340 1.45551
1350 1.47433
1360 1.49324
1370 1.51224
1380 1.53133
1390 1.55052
1400 1.56979
1410 1.58916
1420 1.60862
1430 1.62816
1440 1.6478
1450 1.66753
1460 1.68734
1470 1.70725
1480 1.72724
1490 1.74732
1500 1.76749
1510 1.78775
1520 1.8081
1530 1.82853
1540 1.84905
1550 1.86966
1560 1.89035
1570 1.91113
1580 1.932
1590 1.95295
1600 1.97399
1610 1.99512
1620 2.01633
1630 2.03763
1640 2.05901
1650 2.08048
1660 2.10203
1670 2.12366
1680 2.14538
1690 2.16719
1700 2.18907
1710 2.21105
1720 2.2331
1730 2.25524
1740 2.27746
1750 2.29976
1760 2.32215
1770 2.34462
1780 2.36717
1790 2.38981
1800 2.41252
1810 2.43532
1820 2.4582
1830 2.48116
1840 2.50421
1850 2.52733
1860 2.55053
1870 2.57382
1880 2.59719
1890 2.62063
1900 2.64416
1910 2.66777
1920 2.69146
1930 2.71522
1940 2.73907
1950 2.763
1960 2.787
1970 2.81109
1980 2.83525
1990 2.8595
2000 2.88382
2010 2.90822
2020 2.9327
2030 2.95726
2040 2.98189
2050 3.00661
2060 3.0314
2070 3.05627
2080 3.08122
2090 3.10624
2100 3.13135
2110 3.15653
2120 3.18178
2130 3.20712
2140 3.23253
2150 3.25802
2160 3.28358
2170 3.30922
2180 3.33494
2190 3.36073
2200 3.3866
2210 3.41255
2220 3.43857
2230 3.46467
2240 3.49084
2250 3.51709
2260 3.54342
2270 3.56982
2280 3.59629
2290 3.62284
2300 3.64947
2310 3.67617
2320 3.70295
2330 3.72979
2340 3.75672
2350 3.78372
2360 3.81079
2370 3.83794
2380 3.86516
2390 3.89246
2400 3.91983
2410 3.94727
2420 3.97479
2430 4.00238
2440 4.03004
2450 4.05778
2460 4.08559
2470 4.11348
2480 4.14143
2490 4.16946
2500 4.19757
2510 4.22574
2520 4.25399
2530 4.28232
2540 4.31071
2550 4.33918
2560 4.36772
2570 4.39633
2580 4.42501
2590 4.45377
2600 4.4826
2610 4.5115
2620 4.54047
2630 4.56951
2640 4.59863
2650 4.62782
2660 4.65707
2670 4.6864
2680 4.71581
2690 4.74528
2700 4.77482
2710 4.80444
2720 4.83412
2730 4.86388
2740 4.89371
2750 4.92361
2760 4.95358
2770 4.98362
2780 5.01373
2790 5.04391
2800 5.07416
2810 5.10449
2820 5.13488
2830 5.16534
2840 5.19587
2850 5.22648
2860 5.25715
2870 5.28789
2880 5.3187
2890 5.34959
2900 5.38054
2910 5.41156
2920 5.44265
2930 5.47381
2940 5.50504
2950 5.53634
2960 5.56771
2970 5.59915
2980 5.63066
2990 5.66223
