TITLE="Graphics"
VARIABLES= "T", "diff_H2O2_C7H15O2"
300 0.0593864
310 0.0633229
320 0.0673645
330 0.0715097
340 0.0757572
350 0.0801055
360 0.0845533
370 0.0890993
380 0.0937422
390 0.0984809
400 0.103314
410 0.108241
420 0.11326
430 0.11837
440 0.123571
450 0.128861
460 0.134239
470 0.139705
480 0.145257
490 0.150895
500 0.156617
510 0.162424
520 0.168314
530 0.174287
540 0.180341
550 0.186476
560 0.192691
570 0.198986
580 0.20536
590 0.211812
600 0.218342
610 0.224949
620 0.231632
630 0.238391
640 0.245226
650 0.252135
660 0.259118
670 0.266175
680 0.273305
690 0.280508
700 0.287782
710 0.295129
720 0.302546
730 0.310035
740 0.317593
750 0.325222
760 0.33292
770 0.340687
780 0.348522
790 0.356426
800 0.364397
810 0.372436
820 0.380542
830 0.388715
840 0.396954
850 0.405258
860 0.413629
870 0.422065
880 0.430565
890 0.43913
900 0.44776
910 0.456453
920 0.465211
930 0.474031
940 0.482915
950 0.491861
960 0.50087
970 0.509941
980 0.519075
990 0.528269
1000 0.537525
1010 0.546843
1020 0.556221
1030 0.56566
1040 0.575159
1050 0.584719
1060 0.594338
1070 0.604017
1080 0.613756
1090 0.623553
1100 0.63341
1110 0.643326
1120 0.6533
1130 0.663332
1140 0.673423
1150 0.683571
1160 0.693778
1170 0.704041
1180 0.714363
1190 0.724741
1200 0.735176
1210 0.745668
1220 0.756217
1230 0.766822
1240 0.777484
1250 0.788201
1260 0.798974
1270 0.809804
1280 0.820688
1290 0.831628
1300 0.842623
1310 0.853674
1320 0.864779
1330 0.875939
1340 0.887153
1350 0.898422
1360 0.909746
1370 0.921123
1380 0.932555
1390 0.94404
1400 0.955579
1410 0.967172
1420 0.978818
1430 0.990517
1440 1.00227
1450 1.01408
1460 1.02593
1470 1.03785
1480 1.04981
1490 1.06183
1500 1.07389
1510 1.08602
1520 1.09819
1530 1.11041
1540 1.12269
1550 1.13502
1560 1.1474
1570 1.15983
1580 1.17232
1590 1.18485
1600 1.19744
1610 1.21008
1620 1.22277
1630 1.23551
1640 1.2483
1650 1.26114
1660 1.27403
1670 1.28697
1680 1.29997
1690 1.31301
1700 1.3261
1710 1.33925
1720 1.35244
1730 1.36568
1740 1.37898
1750 1.39232
1760 1.40571
1770 1.41916
1780 1.43265
1790 1.44619
1800 1.45978
1810 1.47342
1820 1.48711
1830 1.50085
1840 1.51464
1850 1.52847
1860 1.54236
1870 1.55629
1880 1.57027
1890 1.5843
1900 1.59838
1910 1.61251
1920 1.62669
1930 1.64091
1940 1.65519
1950 1.66951
1960 1.68388
1970 1.6983
1980 1.71276
1990 1.72727
2000 1.74183
2010 1.75644
2020 1.7711
2030 1.7858
2040 1.80056
2050 1.81535
2060 1.8302
2070 1.84509
2080 1.86004
2090 1.87502
2100 1.89006
2110 1.90514
2120 1.92027
2130 1.93545
2140 1.95067
2150 1.96594
2160 1.98126
2170 1.99662
2180 2.01203
2190 2.02749
2200 2.043
2210 2.05855
2220 2.07414
2230 2.08979
2240 2.10548
2250 2.12121
2260 2.13699
2270 2.15282
2280 2.1687
2290 2.18462
2300 2.20058
2310 2.2166
2320 2.23265
2330 2.24876
2340 2.26491
2350 2.28111
2360 2.29735
2370 2.31364
2380 2.32997
2390 2.34635
2400 2.36277
2410 2.37924
2420 2.39576
2430 2.41232
2440 2.42892
2450 2.44557
2460 2.46227
2470 2.47901
2480 2.4958
2490 2.51263
2500 2.52951
2510 2.54643
2520 2.5634
2530 2.58041
2540 2.59747
2550 2.61457
2560 2.63172
2570 2.64891
2580 2.66615
2590 2.68343
2600 2.70076
2610 2.71813
2620 2.73555
2630 2.75301
2640 2.77051
2650 2.78806
2660 2.80565
2670 2.82329
2680 2.84098
2690 2.8587
2700 2.87648
2710 2.89429
2720 2.91215
2730 2.93006
2740 2.94801
2750 2.966
2760 2.98404
2770 3.00212
2780 3.02024
2790 3.03841
2800 3.05662
2810 3.07488
2820 3.09318
2830 3.11153
2840 3.12992
2850 3.14835
2860 3.16683
2870 3.18535
2880 3.20391
2890 3.22252
2900 3.24117
2910 3.25987
2920 3.27861
2930 3.29739
2940 3.31622
2950 3.33509
2960 3.354
2970 3.37296
2980 3.39196
2990 3.411
