TITLE="Graphics"
VARIABLES= "T", "diff_OH_C2H3"
300 0.268619
310 0.28518
320 0.302133
330 0.319475
340 0.337198
350 0.355298
360 0.37377
370 0.39261
380 0.411813
390 0.431374
400 0.451289
410 0.471554
420 0.492166
430 0.51312
440 0.534414
450 0.556043
460 0.578004
470 0.600293
480 0.622909
490 0.645847
500 0.669106
510 0.692681
520 0.71657
530 0.74077
540 0.76528
550 0.790096
560 0.815215
570 0.840637
580 0.866357
590 0.892374
600 0.918687
610 0.945292
620 0.972187
630 0.999371
640 1.02684
650 1.0546
660 1.08263
670 1.11095
680 1.13955
690 1.16843
700 1.19758
710 1.22701
720 1.2567
730 1.28667
740 1.31691
750 1.34742
760 1.37819
770 1.40923
780 1.44053
790 1.4721
800 1.50392
810 1.53601
820 1.56835
830 1.60095
840 1.63381
850 1.66692
860 1.70028
870 1.7339
880 1.76776
890 1.80188
900 1.83625
910 1.87086
920 1.90572
930 1.94083
940 1.97618
950 2.01178
960 2.04761
970 2.08369
980 2.12001
990 2.15658
1000 2.19337
1010 2.23041
1020 2.26769
1030 2.3052
1040 2.34295
1050 2.38093
1060 2.41914
1070 2.45759
1080 2.49627
1090 2.53519
1100 2.57433
1110 2.6137
1120 2.6533
1130 2.69314
1140 2.73319
1150 2.77348
1160 2.81399
1170 2.85473
1180 2.89569
1190 2.93688
1200 2.97829
1210 3.01993
1220 3.06178
1230 3.10386
1240 3.14616
1250 3.18868
1260 3.23142
1270 3.27438
1280 3.31756
1290 3.36096
1300 3.40457
1310 3.4484
1320 3.49245
1330 3.53671
1340 3.58119
1350 3.62589
1360 3.6708
1370 3.71592
1380 3.76126
1390 3.80681
1400 3.85257
1410 3.89854
1420 3.94473
1430 3.99112
1440 4.03773
1450 4.08454
1460 4.13157
1470 4.17881
1480 4.22625
1490 4.2739
1500 4.32176
1510 4.36983
1520 4.4181
1530 4.46658
1540 4.51527
1550 4.56416
1560 4.61326
1570 4.66256
1580 4.71207
1590 4.76178
1600 4.8117
1610 4.86182
1620 4.91214
1630 4.96266
1640 5.01339
1650 5.06432
1660 5.11545
1670 5.16678
1680 5.21831
1690 5.27005
1700 5.32198
1710 5.37411
1720 5.42644
1730 5.47898
1740 5.53171
1750 5.58463
1760 5.63776
1770 5.69109
1780 5.74461
1790 5.79833
1800 5.85224
1810 5.90636
1820 5.96067
1830 6.01517
1840 6.06987
1850 6.12477
1860 6.17986
1870 6.23515
1880 6.29063
1890 6.34631
1900 6.40218
1910 6.45824
1920 6.5145
1930 6.57095
1940 6.62759
1950 6.68443
1960 6.74146
1970 6.79868
1980 6.85609
1990 6.9137
2000 6.97149
2010 7.02948
2020 7.08766
2030 7.14603
2040 7.20459
2050 7.26334
2060 7.32228
2070 7.3814
2080 7.44072
2090 7.50023
2100 7.55993
2110 7.61982
2120 7.67989
2130 7.74015
2140 7.80061
2150 7.86125
2160 7.92207
2170 7.98309
2180 8.04429
2190 8.10568
2200 8.16726
2210 8.22902
2220 8.29097
2230 8.35311
2240 8.41543
2250 8.47794
2260 8.54063
2270 8.60351
2280 8.66658
2290 8.72983
2300 8.79326
2310 8.85689
2320 8.92069
2330 8.98468
2340 9.04885
2350 9.11321
2360 9.17775
2370 9.24248
2380 9.30739
2390 9.37248
2400 9.43776
2410 9.50322
2420 9.56886
2430 9.63468
2440 9.70069
2450 9.76688
2460 9.83325
2470 9.89981
2480 9.96654
2490 10.0335
2500 10.1006
2510 10.1678
2520 10.2353
2530 10.3029
2540 10.3708
2550 10.4388
2560 10.507
2570 10.5753
2580 10.6439
2590 10.7126
2600 10.7815
2610 10.8506
2620 10.9199
2630 10.9893
2640 11.0589
2650 11.1287
2660 11.1987
2670 11.2689
2680 11.3392
2690 11.4098
2700 11.4805
2710 11.5513
2720 11.6224
2730 11.6936
2740 11.765
2750 11.8366
2760 11.9084
2770 11.9804
2780 12.0525
2790 12.1248
2800 12.1973
2810 12.2699
2820 12.3428
2830 12.4158
2840 12.489
2850 12.5623
2860 12.6359
2870 12.7096
2880 12.7835
2890 12.8576
2900 12.9318
2910 13.0062
2920 13.0808
2930 13.1556
2940 13.2306
2950 13.3057
2960 13.381
2970 13.4565
2980 13.5321
2990 13.608
