TITLE="Graphics"
VARIABLES= "T", "diff_C2H5_O"
300 0.230105
310 0.24423
320 0.258689
330 0.273477
340 0.288588
350 0.304019
360 0.319766
370 0.335824
380 0.35219
390 0.36886
400 0.385831
410 0.403099
420 0.42066
430 0.438513
440 0.456653
450 0.475077
460 0.493784
470 0.51277
480 0.532032
490 0.551568
500 0.571376
510 0.591453
520 0.611797
530 0.632405
540 0.653275
550 0.674405
560 0.695794
570 0.717439
580 0.739338
590 0.761489
600 0.78389
610 0.806541
620 0.829438
630 0.85258
640 0.875966
650 0.899594
660 0.923462
670 0.947568
680 0.971913
690 0.996493
700 1.02131
710 1.04635
720 1.07163
730 1.09714
740 1.12288
750 1.14885
760 1.17504
770 1.20146
780 1.2281
790 1.25497
800 1.28206
810 1.30936
820 1.33689
830 1.36464
840 1.3926
850 1.42078
860 1.44918
870 1.47779
880 1.50661
890 1.53565
900 1.5649
910 1.59436
920 1.62403
930 1.65391
940 1.68399
950 1.71429
960 1.74479
970 1.77549
980 1.8064
990 1.83752
1000 1.86884
1010 1.90036
1020 1.93208
1030 1.96401
1040 1.99613
1050 2.02846
1060 2.06098
1070 2.0937
1080 2.12662
1090 2.15974
1100 2.19305
1110 2.22656
1120 2.26026
1130 2.29416
1140 2.32825
1150 2.36254
1160 2.39702
1170 2.43169
1180 2.46655
1190 2.5016
1200 2.53684
1210 2.57228
1220 2.6079
1230 2.64371
1240 2.67971
1250 2.7159
1260 2.75227
1270 2.78883
1280 2.82558
1290 2.86251
1300 2.89963
1310 2.93693
1320 2.97442
1330 3.01209
1340 3.04995
1350 3.08799
1360 3.12621
1370 3.16461
1380 3.20319
1390 3.24196
1400 3.2809
1410 3.32003
1420 3.35934
1430 3.39882
1440 3.43849
1450 3.47833
1460 3.51835
1470 3.55856
1480 3.59893
1490 3.63949
1500 3.68022
1510 3.72113
1520 3.76222
1530 3.80348
1540 3.84491
1550 3.88653
1560 3.92831
1570 3.97027
1580 4.01241
1590 4.05472
1600 4.0972
1610 4.13986
1620 4.18268
1630 4.22568
1640 4.26886
1650 4.3122
1660 4.35572
1670 4.39941
1680 4.44327
1690 4.4873
1700 4.5315
1710 4.57587
1720 4.62041
1730 4.66512
1740 4.70999
1750 4.75504
1760 4.80026
1770 4.84564
1780 4.8912
1790 4.93692
1800 4.98281
1810 5.02886
1820 5.07509
1830 5.12148
1840 5.16803
1850 5.21476
1860 5.26165
1870 5.3087
1880 5.35592
1890 5.40331
1900 5.45086
1910 5.49858
1920 5.54646
1930 5.59451
1940 5.64272
1950 5.69109
1960 5.73963
1970 5.78833
1980 5.8372
1990 5.88622
2000 5.93542
2010 5.98477
2020 6.03429
2030 6.08397
2040 6.13381
2050 6.18381
2060 6.23398
2070 6.2843
2080 6.33479
2090 6.38544
2100 6.43625
2110 6.48722
2120 6.53835
2130 6.58964
2140 6.6411
2150 6.69271
2160 6.74448
2170 6.79641
2180 6.8485
2190 6.90076
2200 6.95317
2210 7.00573
2220 7.05846
2230 7.11135
2240 7.16439
2250 7.2176
2260 7.27096
2270 7.32448
2280 7.37815
2290 7.43199
2300 7.48598
2310 7.54013
2320 7.59444
2330 7.6489
2340 7.70352
2350 7.7583
2360 7.81323
2370 7.86832
2380 7.92357
2390 7.97897
2400 8.03453
2410 8.09024
2420 8.14611
2430 8.20214
2440 8.25832
2450 8.31465
2460 8.37115
2470 8.42779
2480 8.48459
2490 8.54155
2500 8.59866
2510 8.65592
2520 8.71334
2530 8.77091
2540 8.82864
2550 8.88652
2560 8.94456
2570 9.00275
2580 9.06109
2590 9.11958
2600 9.17823
2610 9.23703
2620 9.29599
2630 9.3551
2640 9.41436
2650 9.47377
2660 9.53334
2670 9.59306
2680 9.65293
2690 9.71295
2700 9.77312
2710 9.83345
2720 9.89393
2730 9.95456
2740 10.0153
2750 10.0763
2760 10.1374
2770 10.1986
2780 10.26
2790 10.3215
2800 10.3832
2810 10.4451
2820 10.507
2830 10.5692
2840 10.6315
2850 10.6939
2860 10.7565
2870 10.8193
2880 10.8822
2890 10.9452
2900 11.0084
2910 11.0717
2920 11.1352
2930 11.1989
2940 11.2627
2950 11.3266
2960 11.3907
2970 11.4549
2980 11.5193
2990 11.5839
