TITLE="Graphics"
VARIABLES= "T", "diff_NC3H7_C2H4"
300 0.100654
310 0.107412
320 0.114356
330 0.121482
340 0.128788
350 0.136272
360 0.143932
370 0.151764
380 0.159767
390 0.167939
400 0.176278
410 0.184781
420 0.193448
430 0.202276
440 0.211263
450 0.220407
460 0.229707
470 0.239162
480 0.24877
490 0.258528
500 0.268437
510 0.278494
520 0.288697
530 0.299046
540 0.30954
550 0.320176
560 0.330954
570 0.341873
580 0.35293
590 0.364126
600 0.375459
610 0.386928
620 0.398532
630 0.41027
640 0.42214
650 0.434142
660 0.446275
670 0.458538
680 0.47093
690 0.483451
700 0.496098
710 0.508872
720 0.521771
730 0.534795
740 0.547943
750 0.561214
760 0.574607
770 0.588123
780 0.601758
790 0.615515
800 0.62939
810 0.643384
820 0.657497
830 0.671727
840 0.686074
850 0.700536
860 0.715115
870 0.729808
880 0.744616
890 0.759537
900 0.774572
910 0.789719
920 0.804978
930 0.820349
940 0.835831
950 0.851423
960 0.867125
970 0.882937
980 0.898858
990 0.914887
1000 0.931024
1010 0.947268
1020 0.96362
1030 0.980078
1040 0.996643
1050 1.01331
1060 1.03009
1070 1.04697
1080 1.06395
1090 1.08104
1100 1.09823
1110 1.11553
1120 1.13293
1130 1.15043
1140 1.16803
1150 1.18574
1160 1.20354
1170 1.22145
1180 1.23946
1190 1.25757
1200 1.27577
1210 1.29408
1220 1.31249
1230 1.33099
1240 1.3496
1250 1.3683
1260 1.3871
1270 1.406
1280 1.425
1290 1.44409
1300 1.46328
1310 1.48257
1320 1.50195
1330 1.52143
1340 1.541
1350 1.56067
1360 1.58043
1370 1.60029
1380 1.62025
1390 1.64029
1400 1.66044
1410 1.68067
1420 1.701
1430 1.72142
1440 1.74194
1450 1.76255
1460 1.78325
1470 1.80404
1480 1.82493
1490 1.84591
1500 1.86698
1510 1.88814
1520 1.90939
1530 1.93073
1540 1.95216
1550 1.97369
1560 1.9953
1570 2.01701
1580 2.0388
1590 2.06068
1600 2.08266
1610 2.10472
1620 2.12687
1630 2.14911
1640 2.17144
1650 2.19386
1660 2.21637
1670 2.23896
1680 2.26165
1690 2.28442
1700 2.30728
1710 2.33022
1720 2.35326
1730 2.37638
1740 2.39958
1750 2.42288
1760 2.44626
1770 2.46973
1780 2.49328
1790 2.51692
1800 2.54065
1810 2.56446
1820 2.58835
1830 2.61234
1840 2.63641
1850 2.66056
1860 2.6848
1870 2.70912
1880 2.73353
1890 2.75802
1900 2.7826
1910 2.80726
1920 2.83201
1930 2.85684
1940 2.88175
1950 2.90675
1960 2.93183
1970 2.957
1980 2.98225
1990 3.00758
2000 3.033
2010 3.0585
2020 3.08408
2030 3.10974
2040 3.13549
2050 3.16132
2060 3.18723
2070 3.21322
2080 3.2393
2090 3.26546
2100 3.2917
2110 3.31802
2120 3.34443
2130 3.37091
2140 3.39748
2150 3.42413
2160 3.45086
2170 3.47767
2180 3.50456
2190 3.53154
2200 3.55859
2210 3.58573
2220 3.61294
2230 3.64024
2240 3.66762
2250 3.69507
2260 3.72261
2270 3.75023
2280 3.77793
2290 3.8057
2300 3.83356
2310 3.8615
2320 3.88952
2330 3.91761
2340 3.94579
2350 3.97405
2360 4.00238
2370 4.0308
2380 4.05929
2390 4.08786
2400 4.11652
2410 4.14525
2420 4.17406
2430 4.20294
2440 4.23191
2450 4.26096
2460 4.29008
2470 4.31928
2480 4.34857
2490 4.37792
2500 4.40736
2510 4.43688
2520 4.46647
2530 4.49614
2540 4.52589
2550 4.55572
2560 4.58562
2570 4.61561
2580 4.64567
2590 4.67581
2600 4.70602
2610 4.73631
2620 4.76668
2630 4.79713
2640 4.82765
2650 4.85826
2660 4.88893
2670 4.91969
2680 4.95052
2690 4.98143
2700 5.01242
2710 5.04348
2720 5.07462
2730 5.10583
2740 5.13712
2750 5.16849
2760 5.19994
2770 5.23146
2780 5.26306
2790 5.29473
2800 5.32648
2810 5.35831
2820 5.39021
2830 5.42219
2840 5.45424
2850 5.48637
2860 5.51857
2870 5.55085
2880 5.58321
2890 5.61564
2900 5.64815
2910 5.68073
2920 5.71339
2930 5.74613
2940 5.77894
2950 5.81182
2960 5.84478
2970 5.87781
2980 5.91092
2990 5.94411
