TITLE="Graphics"
VARIABLES= "T", "diff_C7H15_NC7H16"
300 0.0196138
310 0.0210031
320 0.0224362
330 0.0239128
340 0.0254324
350 0.0269947
360 0.0285994
370 0.0302459
380 0.0319341
390 0.0336634
400 0.0354336
410 0.0372443
420 0.0390952
430 0.0409859
440 0.0429161
450 0.0448855
460 0.0468938
470 0.0489407
480 0.0510258
490 0.0531489
500 0.0553096
510 0.0575077
520 0.0597429
530 0.062015
540 0.0643236
550 0.0666684
560 0.0690493
570 0.0714659
580 0.073918
590 0.0764054
600 0.0789277
610 0.0814848
620 0.0840764
630 0.0867023
640 0.0893623
650 0.0920561
660 0.0947835
670 0.0975442
680 0.100338
690 0.103165
700 0.106025
710 0.108917
720 0.111841
730 0.114798
740 0.117786
750 0.120807
760 0.123859
770 0.126942
780 0.130056
790 0.133202
800 0.136378
810 0.139584
820 0.142822
830 0.146089
840 0.149387
850 0.152715
860 0.156072
870 0.159459
880 0.162876
890 0.166321
900 0.169796
910 0.1733
920 0.176833
930 0.180394
940 0.183984
950 0.187603
960 0.191249
970 0.194924
980 0.198627
990 0.202357
1000 0.206115
1010 0.209901
1020 0.213714
1030 0.217554
1040 0.221422
1050 0.225317
1060 0.229238
1070 0.233186
1080 0.237161
1090 0.241162
1100 0.24519
1110 0.249244
1120 0.253325
1130 0.257431
1140 0.261563
1150 0.265721
1160 0.269905
1170 0.274114
1180 0.278349
1190 0.282609
1200 0.286894
1210 0.291205
1220 0.29554
1230 0.2999
1240 0.304286
1250 0.308696
1260 0.31313
1270 0.317589
1280 0.322073
1290 0.326581
1300 0.331113
1310 0.335669
1320 0.34025
1330 0.344854
1340 0.349482
1350 0.354134
1360 0.358809
1370 0.363508
1380 0.368231
1390 0.372977
1400 0.377746
1410 0.382538
1420 0.387354
1430 0.392192
1440 0.397054
1450 0.401938
1460 0.406845
1470 0.411775
1480 0.416728
1490 0.421703
1500 0.4267
1510 0.43172
1520 0.436762
1530 0.441827
1540 0.446913
1550 0.452022
1560 0.457153
1570 0.462305
1580 0.46748
1590 0.472676
1600 0.477894
1610 0.483133
1620 0.488394
1630 0.493677
1640 0.498981
1650 0.504306
1660 0.509652
1670 0.51502
1680 0.520409
1690 0.525819
1700 0.53125
1710 0.536702
1720 0.542175
1730 0.547668
1740 0.553182
1750 0.558717
1760 0.564273
1770 0.569849
1780 0.575445
1790 0.581062
1800 0.5867
1810 0.592357
1820 0.598035
1830 0.603733
1840 0.609451
1850 0.615189
1860 0.620948
1870 0.626726
1880 0.632524
1890 0.638341
1900 0.644179
1910 0.650036
1920 0.655913
1930 0.66181
1940 0.667726
1950 0.673661
1960 0.679616
1970 0.68559
1980 0.691584
1990 0.697597
2000 0.703629
2010 0.70968
2020 0.71575
2030 0.72184
2040 0.727948
2050 0.734076
2060 0.740222
2070 0.746387
2080 0.752571
2090 0.758773
2100 0.764995
2110 0.771235
2120 0.777493
2130 0.78377
2140 0.790066
2150 0.79638
2160 0.802712
2170 0.809063
2180 0.815432
2190 0.82182
2200 0.828226
2210 0.834649
2220 0.841091
2230 0.847551
2240 0.854029
2250 0.860525
2260 0.867039
2270 0.873571
2280 0.880121
2290 0.886689
2300 0.893274
2310 0.899877
2320 0.906498
2330 0.913136
2340 0.919792
2350 0.926466
2360 0.933157
2370 0.939866
2380 0.946592
2390 0.953335
2400 0.960096
2410 0.966874
2420 0.97367
2430 0.980482
2440 0.987312
2450 0.994159
2460 1.00102
2470 1.0079
2480 1.0148
2490 1.02172
2500 1.02865
2510 1.0356
2520 1.04257
2530 1.04955
2540 1.05655
2550 1.06356
2560 1.0706
2570 1.07765
2580 1.08471
2590 1.0918
2600 1.0989
2610 1.10601
2620 1.11315
2630 1.1203
2640 1.12746
2650 1.13464
2660 1.14184
2670 1.14906
2680 1.15629
2690 1.16354
2700 1.1708
2710 1.17808
2720 1.18538
2730 1.19269
2740 1.20002
2750 1.20736
2760 1.21472
2770 1.2221
2780 1.22949
2790 1.2369
2800 1.24433
2810 1.25177
2820 1.25922
2830 1.26669
2840 1.27418
2850 1.28169
2860 1.28921
2870 1.29674
2880 1.30429
2890 1.31186
2900 1.31944
2910 1.32704
2920 1.33465
2930 1.34228
2940 1.34992
2950 1.35758
2960 1.36526
2970 1.37295
2980 1.38065
2990 1.38838
