TITLE="Graphics"
VARIABLES= "T", "diff_C7H15_C7H15"
300 0.0196633
310 0.0210561
320 0.0224929
330 0.0239732
340 0.0254966
350 0.0270629
360 0.0286716
370 0.0303223
380 0.0320147
390 0.0337484
400 0.035523
410 0.0373383
420 0.0391939
430 0.0410893
440 0.0430244
450 0.0449988
460 0.0470122
470 0.0490642
480 0.0511546
490 0.053283
500 0.0554492
510 0.0576529
520 0.0598938
530 0.0621715
540 0.064486
550 0.0668367
560 0.0692236
570 0.0716463
580 0.0741046
590 0.0765982
600 0.079127
610 0.0816905
620 0.0842887
630 0.0869212
640 0.0895879
650 0.0922885
660 0.0950227
670 0.0977905
680 0.100591
690 0.103425
700 0.106292
710 0.109192
720 0.112124
730 0.115088
740 0.118084
750 0.121112
760 0.124171
770 0.127262
780 0.130384
790 0.133538
800 0.136722
810 0.139937
820 0.143182
830 0.146458
840 0.149764
850 0.1531
860 0.156466
870 0.159862
880 0.163287
890 0.166741
900 0.170225
910 0.173738
920 0.177279
930 0.18085
940 0.184449
950 0.188076
960 0.191732
970 0.195416
980 0.199128
990 0.202868
1000 0.206636
1010 0.210431
1020 0.214254
1030 0.218104
1040 0.221981
1050 0.225885
1060 0.229817
1070 0.233775
1080 0.23776
1090 0.241771
1100 0.245809
1110 0.249874
1120 0.253964
1130 0.258081
1140 0.262223
1150 0.266392
1160 0.270586
1170 0.274806
1180 0.279051
1190 0.283322
1200 0.287618
1210 0.29194
1220 0.296286
1230 0.300658
1240 0.305054
1250 0.309475
1260 0.313921
1270 0.318391
1280 0.322886
1290 0.327405
1300 0.331949
1310 0.336517
1320 0.341109
1330 0.345724
1340 0.350364
1350 0.355028
1360 0.359715
1370 0.364426
1380 0.36916
1390 0.373918
1400 0.378699
1410 0.383504
1420 0.388332
1430 0.393182
1440 0.398056
1450 0.402953
1460 0.407872
1470 0.412815
1480 0.41778
1490 0.422767
1500 0.427778
1510 0.43281
1520 0.437865
1530 0.442942
1540 0.448042
1550 0.453163
1560 0.458307
1570 0.463472
1580 0.46866
1590 0.473869
1600 0.4791
1610 0.484353
1620 0.489627
1630 0.494923
1640 0.50024
1650 0.505579
1660 0.510939
1670 0.51632
1680 0.521723
1690 0.527146
1700 0.532591
1710 0.538057
1720 0.543543
1730 0.549051
1740 0.554579
1750 0.560128
1760 0.565697
1770 0.571287
1780 0.576898
1790 0.582529
1800 0.588181
1810 0.593853
1820 0.599545
1830 0.605257
1840 0.61099
1850 0.616743
1860 0.622515
1870 0.628308
1880 0.63412
1890 0.639953
1900 0.645805
1910 0.651677
1920 0.657569
1930 0.66348
1940 0.669411
1950 0.675362
1960 0.681332
1970 0.687321
1980 0.69333
1990 0.699358
2000 0.705405
2010 0.711472
2020 0.717557
2030 0.723662
2040 0.729786
2050 0.735929
2060 0.74209
2070 0.748271
2080 0.754471
2090 0.760689
2100 0.766926
2110 0.773182
2120 0.779456
2130 0.785749
2140 0.79206
2150 0.79839
2160 0.804739
2170 0.811106
2180 0.817491
2190 0.823895
2200 0.830316
2210 0.836756
2220 0.843215
2230 0.849691
2240 0.856185
2250 0.862698
2260 0.869228
2270 0.875777
2280 0.882343
2290 0.888927
2300 0.895529
2310 0.902149
2320 0.908787
2330 0.915442
2340 0.922115
2350 0.928805
2360 0.935513
2370 0.942239
2380 0.948982
2390 0.955742
2400 0.96252
2410 0.969315
2420 0.976128
2430 0.982958
2440 0.989805
2450 0.996669
2460 1.00355
2470 1.01045
2480 1.01736
2490 1.0243
2500 1.03125
2510 1.03821
2520 1.0452
2530 1.0522
2540 1.05922
2550 1.06625
2560 1.0733
2570 1.08037
2580 1.08745
2590 1.09455
2600 1.10167
2610 1.10881
2620 1.11596
2630 1.12312
2640 1.13031
2650 1.13751
2660 1.14473
2670 1.15196
2680 1.15921
2690 1.16647
2700 1.17376
2710 1.18105
2720 1.18837
2730 1.1957
2740 1.20305
2750 1.21041
2760 1.21779
2770 1.22519
2780 1.2326
2790 1.24002
2800 1.24747
2810 1.25493
2820 1.2624
2830 1.26989
2840 1.2774
2850 1.28492
2860 1.29246
2870 1.30001
2880 1.30758
2890 1.31517
2900 1.32277
2910 1.33039
2920 1.33802
2930 1.34567
2940 1.35333
2950 1.36101
2960 1.36871
2970 1.37642
2980 1.38414
2990 1.39188
