TITLE="Graphics"
VARIABLES= "T", "diff_CH2O_CO2"
300 0.108514
310 0.116039
320 0.123785
330 0.13175
340 0.139931
350 0.148326
360 0.156932
370 0.165746
380 0.174767
390 0.183992
400 0.193418
410 0.203045
420 0.212869
430 0.222889
440 0.233102
450 0.243506
460 0.254101
470 0.264884
480 0.275852
490 0.287005
500 0.298341
510 0.309858
520 0.321554
530 0.333428
540 0.345478
550 0.357703
560 0.370101
570 0.382672
580 0.395412
590 0.408322
600 0.4214
610 0.434644
620 0.448053
630 0.461627
640 0.475363
650 0.48926
660 0.503318
670 0.517535
680 0.531911
690 0.546443
700 0.561131
710 0.575974
720 0.590971
730 0.60612
740 0.621422
750 0.636874
760 0.652477
770 0.668228
780 0.684127
790 0.700173
800 0.716366
810 0.732704
820 0.749186
830 0.765813
840 0.782582
850 0.799493
860 0.816546
870 0.833739
880 0.851071
890 0.868543
900 0.886153
910 0.903901
920 0.921785
930 0.939805
940 0.957961
950 0.976252
960 0.994677
970 1.01323
980 1.03193
990 1.05075
1000 1.0697
1010 1.08879
1020 1.108
1030 1.12735
1040 1.14682
1050 1.16643
1060 1.18616
1070 1.20602
1080 1.226
1090 1.24611
1100 1.26635
1110 1.28671
1120 1.3072
1130 1.32781
1140 1.34855
1150 1.36941
1160 1.39039
1170 1.41149
1180 1.43271
1190 1.45406
1200 1.47553
1210 1.49712
1220 1.51882
1230 1.54065
1240 1.56259
1250 1.58466
1260 1.60684
1270 1.62914
1280 1.65156
1290 1.67409
1300 1.69674
1310 1.71951
1320 1.74239
1330 1.76539
1340 1.7885
1350 1.81173
1360 1.83507
1370 1.85853
1380 1.8821
1390 1.90578
1400 1.92957
1410 1.95348
1420 1.9775
1430 2.00163
1440 2.02587
1450 2.05022
1460 2.07468
1470 2.09926
1480 2.12394
1490 2.14873
1500 2.17363
1510 2.19865
1520 2.22377
1530 2.24899
1540 2.27433
1550 2.29977
1560 2.32532
1570 2.35098
1580 2.37675
1590 2.40262
1600 2.4286
1610 2.45468
1620 2.48087
1630 2.50717
1640 2.53357
1650 2.56008
1660 2.58669
1670 2.6134
1680 2.64022
1690 2.66714
1700 2.69417
1710 2.7213
1720 2.74853
1730 2.77587
1740 2.80331
1750 2.83085
1760 2.85849
1770 2.88623
1780 2.91408
1790 2.94203
1800 2.97008
1810 2.99823
1820 3.02648
1830 3.05483
1840 3.08328
1850 3.11183
1860 3.14048
1870 3.16923
1880 3.19808
1890 3.22703
1900 3.25608
1910 3.28523
1920 3.31447
1930 3.34382
1940 3.37326
1950 3.4028
1960 3.43244
1970 3.46218
1980 3.49201
1990 3.52194
2000 3.55197
2010 3.58209
2020 3.61231
2030 3.64263
2040 3.67304
2050 3.70355
2060 3.73416
2070 3.76486
2080 3.79565
2090 3.82654
2100 3.85753
2110 3.88861
2120 3.91979
2130 3.95106
2140 3.98243
2150 4.01389
2160 4.04544
2170 4.07709
2180 4.10883
2190 4.14067
2200 4.1726
2210 4.20462
2220 4.23673
2230 4.26894
2240 4.30124
2250 4.33364
2260 4.36613
2270 4.3987
2280 4.43138
2290 4.46414
2300 4.49699
2310 4.52994
2320 4.56298
2330 4.59611
2340 4.62933
2350 4.66265
2360 4.69605
2370 4.72954
2380 4.76313
2390 4.79681
2400 4.83057
2410 4.86443
2420 4.89838
2430 4.93242
2440 4.96654
2450 5.00076
2460 5.03507
2470 5.06946
2480 5.10395
2490 5.13853
2500 5.17319
2510 5.20794
2520 5.24279
2530 5.27772
2540 5.31274
2550 5.34785
2560 5.38304
2570 5.41833
2580 5.4537
2590 5.48917
2600 5.52472
2610 5.56035
2620 5.59608
2630 5.63189
2640 5.66779
2650 5.70378
2660 5.73986
2670 5.77602
2680 5.81227
2690 5.84861
2700 5.88503
2710 5.92154
2720 5.95814
2730 5.99482
2740 6.03159
2750 6.06845
2760 6.10539
2770 6.14242
2780 6.17953
2790 6.21673
2800 6.25402
2810 6.29139
2820 6.32885
2830 6.36639
2840 6.40402
2850 6.44173
2860 6.47953
2870 6.51741
2880 6.55538
2890 6.59344
2900 6.63157
2910 6.6698
2920 6.7081
2930 6.7465
2940 6.78497
2950 6.82354
2960 6.86218
2970 6.90091
2980 6.93972
2990 6.97862
