TITLE="Graphics"
VARIABLES= "T", "diff_C2H3_H2O2"
300 0.172394
310 0.183227
320 0.194325
330 0.205684
340 0.2173
350 0.229169
360 0.241288
370 0.253654
380 0.266264
390 0.279115
400 0.292203
410 0.305527
420 0.319082
430 0.332868
440 0.346881
450 0.361119
460 0.37558
470 0.390261
480 0.40516
490 0.420276
500 0.435605
510 0.451147
520 0.466899
530 0.482859
540 0.499025
550 0.515397
560 0.531971
570 0.548748
580 0.565724
590 0.582898
600 0.600269
610 0.617836
620 0.635596
630 0.653549
640 0.671693
650 0.690027
660 0.70855
670 0.72726
680 0.746156
690 0.765237
700 0.784502
710 0.803949
720 0.823578
730 0.843388
740 0.863377
750 0.883544
760 0.903888
770 0.924409
780 0.945106
790 0.965976
800 0.98702
810 1.00824
820 1.02963
830 1.05119
840 1.07291
850 1.09481
860 1.11688
870 1.13912
880 1.16152
890 1.18408
900 1.20682
910 1.22971
920 1.25278
930 1.276
940 1.29939
950 1.32293
960 1.34664
970 1.37051
980 1.39454
990 1.41873
1000 1.44308
1010 1.46759
1020 1.49225
1030 1.51707
1040 1.54204
1050 1.56717
1060 1.59246
1070 1.6179
1080 1.6435
1090 1.66924
1100 1.69515
1110 1.7212
1120 1.7474
1130 1.77376
1140 1.80027
1150 1.82693
1160 1.85373
1170 1.88069
1180 1.9078
1190 1.93505
1200 1.96245
1210 1.99
1220 2.0177
1230 2.04555
1240 2.07354
1250 2.10167
1260 2.12996
1270 2.15838
1280 2.18696
1290 2.21567
1300 2.24453
1310 2.27354
1320 2.30269
1330 2.33198
1340 2.36141
1350 2.39099
1360 2.4207
1370 2.45056
1380 2.48056
1390 2.5107
1400 2.54098
1410 2.5714
1420 2.60196
1430 2.63267
1440 2.6635
1450 2.69448
1460 2.7256
1470 2.75686
1480 2.78825
1490 2.81978
1500 2.85145
1510 2.88325
1520 2.9152
1530 2.94727
1540 2.97949
1550 3.01184
1560 3.04433
1570 3.07695
1580 3.10971
1590 3.1426
1600 3.17563
1610 3.20879
1620 3.24208
1630 3.27551
1640 3.30908
1650 3.34277
1660 3.3766
1670 3.41056
1680 3.44466
1690 3.47889
1700 3.51325
1710 3.54774
1720 3.58236
1730 3.61712
1740 3.65201
1750 3.68702
1760 3.72217
1770 3.75745
1780 3.79286
1790 3.8284
1800 3.86407
1810 3.89987
1820 3.9358
1830 3.97186
1840 4.00805
1850 4.04437
1860 4.08082
1870 4.1174
1880 4.1541
1890 4.19093
1900 4.22789
1910 4.26498
1920 4.3022
1930 4.33954
1940 4.37702
1950 4.41462
1960 4.45234
1970 4.4902
1980 4.52818
1990 4.56628
2000 4.60452
2010 4.64288
2020 4.68136
2030 4.71998
2040 4.75871
2050 4.79758
2060 4.83657
2070 4.87568
2080 4.91492
2090 4.95429
2100 4.99378
2110 5.03339
2120 5.07313
2130 5.113
2140 5.15298
2150 5.1931
2160 5.23333
2170 5.27369
2180 5.31418
2190 5.35479
2200 5.39552
2210 5.43637
2220 5.47735
2230 5.51845
2240 5.55968
2250 5.60102
2260 5.64249
2270 5.68409
2280 5.7258
2290 5.76764
2300 5.8096
2310 5.85168
2320 5.89389
2330 5.93621
2340 5.97866
2350 6.02123
2360 6.06392
2370 6.10673
2380 6.14967
2390 6.19272
2400 6.2359
2410 6.2792
2420 6.32261
2430 6.36615
2440 6.40981
2450 6.45359
2460 6.49749
2470 6.54151
2480 6.58566
2490 6.62992
2500 6.6743
2510 6.7188
2520 6.76342
2530 6.80816
2540 6.85302
2550 6.898
2560 6.9431
2570 6.98832
2580 7.03366
2590 7.07912
2600 7.1247
2610 7.17039
2620 7.21621
2630 7.26214
2640 7.30819
2650 7.35437
2660 7.40066
2670 7.44706
2680 7.49359
2690 7.54023
2700 7.587
2710 7.63388
2720 7.68088
2730 7.728
2740 7.77523
2750 7.82258
2760 7.87005
2770 7.91764
2780 7.96535
2790 8.01317
2800 8.06111
2810 8.10917
2820 8.15735
2830 8.20564
2840 8.25405
2850 8.30258
2860 8.35122
2870 8.39998
2880 8.44886
2890 8.49785
2900 8.54696
2910 8.59619
2920 8.64554
2930 8.695
2940 8.74457
2950 8.79427
2960 8.84408
2970 8.894
2980 8.94404
2990 8.9942
