TITLE="Graphics"
VARIABLES= "T", "diff_HCO_NC7KET"
300 0.0391452
310 0.0419267
320 0.0447988
330 0.0477611
340 0.0508128
350 0.0539534
360 0.0571823
370 0.0604988
380 0.0639024
390 0.0673925
400 0.0709685
410 0.0746298
420 0.0783758
430 0.082206
440 0.0861198
450 0.0901166
460 0.0941959
470 0.0983572
480 0.1026
490 0.106924
500 0.111327
510 0.115811
520 0.120374
530 0.125016
540 0.129737
550 0.134535
560 0.13941
570 0.144362
580 0.149391
590 0.154495
600 0.159675
610 0.16493
620 0.17026
630 0.175663
640 0.18114
650 0.186691
660 0.192314
670 0.198009
680 0.203776
690 0.209615
700 0.215524
710 0.221505
720 0.227555
730 0.233676
740 0.239866
750 0.246125
760 0.252452
770 0.258848
780 0.265312
790 0.271843
800 0.278442
810 0.285107
820 0.291839
830 0.298636
840 0.3055
850 0.312429
860 0.319422
870 0.326481
880 0.333604
890 0.340791
900 0.348041
910 0.355355
920 0.362732
930 0.370171
940 0.377673
950 0.385237
960 0.392863
970 0.40055
980 0.408299
990 0.416108
1000 0.423977
1010 0.431907
1020 0.439897
1030 0.447947
1040 0.456055
1050 0.464223
1060 0.47245
1070 0.480735
1080 0.489079
1090 0.49748
1100 0.505939
1110 0.514456
1120 0.523029
1130 0.53166
1140 0.540347
1150 0.549091
1160 0.55789
1170 0.566746
1180 0.575657
1190 0.584624
1200 0.593645
1210 0.602722
1220 0.611853
1230 0.621038
1240 0.630278
1250 0.639571
1260 0.648918
1270 0.658319
1280 0.667772
1290 0.677279
1300 0.686839
1310 0.696451
1320 0.706115
1330 0.715831
1340 0.7256
1350 0.735419
1360 0.745291
1370 0.755213
1380 0.765187
1390 0.775211
1400 0.785286
1410 0.795411
1420 0.805586
1430 0.815812
1440 0.826087
1450 0.836411
1460 0.846785
1470 0.857209
1480 0.867681
1490 0.878202
1500 0.888771
1510 0.899389
1520 0.910055
1530 0.920769
1540 0.931531
1550 0.942341
1560 0.953198
1570 0.964102
1580 0.975053
1590 0.986051
1600 0.997096
1610 1.00819
1620 1.01933
1630 1.03051
1640 1.04174
1650 1.05302
1660 1.06434
1670 1.07571
1680 1.08712
1690 1.09858
1700 1.11008
1710 1.12163
1720 1.13322
1730 1.14486
1740 1.15654
1750 1.16826
1760 1.18003
1770 1.19184
1780 1.2037
1790 1.2156
1800 1.22755
1810 1.23953
1820 1.25156
1830 1.26364
1840 1.27575
1850 1.28791
1860 1.30011
1870 1.31236
1880 1.32464
1890 1.33697
1900 1.34934
1910 1.36175
1920 1.37421
1930 1.3867
1940 1.39924
1950 1.41182
1960 1.42444
1970 1.4371
1980 1.4498
1990 1.46254
2000 1.47532
2010 1.48814
2020 1.501
2030 1.51391
2040 1.52685
2050 1.53983
2060 1.55285
2070 1.56591
2080 1.57902
2090 1.59216
2100 1.60534
2110 1.61855
2120 1.63181
2130 1.64511
2140 1.65844
2150 1.67182
2160 1.68523
2170 1.69868
2180 1.71217
2190 1.7257
2200 1.73926
2210 1.75287
2220 1.76651
2230 1.78019
2240 1.7939
2250 1.80766
2260 1.82145
2270 1.83528
2280 1.84914
2290 1.86304
2300 1.87698
2310 1.89096
2320 1.90497
2330 1.91902
2340 1.9331
2350 1.94723
2360 1.96138
2370 1.97558
2380 1.98981
2390 2.00407
2400 2.01837
2410 2.03271
2420 2.04708
2430 2.06149
2440 2.07593
2450 2.09041
2460 2.10493
2470 2.11948
2480 2.13406
2490 2.14868
2500 2.16333
2510 2.17802
2520 2.19274
2530 2.2075
2540 2.22229
2550 2.23711
2560 2.25197
2570 2.26687
2580 2.28179
2590 2.29676
2600 2.31175
2610 2.32678
2620 2.34184
2630 2.35694
2640 2.37207
2650 2.38723
2660 2.40242
2670 2.41765
2680 2.43291
2690 2.44821
2700 2.46354
2710 2.4789
2720 2.49429
2730 2.50971
2740 2.52517
2750 2.54066
2760 2.55618
2770 2.57174
2780 2.58733
2790 2.60294
2800 2.61859
2810 2.63428
2820 2.64999
2830 2.66574
2840 2.68151
2850 2.69732
2860 2.71316
2870 2.72904
2880 2.74494
2890 2.76087
2900 2.77684
2910 2.79283
2920 2.80886
2930 2.82492
2940 2.84101
2950 2.85713
2960 2.87328
2970 2.88946
2980 2.90567
2990 2.92191
