TITLE="Graphics"
VARIABLES= "T", "diff_AR_HCO"
300 0.146042
310 0.155806
320 0.165835
330 0.176125
340 0.186673
350 0.197476
360 0.208529
370 0.219831
380 0.231377
390 0.243164
400 0.255191
410 0.267453
420 0.279948
430 0.292674
440 0.305628
450 0.318807
460 0.332209
470 0.345833
480 0.359674
490 0.373733
500 0.388005
510 0.402489
520 0.417184
530 0.432087
540 0.447196
550 0.46251
560 0.478026
570 0.493744
580 0.50966
590 0.525775
600 0.542085
610 0.55859
620 0.575288
630 0.592177
640 0.609256
650 0.626524
660 0.643979
670 0.661621
680 0.679446
690 0.697455
700 0.715646
710 0.734018
720 0.75257
730 0.7713
740 0.790207
750 0.80929
760 0.828549
770 0.847982
780 0.867588
790 0.887365
800 0.907314
810 0.927433
820 0.947721
830 0.968177
840 0.9888
850 1.00959
860 1.03054
870 1.05166
880 1.07295
890 1.09439
900 1.116
910 1.13777
920 1.1597
930 1.18179
940 1.20404
950 1.22644
960 1.24901
970 1.27173
980 1.29461
990 1.31764
1000 1.34082
1010 1.36417
1020 1.38766
1030 1.41131
1040 1.43511
1050 1.45906
1060 1.48316
1070 1.50741
1080 1.53181
1090 1.55636
1100 1.58106
1110 1.60591
1120 1.6309
1130 1.65604
1140 1.68133
1150 1.70676
1160 1.73234
1170 1.75806
1180 1.78393
1190 1.80994
1200 1.8361
1210 1.86239
1220 1.88883
1230 1.91542
1240 1.94214
1250 1.969
1260 1.99601
1270 2.02315
1280 2.05044
1290 2.07786
1300 2.10542
1310 2.13312
1320 2.16096
1330 2.18894
1340 2.21705
1350 2.2453
1360 2.27369
1370 2.30221
1380 2.33087
1390 2.35966
1400 2.38859
1410 2.41765
1420 2.44685
1430 2.47618
1440 2.50564
1450 2.53524
1460 2.56497
1470 2.59483
1480 2.62483
1490 2.65496
1500 2.68521
1510 2.7156
1520 2.74612
1530 2.77678
1540 2.80756
1550 2.83847
1560 2.86951
1570 2.90068
1580 2.93198
1590 2.96341
1600 2.99497
1610 3.02665
1620 3.05846
1630 3.09041
1640 3.12247
1650 3.15467
1660 3.18699
1670 3.21944
1680 3.25202
1690 3.28472
1700 3.31755
1710 3.3505
1720 3.38358
1730 3.41678
1740 3.45011
1750 3.48357
1760 3.51715
1770 3.55085
1780 3.58467
1790 3.61863
1800 3.6527
1810 3.6869
1820 3.72122
1830 3.75566
1840 3.79023
1850 3.82492
1860 3.85973
1870 3.89466
1880 3.92972
1890 3.96489
1900 4.00019
1910 4.03561
1920 4.07115
1930 4.10681
1940 4.14259
1950 4.1785
1960 4.21452
1970 4.25066
1980 4.28693
1990 4.32331
2000 4.35981
2010 4.39643
2020 4.43318
2030 4.47004
2040 4.50702
2050 4.54411
2060 4.58133
2070 4.61867
2080 4.65612
2090 4.69369
2100 4.73138
2110 4.76919
2120 4.80711
2130 4.84516
2140 4.88331
2150 4.92159
2160 4.95999
2170 4.9985
2180 5.03712
2190 5.07587
2200 5.11473
2210 5.1537
2220 5.1928
2230 5.232
2240 5.27133
2250 5.31077
2260 5.35032
2270 5.39
2280 5.42978
2290 5.46968
2300 5.5097
2310 5.54983
2320 5.59008
2330 5.63044
2340 5.67091
2350 5.7115
2360 5.75221
2370 5.79303
2380 5.83396
2390 5.875
2400 5.91616
2410 5.95744
2420 5.99882
2430 6.04032
2440 6.08194
2450 6.12366
2460 6.1655
2470 6.20746
2480 6.24952
2490 6.2917
2500 6.33399
2510 6.37639
2520 6.41891
2530 6.46154
2540 6.50428
2550 6.54713
2560 6.59009
2570 6.63317
2580 6.67636
2590 6.71966
2600 6.76307
2610 6.80659
2620 6.85022
2630 6.89397
2640 6.93782
2650 6.98179
2660 7.02587
2670 7.07006
2680 7.11436
2690 7.15877
2700 7.20329
2710 7.24792
2720 7.29266
2730 7.33752
2740 7.38248
2750 7.42755
2760 7.47273
2770 7.51803
2780 7.56343
2790 7.60894
2800 7.65457
2810 7.7003
2820 7.74614
2830 7.79209
2840 7.83815
2850 7.88432
2860 7.9306
2870 7.97699
2880 8.02348
2890 8.07009
2900 8.1168
2910 8.16363
2920 8.21056
2930 8.2576
2940 8.30475
2950 8.35201
2960 8.39938
2970 8.44685
2980 8.49443
2990 8.54213
