TITLE="Graphics"
VARIABLES= "T", "diff_CO_CH3O2"
300 0.140384
310 0.149527
320 0.158907
330 0.16852
340 0.178362
350 0.188432
360 0.198725
370 0.209239
380 0.219971
390 0.230918
400 0.242077
410 0.253447
420 0.265024
430 0.276806
440 0.288792
450 0.300978
460 0.313362
470 0.325943
480 0.338719
490 0.351687
500 0.364846
510 0.378193
520 0.391728
530 0.405448
540 0.419352
550 0.433438
560 0.447705
570 0.46215
580 0.476774
590 0.491573
600 0.506547
610 0.521694
620 0.537013
630 0.552503
640 0.568162
650 0.58399
660 0.599985
670 0.616145
680 0.63247
690 0.648959
700 0.66561
710 0.682423
720 0.699396
730 0.716529
740 0.733819
750 0.751268
760 0.768873
770 0.786633
780 0.804549
790 0.822618
800 0.84084
810 0.859214
820 0.877739
830 0.896415
840 0.91524
850 0.934215
860 0.953337
870 0.972607
880 0.992024
890 1.01159
900 1.03129
910 1.05115
920 1.07114
930 1.09128
940 1.11157
950 1.13199
960 1.15255
970 1.17326
980 1.19411
990 1.21509
1000 1.23622
1010 1.25748
1020 1.27888
1030 1.30042
1040 1.3221
1050 1.34391
1060 1.36585
1070 1.38794
1080 1.41015
1090 1.4325
1100 1.45499
1110 1.47761
1120 1.50036
1130 1.52324
1140 1.54625
1150 1.5694
1160 1.59268
1170 1.61608
1180 1.63962
1190 1.66329
1200 1.68709
1210 1.71101
1220 1.73506
1230 1.75925
1240 1.78356
1250 1.80799
1260 1.83256
1270 1.85725
1280 1.88206
1290 1.90701
1300 1.93207
1310 1.95727
1320 1.98258
1330 2.00802
1340 2.03359
1350 2.05928
1360 2.08509
1370 2.11103
1380 2.13709
1390 2.16327
1400 2.18957
1410 2.216
1420 2.24255
1430 2.26922
1440 2.296
1450 2.32291
1460 2.34995
1470 2.3771
1480 2.40437
1490 2.43176
1500 2.45927
1510 2.48689
1520 2.51464
1530 2.54251
1540 2.57049
1550 2.59859
1560 2.62681
1570 2.65515
1580 2.6836
1590 2.71218
1600 2.74086
1610 2.76967
1620 2.79859
1630 2.82763
1640 2.85678
1650 2.88605
1660 2.91544
1670 2.94494
1680 2.97455
1690 3.00428
1700 3.03412
1710 3.06408
1720 3.09416
1730 3.12434
1740 3.15464
1750 3.18506
1760 3.21559
1770 3.24623
1780 3.27698
1790 3.30785
1800 3.33883
1810 3.36992
1820 3.40112
1830 3.43244
1840 3.46387
1850 3.49541
1860 3.52706
1870 3.55882
1880 3.5907
1890 3.62268
1900 3.65478
1910 3.68698
1920 3.7193
1930 3.75173
1940 3.78427
1950 3.81692
1960 3.84967
1970 3.88254
1980 3.91552
1990 3.94861
2000 3.9818
2010 4.01511
2020 4.04852
2030 4.08205
2040 4.11568
2050 4.14942
2060 4.18327
2070 4.21723
2080 4.25129
2090 4.28547
2100 4.31975
2110 4.35414
2120 4.38864
2130 4.42324
2140 4.45795
2150 4.49277
2160 4.5277
2170 4.56274
2180 4.59788
2190 4.63312
2200 4.66848
2210 4.70394
2220 4.73951
2230 4.77518
2240 4.81096
2250 4.84685
2260 4.88284
2270 4.91894
2280 4.95514
2290 4.99145
2300 5.02786
2310 5.06438
2320 5.10101
2330 5.13774
2340 5.17457
2350 5.21151
2360 5.24856
2370 5.28571
2380 5.32297
2390 5.36033
2400 5.39779
2410 5.43536
2420 5.47303
2430 5.51081
2440 5.54869
2450 5.58667
2460 5.62476
2470 5.66296
2480 5.70125
2490 5.73965
2500 5.77816
2510 5.81676
2520 5.85547
2530 5.89429
2540 5.9332
2550 5.97222
2560 6.01135
2570 6.05057
2580 6.0899
2590 6.12933
2600 6.16887
2610 6.20851
2620 6.24825
2630 6.28809
2640 6.32803
2650 6.36808
2660 6.40823
2670 6.44848
2680 6.48883
2690 6.52929
2700 6.56984
2710 6.6105
2720 6.65126
2730 6.69212
2740 6.73309
2750 6.77415
2760 6.81532
2770 6.85659
2780 6.89796
2790 6.93943
2800 6.981
2810 7.02267
2820 7.06445
2830 7.10632
2840 7.1483
2850 7.19038
2860 7.23255
2870 7.27483
2880 7.31721
2890 7.35969
2900 7.40227
2910 7.44495
2920 7.48773
2930 7.53061
2940 7.57359
2950 7.61668
2960 7.65986
2970 7.70314
2980 7.74652
2990 7.79
