TITLE="Graphics"
VARIABLES= "T", "diff_C3H5-A_CO"
300 0.134285
310 0.142772
320 0.151468
330 0.160371
340 0.169476
350 0.178782
360 0.188286
370 0.197984
380 0.207875
390 0.217957
400 0.228226
410 0.238681
420 0.24932
430 0.26014
440 0.27114
450 0.282317
460 0.29367
470 0.305198
480 0.316897
490 0.328767
500 0.340807
510 0.353013
520 0.365386
530 0.377923
540 0.390623
550 0.403485
560 0.416507
570 0.429688
580 0.443026
590 0.456522
600 0.470172
610 0.483977
620 0.497935
630 0.512044
640 0.526304
650 0.540714
660 0.555273
670 0.56998
680 0.584833
690 0.599832
700 0.614976
710 0.630264
720 0.645695
730 0.661269
740 0.676983
750 0.692839
760 0.708834
770 0.724968
780 0.74124
790 0.75765
800 0.774196
810 0.790879
820 0.807697
830 0.824649
840 0.841736
850 0.858956
860 0.876308
870 0.893792
880 0.911408
890 0.929155
900 0.947031
910 0.965038
920 0.983173
930 1.00144
940 1.01983
950 1.03835
960 1.05699
970 1.07577
980 1.09466
990 1.11369
1000 1.13284
1010 1.15211
1020 1.1715
1030 1.19102
1040 1.21067
1050 1.23043
1060 1.25032
1070 1.27033
1080 1.29046
1090 1.31071
1100 1.33108
1110 1.35157
1120 1.37218
1130 1.39291
1140 1.41376
1150 1.43473
1160 1.45581
1170 1.47701
1180 1.49833
1190 1.51977
1200 1.54132
1210 1.56299
1220 1.58478
1230 1.60668
1240 1.62869
1250 1.65082
1260 1.67307
1270 1.69543
1280 1.7179
1290 1.74049
1300 1.76319
1310 1.786
1320 1.80892
1330 1.83196
1340 1.85511
1350 1.87837
1360 1.90175
1370 1.92523
1380 1.94883
1390 1.97253
1400 1.99635
1410 2.02028
1420 2.04432
1430 2.06846
1440 2.09272
1450 2.11708
1460 2.14156
1470 2.16614
1480 2.19083
1490 2.21563
1500 2.24054
1510 2.26556
1520 2.29068
1530 2.31591
1540 2.34125
1550 2.36669
1560 2.39224
1570 2.4179
1580 2.44367
1590 2.46954
1600 2.49551
1610 2.52159
1620 2.54778
1630 2.57407
1640 2.60047
1650 2.62697
1660 2.65358
1670 2.68029
1680 2.70711
1690 2.73403
1700 2.76105
1710 2.78818
1720 2.81541
1730 2.84275
1740 2.87019
1750 2.89773
1760 2.92537
1770 2.95312
1780 2.98097
1790 3.00892
1800 3.03698
1810 3.06513
1820 3.09339
1830 3.12175
1840 3.15021
1850 3.17878
1860 3.20744
1870 3.23621
1880 3.26508
1890 3.29404
1900 3.32311
1910 3.35228
1920 3.38155
1930 3.41092
1940 3.44039
1950 3.46996
1960 3.49963
1970 3.5294
1980 3.55927
1990 3.58924
2000 3.61931
2010 3.64948
2020 3.67975
2030 3.71011
2040 3.74058
2050 3.77114
2060 3.80181
2070 3.83257
2080 3.86343
2090 3.89439
2100 3.92544
2110 3.9566
2120 3.98785
2130 4.0192
2140 4.05065
2150 4.08219
2160 4.11384
2170 4.14558
2180 4.17741
2190 4.20935
2200 4.24138
2210 4.27351
2220 4.30574
2230 4.33806
2240 4.37048
2250 4.40299
2260 4.43561
2270 4.46832
2280 4.50112
2290 4.53402
2300 4.56702
2310 4.60011
2320 4.6333
2330 4.66659
2340 4.69997
2350 4.73344
2360 4.76702
2370 4.80068
2380 4.83445
2390 4.86831
2400 4.90226
2410 4.93631
2420 4.97045
2430 5.00469
2440 5.03902
2450 5.07345
2460 5.10797
2470 5.14259
2480 5.1773
2490 5.21211
2500 5.24701
2510 5.282
2520 5.31709
2530 5.35228
2540 5.38755
2550 5.42293
2560 5.45839
2570 5.49395
2580 5.5296
2590 5.56535
2600 5.60119
2610 5.63712
2620 5.67315
2630 5.70927
2640 5.74548
2650 5.78179
2660 5.81819
2670 5.85468
2680 5.89127
2690 5.92795
2700 5.96472
2710 6.00159
2720 6.03854
2730 6.0756
2740 6.11274
2750 6.14997
2760 6.1873
2770 6.22472
2780 6.26224
2790 6.29984
2800 6.33754
2810 6.37533
2820 6.41321
2830 6.45119
2840 6.48925
2850 6.52741
2860 6.56566
2870 6.604
2880 6.64244
2890 6.68096
2900 6.71958
2910 6.75829
2920 6.79709
2930 6.83598
2940 6.87497
2950 6.91404
2960 6.95321
2970 6.99247
2980 7.03182
2990 7.07126
