TITLE="Graphics"
VARIABLES= "T", "diff_CH2CHO_C7H15"
300 0.0383676
310 0.0410819
320 0.0438814
330 0.0467652
340 0.0497326
350 0.0527828
360 0.0559151
370 0.0591286
380 0.0624227
390 0.0657966
400 0.0692497
410 0.0727813
420 0.0763906
430 0.0800771
440 0.08384
450 0.0876787
460 0.0915927
470 0.0955812
480 0.0996437
490 0.10378
500 0.107988
510 0.112269
520 0.116622
530 0.121046
540 0.12554
550 0.130104
560 0.134738
570 0.139441
580 0.144213
590 0.149052
600 0.153959
610 0.158933
620 0.163974
630 0.169081
640 0.174253
650 0.179491
660 0.184794
670 0.190161
680 0.195592
690 0.201086
700 0.206644
710 0.212264
720 0.217947
730 0.223692
740 0.229498
750 0.235365
760 0.241293
770 0.247282
780 0.253331
790 0.259439
800 0.265607
810 0.271834
820 0.27812
830 0.284463
840 0.290865
850 0.297325
860 0.303842
870 0.310416
880 0.317047
890 0.323735
900 0.330478
910 0.337277
920 0.344132
930 0.351042
940 0.358008
950 0.365027
960 0.372102
970 0.37923
980 0.386412
990 0.393648
1000 0.400937
1010 0.40828
1020 0.415675
1030 0.423123
1040 0.430623
1050 0.438175
1060 0.445778
1070 0.453434
1080 0.461141
1090 0.468899
1100 0.476707
1110 0.484567
1120 0.492476
1130 0.500436
1140 0.508446
1150 0.516506
1160 0.524615
1170 0.532774
1180 0.540981
1190 0.549238
1200 0.557543
1210 0.565897
1220 0.574299
1230 0.582749
1240 0.591246
1250 0.599792
1260 0.608385
1270 0.617025
1280 0.625713
1290 0.634447
1300 0.643228
1310 0.652055
1320 0.660929
1330 0.669849
1340 0.678815
1350 0.687827
1360 0.696885
1370 0.705988
1380 0.715136
1390 0.724329
1400 0.733568
1410 0.742851
1420 0.752179
1430 0.761551
1440 0.770968
1450 0.780428
1460 0.789933
1470 0.799482
1480 0.809074
1490 0.818709
1500 0.828389
1510 0.838111
1520 0.847876
1530 0.857685
1540 0.867536
1550 0.877429
1560 0.887366
1570 0.897344
1580 0.907365
1590 0.917428
1600 0.927533
1610 0.937679
1620 0.947867
1630 0.958097
1640 0.968368
1650 0.97868
1660 0.989034
1670 0.999428
1680 1.00986
1690 1.02034
1700 1.03086
1710 1.04141
1720 1.05201
1730 1.06265
1740 1.07333
1750 1.08404
1760 1.0948
1770 1.1056
1780 1.11644
1790 1.12731
1800 1.13823
1810 1.14918
1820 1.16018
1830 1.17121
1840 1.18228
1850 1.19339
1860 1.20454
1870 1.21573
1880 1.22696
1890 1.23822
1900 1.24953
1910 1.26087
1920 1.27225
1930 1.28367
1940 1.29512
1950 1.30662
1960 1.31815
1970 1.32972
1980 1.34132
1990 1.35296
2000 1.36465
2010 1.37636
2020 1.38812
2030 1.39991
2040 1.41174
2050 1.4236
2060 1.43551
2070 1.44744
2080 1.45942
2090 1.47143
2100 1.48348
2110 1.49556
2120 1.50768
2130 1.51984
2140 1.53203
2150 1.54426
2160 1.55652
2170 1.56882
2180 1.58115
2190 1.59352
2200 1.60593
2210 1.61837
2220 1.63084
2230 1.64336
2240 1.6559
2250 1.66848
2260 1.6811
2270 1.69375
2280 1.70643
2290 1.71915
2300 1.73191
2310 1.7447
2320 1.75752
2330 1.77038
2340 1.78327
2350 1.7962
2360 1.80916
2370 1.82215
2380 1.83518
2390 1.84824
2400 1.86134
2410 1.87447
2420 1.88763
2430 1.90083
2440 1.91406
2450 1.92732
2460 1.94062
2470 1.95395
2480 1.96731
2490 1.98071
2500 1.99414
2510 2.0076
2520 2.0211
2530 2.03462
2540 2.04819
2550 2.06178
2560 2.07541
2570 2.08906
2580 2.10276
2590 2.11648
2600 2.13024
2610 2.14402
2620 2.15784
2630 2.1717
2640 2.18558
2650 2.1995
2660 2.21345
2670 2.22743
2680 2.24144
2690 2.25549
2700 2.26956
2710 2.28367
2720 2.29781
2730 2.31198
2740 2.32618
2750 2.34042
2760 2.35468
2770 2.36898
2780 2.38331
2790 2.39766
2800 2.41205
2810 2.42648
2820 2.44093
2830 2.45541
2840 2.46992
2850 2.48447
2860 2.49904
2870 2.51365
2880 2.52829
2890 2.54295
2900 2.55765
2910 2.57238
2920 2.58714
2930 2.60193
2940 2.61675
2950 2.6316
2960 2.64648
2970 2.66139
2980 2.67633
2990 2.6913
