TITLE="Graphics"
VARIABLES= "T", "diff_H2O2_C7H14O"
300 0.0618275
310 0.0658985
320 0.0700769
330 0.0743612
340 0.0787499
350 0.0832416
360 0.0878348
370 0.0925283
380 0.0973208
390 0.102211
400 0.107198
410 0.11228
420 0.117456
430 0.122726
440 0.128088
450 0.133541
460 0.139084
470 0.144717
480 0.150437
490 0.156246
500 0.162141
510 0.168121
520 0.174187
530 0.180336
540 0.18657
550 0.192885
560 0.199283
570 0.205762
580 0.212322
590 0.218962
600 0.22568
610 0.232478
620 0.239353
630 0.246306
640 0.253336
650 0.260442
660 0.267624
670 0.274882
680 0.282213
690 0.289619
700 0.297099
710 0.304652
720 0.312278
730 0.319976
740 0.327745
750 0.335586
760 0.343498
770 0.351481
780 0.359534
790 0.367656
800 0.375847
810 0.384108
820 0.392437
830 0.400834
840 0.409299
850 0.417831
860 0.426431
870 0.435097
880 0.44383
890 0.452628
900 0.461493
910 0.470423
920 0.479418
930 0.488477
940 0.497602
950 0.50679
960 0.516043
970 0.525359
980 0.534738
990 0.544181
1000 0.553686
1010 0.563254
1020 0.572885
1030 0.582577
1040 0.592331
1050 0.602147
1060 0.612024
1070 0.621962
1080 0.631961
1090 0.642021
1100 0.652141
1110 0.662321
1120 0.672562
1130 0.682862
1140 0.693221
1150 0.70364
1160 0.714118
1170 0.724655
1180 0.735251
1190 0.745905
1200 0.756618
1210 0.767388
1220 0.778217
1230 0.789104
1240 0.800048
1250 0.81105
1260 0.822109
1270 0.833224
1280 0.844397
1290 0.855627
1300 0.866913
1310 0.878256
1320 0.889655
1330 0.90111
1340 0.912621
1350 0.924188
1360 0.935811
1370 0.947489
1380 0.959222
1390 0.971011
1400 0.982855
1410 0.994753
1420 1.00671
1430 1.01871
1440 1.03078
1450 1.04289
1460 1.05507
1470 1.06729
1480 1.07957
1490 1.0919
1500 1.10429
1510 1.11673
1520 1.12923
1530 1.14177
1540 1.15438
1550 1.16703
1560 1.17974
1570 1.1925
1580 1.20531
1590 1.21818
1600 1.23109
1610 1.24406
1620 1.25709
1630 1.27016
1640 1.28329
1650 1.29647
1660 1.3097
1670 1.32299
1680 1.33632
1690 1.34971
1700 1.36315
1710 1.37664
1720 1.39018
1730 1.40377
1740 1.41741
1750 1.43111
1760 1.44486
1770 1.45865
1780 1.4725
1790 1.4864
1800 1.50035
1810 1.51435
1820 1.5284
1830 1.5425
1840 1.55665
1850 1.57085
1860 1.5851
1870 1.59941
1880 1.61376
1890 1.62816
1900 1.64261
1910 1.65711
1920 1.67166
1930 1.68626
1940 1.70091
1950 1.71561
1960 1.73036
1970 1.74516
1980 1.76001
1990 1.77491
2000 1.78985
2010 1.80485
2020 1.81989
2030 1.83498
2040 1.85013
2050 1.86532
2060 1.88056
2070 1.89584
2080 1.91118
2090 1.92657
2100 1.942
2110 1.95748
2120 1.97301
2130 1.98859
2140 2.00422
2150 2.0199
2160 2.03562
2170 2.05139
2180 2.06721
2190 2.08308
2200 2.09899
2210 2.11496
2220 2.13097
2230 2.14703
2240 2.16313
2250 2.17929
2260 2.19549
2270 2.21174
2280 2.22803
2290 2.24438
2300 2.26077
2310 2.27721
2320 2.29369
2330 2.31023
2340 2.32681
2350 2.34344
2360 2.36011
2370 2.37683
2380 2.3936
2390 2.41042
2400 2.42728
2410 2.44419
2420 2.46114
2430 2.47815
2440 2.4952
2450 2.51229
2460 2.52944
2470 2.54663
2480 2.56386
2490 2.58114
2500 2.59847
2510 2.61585
2520 2.63327
2530 2.65074
2540 2.66825
2550 2.68581
2560 2.70342
2570 2.72107
2580 2.73877
2590 2.75652
2600 2.77431
2610 2.79214
2620 2.81003
2630 2.82796
2640 2.84593
2650 2.86395
2660 2.88202
2670 2.90013
2680 2.91829
2690 2.93649
2700 2.95474
2710 2.97304
2720 2.99138
2730 3.00976
2740 3.0282
2750 3.04667
2760 3.0652
2770 3.08377
2780 3.10238
2790 3.12104
2800 3.13974
2810 3.15849
2820 3.17729
2830 3.19613
2840 3.21501
2850 3.23394
2860 3.25292
2870 3.27194
2880 3.29101
2890 3.31012
2900 3.32928
2910 3.34848
2920 3.36772
2930 3.38701
2940 3.40635
2950 3.42573
2960 3.44516
2970 3.46463
2980 3.48414
2990 3.5037
