TITLE="Graphics"
VARIABLES= "T", "diff_CH2CO_CH2CO"
300 0.0760944
310 0.0814701
320 0.0870134
330 0.0927226
340 0.0985962
350 0.104633
360 0.11083
370 0.117188
380 0.123704
390 0.130376
400 0.137204
410 0.144186
420 0.151321
430 0.158607
440 0.166042
450 0.173627
460 0.181359
470 0.189237
480 0.197261
490 0.205428
500 0.213738
510 0.222189
520 0.230781
530 0.239512
540 0.248381
550 0.257387
560 0.26653
570 0.275807
580 0.285219
590 0.294764
600 0.304441
610 0.314249
620 0.324187
630 0.334255
640 0.344452
650 0.354776
660 0.365226
670 0.375803
680 0.386505
690 0.39733
700 0.40828
710 0.419352
720 0.430545
730 0.44186
740 0.453295
750 0.46485
760 0.476524
770 0.488315
780 0.500224
790 0.51225
800 0.524392
810 0.536649
820 0.549021
830 0.561507
840 0.574106
850 0.586818
860 0.599643
870 0.612578
880 0.625625
890 0.638782
900 0.652048
910 0.665424
920 0.678908
930 0.6925
940 0.7062
950 0.720006
960 0.733919
970 0.747937
980 0.762061
990 0.776289
1000 0.790622
1010 0.805058
1020 0.819598
1030 0.83424
1040 0.848984
1050 0.863831
1060 0.878778
1070 0.893826
1080 0.908975
1090 0.924223
1100 0.939571
1110 0.955017
1120 0.970562
1130 0.986206
1140 1.00195
1150 1.01778
1160 1.03372
1170 1.04975
1180 1.06588
1190 1.0821
1200 1.09842
1210 1.11483
1220 1.13134
1230 1.14794
1240 1.16463
1250 1.18142
1260 1.1983
1270 1.21528
1280 1.23234
1290 1.2495
1300 1.26675
1310 1.28408
1320 1.30151
1330 1.31904
1340 1.33665
1350 1.35435
1360 1.37213
1370 1.39001
1380 1.40798
1390 1.42603
1400 1.44418
1410 1.46241
1420 1.48073
1430 1.49913
1440 1.51762
1450 1.5362
1460 1.55486
1470 1.57361
1480 1.59245
1490 1.61137
1500 1.63038
1510 1.64947
1520 1.66864
1530 1.6879
1540 1.70724
1550 1.72667
1560 1.74618
1570 1.76577
1580 1.78544
1590 1.8052
1600 1.82504
1610 1.84496
1620 1.86497
1630 1.88505
1640 1.90521
1650 1.92546
1660 1.94579
1670 1.96619
1680 1.98668
1690 2.00725
1700 2.0279
1710 2.04862
1720 2.06943
1730 2.09031
1740 2.11127
1750 2.13231
1760 2.15343
1770 2.17463
1780 2.19591
1790 2.21726
1800 2.23869
1810 2.2602
1820 2.28178
1830 2.30344
1840 2.32518
1850 2.34699
1860 2.36888
1870 2.39084
1880 2.41288
1890 2.435
1900 2.45719
1910 2.47946
1920 2.5018
1930 2.52421
1940 2.5467
1950 2.56927
1960 2.5919
1970 2.61461
1980 2.6374
1990 2.66026
2000 2.68319
2010 2.70619
2020 2.72927
2030 2.75242
2040 2.77564
2050 2.79894
2060 2.8223
2070 2.84574
2080 2.86925
2090 2.89284
2100 2.91649
2110 2.94021
2120 2.96401
2130 2.98788
2140 3.01181
2150 3.03582
2160 3.0599
2170 3.08405
2180 3.10826
2190 3.13255
2200 3.15691
2210 3.18134
2220 3.20583
2230 3.2304
2240 3.25503
2250 3.27974
2260 3.30451
2270 3.32935
2280 3.35426
2290 3.37924
2300 3.40428
2310 3.4294
2320 3.45458
2330 3.47983
2340 3.50514
2350 3.53053
2360 3.55598
2370 3.5815
2380 3.60708
2390 3.63273
2400 3.65845
2410 3.68424
2420 3.71009
2430 3.73601
2440 3.76199
2450 3.78804
2460 3.81415
2470 3.84033
2480 3.86658
2490 3.89289
2500 3.91927
2510 3.94571
2520 3.97222
2530 3.99879
2540 4.02543
2550 4.05213
2560 4.07889
2570 4.10572
2580 4.13262
2590 4.15958
2600 4.1866
2610 4.21368
2620 4.24083
2630 4.26805
2640 4.29532
2650 4.32266
2660 4.35007
2670 4.37753
2680 4.40506
2690 4.43266
2700 4.46031
2710 4.48803
2720 4.51581
2730 4.54365
2740 4.57155
2750 4.59952
2760 4.62755
2770 4.65564
2780 4.68379
2790 4.71201
2800 4.74028
2810 4.76862
2820 4.79702
2830 4.82548
2840 4.854
2850 4.88258
2860 4.91123
2870 4.93993
2880 4.96869
2890 4.99752
2900 5.0264
2910 5.05535
2920 5.08436
2930 5.11342
2940 5.14255
2950 5.17174
2960 5.20098
2970 5.23029
2980 5.25965
2990 5.28908
