TITLE="Graphics"
VARIABLES= "r, cm", "drho/dt, g/(cm<sup>3</sup>s", " dT/dt", "dW/dt"
0.0024 -0.61731 118025 2049.02
0.00245 -0.340514 78904.5 2257.23
0.0025 -0.264675 71362.7 2422.26
0.00255 -0.20594 64739 2553.22
0.0026 -0.160051 58934 2656.21
0.00265 -0.123753 53826.3 2738.82
0.0027 -0.0947437 49291.1 2802.64
0.00275 -0.0712317 45232.7 2854.45
0.0028 -0.0520686 41575.8 2893.52
0.00285 -0.0362632 38260.4 2924.64
0.0029 -0.023142 35237.2 2948.66
0.00295 -0.0122151 32468.3 2965.45
0.003 -0.0030302 29919.9 2977.71
0.00305 0.00466107 27564.8 2983.2
0.0031 0.0112546 25380.2 2988.8
0.00315 0.0168407 23346.8 2990.27
0.0032 0.0216011 21448.3 2988.92
0.00325 0.0256516 19670.7 2984.42
0.0033 0.0291301 18002.1 2978.51
0.00335 0.0322108 16432.4 2975.65
0.0034 0.034776 14952.7 2966.99
0.00345 0.0369777 13555.7 2957.09
0.0035 0.0388694 12234.7 2946.3
0.00355 0.0405823 10984.3 2939.29
0.0036 0.0420779 9799.83 2932.58
0.00365 0.0432061 8677.17 2916.94
0.0037 0.044212 7613.08 2903.76
0.00375 0.0456231 6246.92 2893.7
0.0038 0.0464916 5274.66 2887.98
0.00385 0.0475818 4010.85 2876.46
0.0039 0.0479211 3151.36 2855.92
0.00395 0.0483762 2311.74 2845.02
0.004 0.0488554 1494.14 2838.78
0.00405 0.0492639 699.837 2831.76
0.0041 0.0494539 -70.4439 2815.33
0.00415 0.0494934 -816.288 2792.93
0.0042 0.0497779 -1537.61 2787.16
0.00425 0.0500689 -2234.95 2784.24
0.0043 0.050173 -2909.01 2772.66
0.00435 0.0501262 -3560.38 2754.13
0.0044 0.0499995 -4189.69 2732.59
0.00445 0.0501591 -4797.59 2729.84
0.0045 0.0503549 -5385.2 2730.96
0.00455 0.0502298 -5953.64 2714.05
0.0046 0.0500469 -6503.58 2694.77
0.00465 0.0498865 -7035.79 2677.94
0.0047 0.0498755 -7551.08 2671.38
0.00475 0.0500345 -8050.42 2676.48
0.0048 0.0498773 -8535.05 2662.65
0.00485 0.0495054 -9005.69 2635.93
0.0049 0.0493788 -9462.8 2625.34
0.00495 0.04923 -9788.03 2620.44
0.005247 0.0482923 -12125.1 2561.88
0.00556182 0.0471058 -14189 2500.43
0.00589553 0.0457957 -16008.6 2439.28
0.00624926 0.0444114 -17613.6 2378.02
0.00662422 0.0429983 -19025.7 2317.31
0.00702167 0.0415728 -20262.9 2256.58
0.00744297 0.0401582 -21341.7 2196.3
0.00788955 0.0387654 -22276.9 2136.42
0.00836292 0.0374031 -23082.3 2077.03
0.0088647 0.0360793 -23770.6 2018.36
0.00939658 0.0347895 -24353 1959.85
0.00996037 0.0335405 -24839.3 1901.9
0.010558 0.0323292 -25238.6 1844.27
0.0111915 0.0311545 -25558.6 1786.89
0.011863 0.0300176 -25806.2 1729.96
0.0125747 0.0289124 -25987.4 1673.07
0.0133292 0.0278367 -26107.5 1616.17
0.014129 0.0267903 -26171.1 1559.38
0.0149767 0.0257696 -26182.2 1502.54
0.0158753 0.024771 -26144.2 1445.5
0.0168278 0.023792 -26060 1388.2
0.0178375 0.0228304 -25932.1 1330.58
0.0189078 0.0218838 -25762.3 1272.59
0.0200422 0.0209498 -25552.2 1214.17
0.0212448 0.0200263 -25302.9 1155.27
0.0225194 0.0191116 -25014.9 1095.88
0.0238706 0.0182039 -24688.5 1035.99
0.0253028 0.0173018 -24323.4 975.634
0.026821 0.0164044 -23919.1 914.853
0.0284303 0.015511 -23474.3 853.739
0.0301361 0.0146212 -22987.7 792.42
0.0319443 0.0137353 -22457.2 731.067
0.0338609 0.0128539 -21880.9 669.907
0.0358926 0.0119785 -21256.2 609.219
0.0380461 0.0111109 -20580.8 549.345
0.0403289 0.0102538 -19852.3 490.685
0.0427486 0.0094107 -19069 433.694
0.0453135 0.00858569 -18230.2 378.876
0.0480324 0.00778358 -17336.6 326.759
0.0509143 0.00700971 -16391 277.869
0.0539692 0.00626966 -15399 232.699
0.0572073 0.00556892 -14368.8 191.662
0.0606398 0.00491247 -13311.4 155.058
0.0642781 0.00430425 -12239.5 123.041
0.0681348 0.00374678 -11166.6 95.6087
0.0722229 0.00324089 -10105.7 72.6015
0.0765563 0.00278569 -9067.65 53.7312
0.0811497 0.00237878 -8061.12 38.6141
0.0860186 0.00201677 -7092.54 26.8107
0.0911798 0.00169576 -6167.04 17.8591
0.0966505 0.00141195 -5289.53 11.2995
0.10245 0.00116191 -4465.6 6.68894
0.108597 0.000942756 -3701.73 3.61144
0.115112 0.000752173 -3004.96 1.68677
0.122019 0.000588267 -2382.02 0.581103
0.12934 0.000449411 -1838.19 0.017384
0.137101 0.000334058 -1376.37 -0.218152
0.145327 0.000240566 -996.339 -0.276424
0.154046 0.000167044 -694.496 -0.253412
0.163289 0.000111274 -464.098 -0.20304
0.173086 7.07152e-05 -295.876 -0.1512
0.183472 4.26144e-05 -178.996 -0.107654
0.19448 2.41892e-05 -102.155 -0.0743153
0.206149 1.28362e-05 -54.6509 -0.0500352
0.218518 6.31247e-06 -27.2206 -0.0328935
0.231629 2.84596e-06 -12.5324 -0.02108
0.245526 1.1592e-06 -5.29355 -0.0131283
0.260258 4.16679e-07 -2.03571 -0.00791485
0.275873 1.25995e-07 -0.707316 -0.00459938
0.292426 2.7769e-08 -0.220387 -0.0025643
0.309971 1.06618e-09 -0.0611405 -0.00136496
0.32857 -3.3453e-09 -0.0150023 -0.000690074
0.348284 -2.55669e-09 -0.00323643 -0.00032955
0.369181 -1.35204e-09 -0.00061063 -0.000147807
0.391332 -6.04038e-10 -0.000100328 -6.18877e-05
0.414812 -2.40651e-10 -1.4325e-05 -2.40397e-05
0.4397 -8.69773e-11 -1.79978e-06 -8.60735e-06
0.466082 -2.86091e-11 -2.14097e-07 -2.8221e-06
0.494047 -8.5318e-12 -6.95605e-08 -8.41742e-07
0.52369 -2.29587e-12 -3.65426e-08 -2.26937e-07
0.555112 -5.49555e-13 -3.65137e-08 -5.49889e-08
0.588418 -1.12316e-13 -3.65069e-08 -1.19367e-08
0.623723 -1.49482e-14 -3.65055e-08 -2.34951e-09
0.661147 4.25298e-15 -3.65052e-08 -4.58894e-10
0.700816 7.58535e-15 -3.65052e-08 -1.30776e-10
0.742865 8.0924e-15 -3.65052e-08 -8.08506e-11
0.787436 8.15957e-15 -3.65052e-08 -7.42364e-11
0.834683 8.16736e-15 -3.65052e-08 -7.34694e-11
0.884764 8.16815e-15 -3.65052e-08 -7.33921e-11
0.937849 8.16822e-15 -3.65052e-08 -7.33851e-11
0.99412 8.16822e-15 -3.65052e-08 -7.33849e-11
1.05377 8.16822e-15 -3.65052e-08 -7.33849e-11
1.11699 8.16822e-15 -3.65052e-08 -7.33848e-11
1.18401 8.16822e-15 -3.65052e-08 -7.33848e-11
1.25505 8.16822e-15 -3.65052e-08 -7.33848e-11
1.33036 8.16822e-15 -3.65052e-08 -7.33848e-11
1.41018 8.16822e-15 -3.65052e-08 -7.33848e-11
1.49479 8.16822e-15 -3.65052e-08 -7.33848e-11
1.58448 8.16822e-15 -3.65052e-08 -7.33848e-11
1.67955 0 0 0
