TITLE="Graphics"
VARIABLES= "r, cm", "drho/dt, g/(cm<sup>3</sup>s", " dT/dt", "dW/dt"
0.00175 -263.997 3.97011e+07 -1196.78
0.0018 -0.648606 92618.5 -3062.97
0.00185 -0.774212 118908 -4533.89
0.0019 -0.962574 164425 -5693.8
0.00195 -1.06697 199540 -6607.28
0.002 -1.1158 226273 -7321.86
0.00205 -1.12767 246183 -7873.78
0.0021 -1.11502 260498 -8291.35
0.00215 -1.08628 270200 -8597.27
0.0022 -1.04722 276087 -8810
0.00225 -1.00185 278814 -8944.84
0.0023 -0.952934 278923 -9014.55
0.00235 -0.902417 276866 -9029.94
0.0024 -0.851635 273020 -9000.15
0.00245 -0.803516 268596 -8933.02
0.0025 -0.761093 265118 -8835.27
0.00255 -0.721829 261665 -8713.44
0.0026 -0.687642 259373 -8572.91
0.00265 -0.654216 256230 -8418.19
0.0027 -0.621861 252418 -8252.94
0.00275 -0.590742 248067 -8080.21
0.0028 -0.560817 243204 -7902.45
0.00285 -0.529779 236447 -7721.67
0.0029 -0.508423 234664 -7539.42
0.00295 -0.482417 228915 -7357.26
0.003 -0.458474 223505 -7176.25
0.00305 -0.436029 218155 -6997.25
0.0031 -0.414944 212853 -6820.96
0.00315 -0.395131 207612 -6647.9
0.0032 -0.376512 202450 -6478.51
0.00325 -0.359016 197382 -6313.1
0.0033 -0.342574 192419 -6151.91
0.00335 -0.327121 187573 -5995.1
0.0034 -0.312593 182850 -5842.79
0.00345 -0.298932 178255 -5695.02
0.0035 -0.28608 173792 -5551.83
0.00355 -0.273986 169462 -5413.18
0.0036 -0.262598 165266 -5279.06
0.00365 -0.251871 161204 -5149.38
0.0037 -0.241761 157275 -5024.07
0.00375 -0.232227 153476 -4903.04
0.0038 -0.223231 149806 -4786.16
0.00385 -0.214738 146261 -4673.35
0.0039 -0.206714 142839 -4564.46
0.00395 -0.19913 139536 -4459.44
0.004 -0.191957 136349 -4358.13
0.00405 -0.185169 133274 -4260.5
0.0041 -0.178742 130308 -4166.38
0.00415 -0.172654 127446 -4075.76
0.0042 -0.166882 124686 -3988.45
0.00425 -0.161408 122022 -3904.4
0.0043 -0.156213 119453 -3823.41
0.00435 -0.151277 116973 -3745.34
0.0044 -0.146586 114580 -3670.04
0.00445 -0.142121 112269 -3597.26
0.0045 -0.13787 110039 -3526.94
0.00455 -0.133818 107885 -3458.83
0.0046 -0.129953 105804 -3392.92
0.00465 -0.126264 103793 -3329.05
0.0047 -0.122742 101850 -3267.22
0.00475 -0.119377 99970.2 -3207.42
0.0048 -0.116161 98152 -3149.55
0.00485 -0.113089 96392.8 -3093.8
0.0049 -0.110149 94689.7 -3039.85
0.00495 -0.11139 98871.4 -2988.11
0.005247 -0.0967582 90128.7 -2714.75
0.00556182 -0.0842846 81908.7 -2475.73
0.00589553 -0.0740266 74950.8 -2264.37
0.00624926 -0.0655021 69021 -2076.18
0.00662422 -0.0583486 63923.5 -1907.97
0.00702167 -0.0522816 59498.1 -1756.61
0.00744297 -0.0470869 55615.8 -1619.83
0.00788955 -0.0425901 52174.3 -1494.98
0.00836292 -0.0386709 49093.6 -1381.06
0.0088647 -0.0352299 46311.2 -1276.76
0.00939658 -0.0321838 43778.8 -1180.55
0.00996037 -0.0294765 41459.3 -1091.97
0.010558 -0.0270572 39323.8 -1010.12
0.0111915 -0.0248836 37350.2 -934.131
0.011863 -0.0229275 35520.9 -863.803
0.0125747 -0.0211621 33822.2 -798.659
0.0133292 -0.0195642 32243.2 -738.191
0.014129 -0.0181152 30775.1 -682.044
0.0149767 -0.0167995 29410.5 -629.915
0.0158753 -0.0156035 28143.4 -581.526
0.0168278 -0.0145155 26968.8 -536.598
0.0178375 -0.0135254 25882.4 -494.912
0.0189078 -0.0126243 24880.3 -456.23
0.0200422 -0.0118039 23959.5 -420.327
0.0212448 -0.0110575 23117.2 -387.009
0.0225194 -0.0103787 22350.7 -356.076
0.0238706 -0.00976179 21657.9 -327.345
0.0253028 -0.00920183 21036.8 -300.652
0.026821 -0.00869432 20485.4 -275.842
0.0284303 -0.00823513 20001.7 -252.767
0.0301361 -0.00782051 19583.7 -231.292
0.0319443 -0.007447 19229.2 -211.292
0.0338609 -0.00711135 18935.3 -192.653
0.0358926 -0.00681046 18699 -175.273
0.0380461 -0.00654134 18516.1 -159.06
0.0403289 -0.00630099 18381.7 -143.935
0.0427486 -0.00608645 18289.7 -129.834
0.0453135 -0.00589466 18232.3 -116.706
0.0480324 -0.00572251 18200.5 -104.516
0.0509143 -0.00556679 18183.8 -93.2449
0.0539692 -0.0054242 18170.1 -82.8864
0.0572073 -0.00529137 18146.4 -73.4427
0.0606398 -0.00516486 18098.6 -64.9192
0.0642781 -0.00504118 18012.5 -57.3168
0.0681348 -0.00491682 17873.8 -50.6246
0.0722229 -0.00478825 17668.8 -44.8134
0.0765563 -0.00465195 17384.8 -39.832
0.0811497 -0.00450448 17010.4 -35.6069
0.0860186 -0.00434254 16535.7 -32.0452
0.0911798 -0.00416312 15953.4 -29.0402
0.0966505 -0.00396373 15258.5 -26.4794
0.10245 -0.00374263 14450 -24.2526
0.108597 -0.00349913 13530.8 -22.259
0.115112 -0.00323389 12509.6 -20.4135
0.122019 -0.0029491 11400.2 -18.6506
0.12934 -0.00264857 10222.7 -16.9257
0.137101 -0.00233769 9002.21 -15.2148
0.145327 -0.00202319 7768.12 -13.5126
0.154046 -0.00171266 6552.26 -11.8288
0.163289 -0.00141408 5386.85 -10.1843
0.173086 -0.00113515 4302.27 -8.60665
0.183472 -0.000882688 3324.71 -7.12611
0.19448 -0.000662012 2474.17 -5.77119
0.206149 -0.000476466 1762.74 -4.56525
0.218518 -0.000327109 1193.57 -3.52364
0.231629 -0.000212648 760.711 -2.65213
0.245526 -0.000129682 450.158 -1.94666
0.260258 -7.32482e-05 241.976 -1.39454
0.275873 -3.75843e-05 113.292 -0.976783
0.292426 -1.69329e-05 41.4417 -0.670876
0.309971 -6.2145e-06 6.5838 -0.453599
0.32857 -1.43224e-06 -6.74983 -0.303301
0.348284 2.19951e-07 -9.2793 -0.201436
0.369181 4.85294e-07 -7.53089 -0.133274
0.391332 3.00982e-07 -4.88795 -0.0878802
0.414812 7.98324e-08 -2.72294 -0.0576043
0.4397 -5.3323e-08 -1.33459 -0.0373365
0.466082 -9.94959e-08 -0.580775 -0.0237596
0.494047 -9.46729e-08 -0.224892 -0.0147286
0.52369 -7.07285e-08 -0.077391 -0.0088248
0.555112 -4.57589e-08 -0.0235949 -0.00507285
0.588418 -2.66678e-08 -0.00634812 -0.00277842
0.623723 -1.42626e-08 -0.00150098 -0.00144043
0.661147 -7.05747e-09 -0.000310743 -0.000702373
0.700816 -3.23712e-09 -5.62026e-05 -0.000320089
0.742865 -1.3736e-09 -8.91099e-06 -0.000135464
0.787436 -5.36873e-10 -1.27596e-06 -5.2893e-05
0.834683 -1.92204e-10 -1.76537e-07 -1.89293e-05
0.884764 -6.2626e-11 -7.68937e-08 -6.16822e-06
0.937849 -1.84561e-11 -3.75066e-08 -1.81816e-06
0.99412 -4.88353e-12 -3.66596e-08 -4.8173e-07
1.05377 -1.14955e-12 -3.64432e-08 -1.14064e-07
1.11699 -2.35211e-13 -3.63938e-08 -2.40346e-08
1.18401 -3.70777e-14 -3.63838e-08 -4.52553e-09
1.25505 7.5799e-16 -3.6382e-08 -8.0006e-10
1.33036 7.08893e-15 -3.63817e-08 -1.76688e-10
1.41018 8.0137e-15 -3.63817e-08 -8.56312e-11
1.49479 8.13167e-15 -3.63817e-08 -7.40153e-11
1.58448 8.14457e-15 -3.63817e-08 -7.27454e-11
1.67955 0 0 0
