TITLE="Graphics"
VARIABLES= "r, cm", "drho/dt, g/(cm<sup>3</sup>s", " dT/dt", "dW/dt"
0.00145 -1.74175 209201 -12603.8
0.0015 -1.51491 205530 -12044.6
0.00155 -1.33487 202322 -11540.3
0.0016 -1.18865 199360 -11082.1
0.00165 -1.068 196598 -10663.1
0.0017 -0.967059 193998 -10277.8
0.00175 -0.881601 191533 -9922.04
0.0018 -0.808487 189182 -9592.17
0.00185 -0.745354 186926 -9285.28
0.0019 -0.690391 184755 -8999.01
0.00195 -0.642185 182656 -8731.18
0.002 -0.599629 180623 -8480.13
0.00205 -0.561829 178648 -8244.06
0.0021 -0.528075 176727 -8021.82
0.00215 -0.497779 174855 -7812.01
0.0022 -0.470469 173030 -7613.92
0.00225 -0.445746 171247 -7426.45
0.0023 -0.423282 169506 -7248.98
0.00235 -0.402792 167803 -7080.46
0.0024 -0.384031 166135 -6920.02
0.00245 -0.366473 164279 -6766.77
0.0025 -0.350568 162654 -6619.87
0.00255 -0.335582 160847 -6478.96
0.0026 -0.32197 159281 -6343.71
0.00265 -0.309331 157740 -6214.27
0.0027 -0.297578 156223 -6090.7
0.00275 -0.286633 154730 -5973.09
0.0028 -0.276427 153262 -5861.36
0.00285 -0.266892 151817 -5755.09
0.0029 -0.257965 150397 -5653.77
0.00295 -0.249586 149000 -5556.65
0.003 -0.241703 147627 -5463.05
0.00305 -0.234268 146277 -5372.46
0.0031 -0.227243 144949 -5284.46
0.00315 -0.220597 143644 -5199.06
0.0032 -0.214304 142361 -5116.26
0.00325 -0.208344 141100 -5036.41
0.0033 -0.202698 139859 -4959.63
0.00335 -0.197349 138640 -4886.22
0.0034 -0.192279 137440 -4816.14
0.00345 -0.18747 136261 -4749.35
0.0035 -0.182903 135102 -4685.52
0.00355 -0.178557 133961 -4624.32
0.0036 -0.174414 132839 -4565.27
0.00365 -0.170454 131736 -4507.91
0.0037 -0.166662 130651 -4451.84
0.00375 -0.163023 129583 -4396.72
0.0038 -0.159525 128533 -4342.37
0.00385 -0.15616 127500 -4288.67
0.0039 -0.152919 126483 -4235.61
0.00395 -0.149798 125482 -4183.33
0.004 -0.146791 124498 -4131.88
0.00405 -0.143895 123528 -4081.47
0.0041 -0.141106 122575 -4032.16
0.00415 -0.13842 121636 -3984.05
0.0042 -0.135832 120712 -3937.17
0.00425 -0.133338 119802 -3891.5
0.0043 -0.130934 118906 -3847.07
0.00435 -0.128615 118024 -3803.79
0.0044 -0.126378 117156 -3761.74
0.00445 -0.12422 116301 -3720.85
0.0045 -0.122137 115459 -3681.21
0.00455 -0.120127 114630 -3642.76
0.0046 -0.118186 113813 -3605.52
0.00465 -0.116312 113009 -3569.4
0.0047 -0.1145 112217 -3534.36
0.00475 -0.112746 111437 -3500.24
0.0048 -0.111048 110669 -3467.01
0.00485 -0.109402 109912 -3434.47
0.0049 -0.107804 109167 -3402.62
0.00495 -0.10616 108270 -3371.31
0.005247 -0.0977776 104112 -3195.73
0.00556182 -0.090204 100051 -3027.37
0.00589553 -0.0833552 96091.9 -2867.24
0.00624926 -0.0771423 92251.8 -2714.22
0.00662422 -0.0714878 88542.1 -2567.43
0.00702167 -0.0663336 84970.4 -2426.85
0.00744297 -0.0616107 81541.8 -2290.91
0.00788955 -0.0572802 78260.5 -2159.95
0.00836292 -0.053307 75130.1 -2034.19
0.0088647 -0.0496504 72153.3 -1912.9
0.00939658 -0.0462844 69332.1 -1796.3
0.00996037 -0.0431894 66667.8 -1684.83
0.010558 -0.0403453 64160.2 -1578.68
0.0111915 -0.0377341 61808.4 -1478
0.011863 -0.0353412 59609.8 -1383.08
0.0125747 -0.0331518 57560.9 -1294.03
0.0133292 -0.0311502 55656.8 -1210.75
0.014129 -0.0293221 53891.7 -1133.12
0.0149767 -0.0276522 52259.4 -1060.84
0.0158753 -0.0261252 50753 -993.476
0.0168278 -0.0247272 49366.2 -930.603
0.0178375 -0.0234451 48092.7 -871.764
0.0189078 -0.0222668 46927.2 -816.496
0.0200422 -0.0211821 45865.1 -764.414
0.0212448 -0.0201824 44903 -715.211
0.0225194 -0.0192607 44037.9 -668.633
0.0238706 -0.0184106 43267.5 -624.451
0.0253028 -0.0176266 42589.8 -582.452
0.026821 -0.0169036 42002.2 -542.449
0.0284303 -0.0162365 41501.7 -504.261
0.0301361 -0.0156205 41083.8 -467.721
0.0319443 -0.015051 40742.4 -432.681
0.0338609 -0.0145233 40469.7 -399.022
0.0358926 -0.0140325 40255.2 -366.659
0.0380461 -0.0135742 40086.2 -335.548
0.0403289 -0.0131436 39947.7 -305.686
0.0427486 -0.0127363 39822.1 -277.107
0.0453135 -0.0123478 39689.7 -249.879
0.0480324 -0.0119737 39529.4 -224.097
0.0509143 -0.0116097 39319.1 -199.871
0.0539692 -0.0112516 39036.4 -177.311
0.0572073 -0.0108954 38659.6 -156.518
0.0606398 -0.0105374 38168.3 -137.565
0.0642781 -0.0101738 37544.4 -120.491
0.0681348 -0.00980131 36772.5 -105.29
0.0722229 -0.00941672 35840.5 -91.9131
0.0765563 -0.00901722 34740.5 -80.263
0.0811497 -0.00860045 33468.8 -70.2055
0.0860186 -0.00816469 32026.7 -61.5769
0.0911798 -0.00770905 30420.9 -54.1956
0.0966505 -0.00723366 28664 -47.8743
0.10245 -0.00673986 26774.2 -42.4316
0.108597 -0.00623024 24775.1 -37.7017
0.115112 -0.00570864 22695.1 -33.541
0.122019 -0.00518001 20566 -29.8313
0.12934 -0.00465018 18421.4 -26.4803
0.137101 -0.00412559 16295.6 -23.4194
0.145327 -0.003613 14221.5 -20.6004
0.154046 -0.00311916 12230.3 -17.9914
0.163289 -0.00265052 10349.7 -15.5734
0.173086 -0.00221304 8603.57 -13.3369
0.183472 -0.00181186 7011.54 -11.2791
0.19448 -0.00145112 5588.27 -9.40186
0.206149 -0.00113376 4343.25 -7.70948
0.218518 -0.00086134 3280.4 -6.20654
0.231629 -0.000633916 2397.94 -4.89613
0.245526 -0.000450013 1688.32 -3.77809
0.260258 -0.000306647 1138.43 -2.84757
0.275873 -0.000199481 730.232 -2.0943
0.292426 -0.000123137 441.925 -1.50264
0.309971 -7.16499e-05 249.694 -1.05252
0.32857 -3.90171e-05 129.807 -0.72112
0.348284 -1.97388e-05 60.6738 -0.484854
0.369181 -9.22319e-06 24.4063 -0.321373
0.391332 -3.9866e-06 7.54716 -0.211084
0.414812 -1.63646e-06 0.960552 -0.138037
0.4397 -6.96053e-07 -0.897843 -0.0901214
0.466082 -3.56119e-07 -0.983748 -0.0587159
0.494047 -2.31244e-07 -0.634403 -0.0380213
0.52369 -1.68263e-07 -0.321683 -0.0243016
0.555112 -1.20866e-07 -0.137264 -0.015201
0.588418 -8.13462e-08 -0.0504732 -0.00922309
0.623723 -5.07227e-08 -0.0161362 -0.00538227
0.661147 -2.93435e-08 -0.00449737 -0.00299738
0.700816 -1.5795e-08 -0.00109282 -0.0015815
0.742865 -7.91802e-09 -0.000231388 -0.000785198
0.787436 -3.69046e-09 -4.27347e-05 -0.000364402
0.834683 -1.59318e-09 -6.94903e-06 -0.000157037
0.884764 -6.33721e-10 -1.03832e-06 -6.24232e-05
0.937849 -2.30864e-10 -1.60136e-07 -2.27355e-05
0.99412 -7.65215e-11 -7.6306e-08 -7.5364e-06
1.05377 -2.29299e-11 -3.81605e-08 -2.25867e-06
1.11699 -6.16725e-12 -3.68047e-08 -6.08133e-07
1.18401 -1.47622e-12 -3.64532e-08 -1.4623e-07
1.25505 -3.086e-13 -3.63721e-08 -3.12603e-08
1.33036 -5.15435e-14 -3.63555e-08 -5.9492e-09
1.41018 -1.74754e-15 -3.63525e-08 -1.04605e-09
1.49479 6.7034e-15 -3.6352e-08 -2.13933e-10
1.58448 7.93657e-15 -3.63519e-08 -9.25096e-11
1.67955 0 0 0
