TITLE="Graphics"
VARIABLES= "r, cm", "drho/dt, g/(cm<sup>3</sup>s", " dT/dt", "dW/dt"
0.00155 -1.49552 184270 -11945.2
0.0016 -1.32583 182378 -11548.5
0.00165 -1.17511 178701 -11077.1
0.0017 -1.06038 177148 -10690.5
0.00175 -0.960726 174845 -10330.7
0.0018 -0.876245 172663 -9994.68
0.00185 -0.80385 170571 -9680.15
0.0019 -0.741219 168552 -9384.73
0.00195 -0.686591 166591 -9106.92
0.002 -0.638588 164681 -8845.03
0.00205 -0.596109 162808 -8597.37
0.0021 -0.55832 160977 -8363.04
0.00215 -0.524514 159180 -8141.07
0.0022 -0.494119 157415 -7930.2
0.00225 -0.466675 155681 -7729.88
0.0023 -0.441787 153975 -7539.05
0.00235 -0.423228 154600 -7357.3
0.0024 -0.53532 152570 -13922.3
0.00245 -0.376052 146913 -7018.08
0.0025 -0.362014 147397 -6859.55
0.00255 -0.345884 145779 -6707.88
0.0026 -0.331068 144249 -6562.52
0.00265 -0.317337 142742 -6423.13
0.0027 -0.304585 141258 -6289.37
0.00275 -0.292716 139800 -6160.82
0.0028 -0.281714 138414 -6037.49
0.00285 -0.2713 136950 -5918.39
0.0029 -0.261621 135563 -5804.09
0.00295 -0.252538 134199 -5693.69
0.003 -0.244012 132858 -5587.59
0.00305 -0.235985 131541 -5484.85
0.0031 -0.228429 130247 -5386.11
0.00315 -0.221849 129511 -5290.26
0.0032 -0.217364 127763 -5367.61
0.00325 -0.207653 125970 -5108.53
0.0033 -0.202144 125295 -5022.36
0.00335 -0.196413 124111 -4938.45
0.0034 -0.19098 122948 -4857.64
0.00345 -0.185809 121807 -4778.94
0.0035 -0.180893 120685 -4702.93
0.00355 -0.16124 102462 -4629.1
0.0036 -0.590116 121316 -31616.9
0.00365 -0.181833 134468 -4488.06
0.0037 -0.163411 116395 -4420.15
0.00375 -0.159529 115369 -4355.07
0.0038 -0.155799 114362 -4290.73
0.00385 -0.152246 113372 -4229.5
0.0039 -0.148817 112400 -4168.27
0.00395 -0.14557 111467 -4110.35
0.004 -0.142547 110508 -4062.45
0.00405 -0.139376 109562 -3997.7
0.0041 -0.136489 108677 -3943.36
0.00415 -0.133692 107787 -3890.04
0.0042 -0.131014 106911 -3839.09
0.00425 -0.128415 106051 -3787.96
0.0043 -0.125954 105205 -3741.08
0.00435 -0.12361 104483 -3692.09
0.0044 -0.121547 103558 -3668.66
0.00445 -0.118902 102646 -3599.25
0.0045 -0.116809 101963 -3554.45
0.00455 -0.114748 101186 -3512.78
0.0046 -0.112731 100422 -3470.33
0.00465 -0.110821 99670.9 -3431.77
0.0047 -0.108901 98931.9 -3388.85
0.00475 -0.107008 98129.5 -3347.74
0.0048 -0.106612 97493.6 -3405.79
0.00485 -0.103582 96860.4 -3268.44
0.0049 -0.101939 96093.9 -3236.04
0.00495 -0.100364 95412.9 -3202.33
0.005247 -0.0916953 91579 -2999.8
0.00556182 -0.0840019 87883 -2813.2
0.00589553 -0.077102 84328 -2637.1
0.00624926 -0.0709108 80915.3 -2472.03
0.00662422 -0.0654188 77646.4 -2323.46
0.00702167 -0.0603462 74520.3 -2174.29
0.00744297 -0.0558251 71535.2 -2039.65
0.00788955 -0.0517348 68689.8 -1913.69
0.00836292 -0.0480214 65981.6 -1795.38
0.0088647 -0.0446473 63407.6 -1684.51
0.00939658 -0.0415768 60964.4 -1580.67
0.00996037 -0.0387791 58650.8 -1483.4
0.010558 -0.0365016 56456.9 -1416.53
0.0111915 -0.0338846 54383.9 -1306.54
0.011863 -0.0317439 52430.6 -1226.14
0.0125747 -0.029779 50588.8 -1150.51
0.0133292 -0.0279743 48856.6 -1079.37
0.014129 -0.0263145 47231 -1012.38
0.0149767 -0.0247856 45708.9 -949.185
0.0158753 -0.0233763 44287.7 -889.525
0.0168278 -0.0220897 43007.1 -833.221
0.0178375 -0.0208767 41738.2 -779.901
0.0189078 -0.0197688 40605.9 -729.458
0.0200422 -0.0187458 39566.3 -681.687
0.0212448 -0.0178017 38617.9 -636.438
0.0225194 -0.0169309 37759.1 -593.569
0.0238706 -0.0161283 36988.6 -552.939
0.0253028 -0.0153892 36304.6 -514.411
0.026821 -0.0147157 35705.1 -478.467
0.0284303 -0.0140843 35187.4 -443.152
0.0301361 -0.01351 34748.2 -410.161
0.0319443 -0.0129822 34382.9 -378.756
0.0338609 -0.0124967 34085.6 -348.82
0.0358926 -0.0120493 33848.7 -320.249
0.0380461 -0.0116356 33662.8 -292.966
0.0403289 -0.0112515 33516.4 -266.918
0.0427486 -0.0109258 33526.5 -242.114
0.0453135 -0.0105547 33285.3 -218.484
0.0480324 -0.0102336 33167.3 -196.153
0.0509143 -0.00992518 33023 -175.159
0.0539692 -0.00962538 32832.6 -155.579
0.0572073 -0.0093303 32576.3 -137.493
0.0606398 -0.00903617 32234.9 -120.967
0.0642781 -0.00873941 31790.6 -106.045
0.0681348 -0.00843613 31224.6 -92.7698
0.0722229 -0.0081245 30533.7 -81.0141
0.0765563 -0.0078002 29698.3 -70.8048
0.0811497 -0.00746105 28715.4 -62.0019
0.0860186 -0.00710489 27582.7 -54.4674
0.0911798 -0.00673021 26302.5 -48.0431
0.0966505 -0.00633628 24881.6 -42.5613
0.10245 -0.00592338 23331.8 -37.8565
0.108597 -0.00548883 21651.9 -33.8016
0.115112 -0.00504762 19918.4 -30.1819
0.122019 -0.0045913 18102.1 -26.9658
0.12934 -0.00412896 16250.3 -24.04
0.137101 -0.00366649 14393.9 -21.3413
0.145327 -0.00321041 12564.5 -18.8274
0.154046 -0.0027676 10793.2 -16.4732
0.163289 -0.00234489 9109.11 -14.2672
0.173086 -0.00195481 7538.42 -12.8054
0.183472 -0.00158495 6103.26 -10.2991
0.19448 -0.00125817 4820.95 -8.55075
0.206149 -0.000971824 3703.15 -6.97258
0.218518 -0.00072777 2755.42 -5.57361
0.231629 -0.000526201 1976.84 -4.35974
0.245526 -0.000365586 1359.99 -3.33197
0.260258 -0.000242746 891.296 -2.48527
0.275873 -0.000153923 552.598 -1.87424
0.292426 -9.1085e-05 319.686 -1.28378
0.309971 -5.07125e-05 170.657 -0.89064
0.32857 -2.61844e-05 82.0573 -0.605421
0.348284 -1.24154e-05 34.0076 -0.404847
0.369181 -5.36326e-06 10.8332 -0.267632
0.391332 -2.12314e-06 1.38401 -0.175776
0.414812 -8.17512e-07 -1.4403 -0.115122
0.4397 -7.11657e-05 285.859 -0.134609
0.466082 -2.29412e-07 -1.09859 -0.0490008
0.494047 -1.77709e-07 -0.586178 -0.0315907
0.52369 -1.3866e-07 -0.264475 -0.0200114
0.555112 -1.00187e-07 -0.103289 -0.012348
0.588418 -6.61364e-08 -0.035219 -0.00735874
0.623723 -4.01062e-08 -0.0105094 -0.00420166
0.661147 -2.25026e-08 -0.00274309 -0.00228163
0.700816 -0.000243553 994.951 -0.060515
0.742865 -5.68918e-09 -0.000124348 -0.000563166
0.787436 -2.56033e-09 -2.1617e-05 -0.000252619
0.834683 -1.06488e-09 -3.33506e-06 -0.000104932
0.884764 -4.07077e-10 -4.79037e-07 -4.00936e-05
0.937849 -1.42137e-10 -1.15213e-07 -1.3998e-05
0.99412 -4.50404e-11 -4.81718e-08 -4.43599e-06
1.05377 -1.28657e-11 -3.72958e-08 -1.2677e-06
1.11699 2.81142e-07 1.6042e-05 0.0276826
1.18401 -7.43786e-13 -3.64059e-08 -7.4111e-08
1.25505 -1.43789e-13 -3.63674e-08 -1.50323e-08
1.33036 -1.89273e-14 -3.63599e-08 -2.73781e-09
1.41018 3.9111e-15 -3.63586e-08 -4.89032e-10
1.49479 7.56322e-15 -3.63584e-08 -1.29427e-10
1.58448 8.06513e-15 -3.63584e-08 -8.00069e-11
1.67955 0 0 0
