TITLE="Graphics"
VARIABLES= "r, cm", "drho/dt, g/(cm<sup>3</sup>s", " dT/dt", "dW/dt"
0.00145 -1.74567 210776 -13630.9
0.0015 -1.52566 207570 -13065.1
0.00155 -1.34939 204636 -12549.7
0.0016 -1.20533 201858 -12076.9
0.00165 -1.0858 199206 -11640.9
0.0017 -0.985295 196659 -11236.9
0.00175 -0.899829 194199 -10861.1
0.0018 -0.826417 191814 -10510.5
0.00185 -0.762795 189493 -10182.2
0.0019 -0.707224 187230 -9874.25
0.00195 -0.658336 185019 -9584.5
0.002 -0.615055 182855 -9311.38
0.00205 -0.576516 180736 -9053.39
0.0021 -0.542017 178659 -8809.3
0.00215 -0.510988 176623 -8577.95
0.0022 -0.482956 174625 -8358.38
0.00225 -0.45753 172665 -8149.68
0.0023 -0.43438 170741 -7951.04
0.00235 -0.41323 168853 -7761.76
0.0024 -0.393845 167000 -7581.16
0.00245 -0.376015 165176 -7408.71
0.0025 -0.359584 163391 -7243.82
0.00255 -0.34439 161633 -7086.04
0.0026 -0.330318 159914 -6934.83
0.00265 -0.317248 158226 -6789.85
0.0027 -0.305082 156571 -6650.7
0.00275 -0.293736 154946 -6517.13
0.0028 -0.283134 153353 -6388.8
0.00285 -0.273209 151789 -6265.38
0.0029 -0.263898 150255 -6146.5
0.00295 -0.255149 148750 -6031.8
0.003 -0.246915 147273 -5921.16
0.00305 -0.239156 145824 -5814.44
0.0031 -0.231839 144403 -5711.78
0.00315 -0.22493 143009 -5612.95
0.0032 -0.218397 141641 -5517.75
0.00325 -0.212205 140300 -5425.49
0.0033 -0.206323 138983 -5335.72
0.00335 -0.200725 137692 -5248.03
0.0034 -0.195396 136424 -5162.61
0.00345 -0.190325 135181 -5079.87
0.0035 -0.185505 133961 -5000.46
0.00355 -0.180928 132763 -4924.65
0.0036 -0.176576 131588 -4852.26
0.00365 -0.172427 130435 -4782.52
0.0037 -0.168454 129303 -4714.46
0.00375 -0.164636 128192 -4647.14
0.0038 -0.160957 127101 -4580.23
0.00385 -0.157412 126030 -4513.88
0.0039 -0.154004 124979 -4448.8
0.00395 -0.150736 123947 -4385.75
0.004 -0.14761 122933 -4325.29
0.00405 -0.144621 121938 -4267.55
0.0041 -0.141756 120960 -4212.03
0.00415 -0.139002 120000 -4158.2
0.0042 -0.136342 119056 -4105.13
0.00425 -0.133768 118130 -4052.64
0.0043 -0.131271 117219 -4000.38
0.00435 -0.128858 116325 -3949.1
0.0044 -0.126528 115446 -3899.05
0.00445 -0.124293 114582 -3851.26
0.0045 -0.12215 113733 -3805.85
0.00455 -0.120101 112898 -3763.19
0.0046 -0.118138 112077 -3722.88
0.00465 -0.116249 111271 -3684.29
0.0047 -0.114427 110477 -3647
0.00475 -0.112652 109697 -3609.86
0.0048 -0.110926 108930 -3573.04
0.00485 -0.109232 108176 -3535.51
0.0049 -0.107581 107434 -3498.12
0.00495 -0.105955 106698 -3460.02
0.005247 -0.097129 102593 -3241.39
0.00556182 -0.0893268 98637.6 -3044.46
0.00589553 -0.0823687 94834.7 -2863.62
0.00624926 -0.0761107 91184.8 -2694.47
0.00662422 -0.0704544 87687.4 -2535.06
0.00702167 -0.0653421 84341.1 -2385.82
0.00744297 -0.0607057 81143.8 -2245.59
0.00788955 -0.0564877 78092.9 -2113.42
0.00836292 -0.0526507 75185.4 -1989.51
0.0088647 -0.0491496 72418.1 -1872.93
0.00939658 -0.0459455 69787.7 -1762.86
0.00996037 -0.0430098 67290.8 -1659.06
0.010558 -0.0403162 64924 -1561.13
0.0111915 -0.0378391 62684.4 -1468.53
0.011863 -0.0355586 60568.8 -1380.95
0.0125747 -0.0334569 58574.5 -1298.11
0.0133292 -0.0315173 56699.3 -1219.63
0.014129 -0.0297266 54940.8 -1145.34
0.0149767 -0.0280731 53297.1 -1075.02
0.0158753 -0.0265457 51766.6 -1008.45
0.0168278 -0.0251357 50347.8 -945.514
0.0178375 -0.0238349 49039.2 -886.053
0.0189078 -0.0226354 47839.5 -829.877
0.0200422 -0.0215299 46747.2 -776.799
0.0212448 -0.0205118 45760.8 -726.632
0.0225194 -0.0195748 44878.3 -679.181
0.0238706 -0.0187124 44097.5 -634.221
0.0253028 -0.0179185 43415.2 -591.523
0.026821 -0.0171875 42828 -550.872
0.0284303 -0.0165137 42331.1 -512.07
0.0301361 -0.0158918 41918.7 -474.938
0.0319443 -0.0153166 41583.4 -439.324
0.0338609 -0.0147833 41316.2 -405.11
0.0358926 -0.014287 41106.1 -372.216
0.0380461 -0.0138229 40939.8 -340.598
0.0403289 -0.0133864 40801.8 -310.252
0.0427486 -0.0129729 40674.4 -281.214
0.0453135 -0.0125779 40537.6 -253.553
0.0480324 -0.012197 40370.2 -227.365
0.0509143 -0.0118258 40149.8 -202.761
0.0539692 -0.0114603 39853.6 -179.855
0.0572073 -0.0110964 39459.7 -158.747
0.0606398 -0.0107302 38947.6 -139.513
0.0642781 -0.0103581 38299 -122.19
0.0681348 -0.00997664 37498.5 -106.771
0.0722229 -0.00958269 36534.1 -93.2038
0.0765563 -0.00917343 35398.2 -81.3881
0.0811497 -0.00874654 34087.3 -71.1865
0.0860186 -0.00830036 32603.3 -62.4318
0.0911798 -0.00783409 30953.5 -54.9395
0.0966505 -0.007348 29151.3 -48.5199
0.10245 -0.00684356 27215.8 -42.9899
0.108597 -0.00632353 25171.6 -38.1823
0.115112 -0.00579192 23047.8 -33.9528
0.122019 -0.00525382 20877.2 -30.1826
0.12934 -0.00471519 18694.1 -26.7791
0.137101 -0.00418254 16532.9 -23.6731
0.145327 -0.00366266 14427.1 -20.8159
0.154046 -0.00316228 12407.5 -18.175
0.163289 -0.00268782 10501.8 -15.7304
0.173086 -0.00224515 8733.53 -13.4718
0.183472 -0.00183933 7121.93 -11.3956
0.19448 -0.00147444 5681.3 -9.50262
0.206149 -0.00115332 4420.79 -7.7965
0.218518 -0.000877496 3344.07 -6.28124
0.231629 -0.000646993 2449.19 -4.95954
0.245526 -0.000460327 1728.53 -3.83102
0.260258 -0.000314524 1168.97 -2.89079
0.275873 -0.000205266 752.523 -2.12867
0.292426 -0.000127193 457.445 -1.52915
0.309971 -7.43456e-05 259.915 -1.0723
0.32857 -4.07031e-05 136.119 -0.735384
0.348284 -2.07236e-05 64.2936 -0.494798
0.369181 -9.7563e-06 26.31 -0.328096
0.391332 -4.25197e-06 8.44954 -0.215519
0.414812 -1.75715e-06 1.33507 -0.140917
0.4397 -7.46276e-07 -0.769608 -0.0919836
0.466082 -3.75802e-07 -0.953542 -0.0599277
0.494047 -2.39272e-07 -0.634733 -0.0388197
0.52369 -1.723e-07 -0.327256 -0.0248331
0.555112 -1.23484e-07 -0.141271 -0.0155551
0.588418 -8.32316e-08 -0.0524366 -0.00945594
0.623723 -5.20478e-08 -0.0169039 -0.00553121
0.661147 -3.02113e-08 -0.00474802 -0.00308886
0.700816 -1.63201e-08 -0.00116238 -0.00163487
0.742865 -8.21172e-09 -0.000247914 -0.000814514
0.787436 -3.84239e-09 -4.6112e-05 -0.000379443
0.834683 -1.66569e-09 -7.54583e-06 -0.000164191
0.884764 -6.6552e-10 -1.13018e-06 -6.55565e-05
0.937849 -2.43602e-10 -1.7167e-07 -2.399e-05
0.99412 -8.11524e-11 -7.98355e-08 -7.99246e-06
1.05377 -2.44483e-11 -3.8298e-08 -2.40818e-06
1.11699 -6.61322e-12 -3.68412e-08 -6.52046e-07
1.18401 -1.59282e-12 -3.64615e-08 -1.57711e-07
1.25505 -3.35599e-13 -3.63732e-08 -3.39187e-08
1.33036 -5.70367e-14 -3.63551e-08 -6.49007e-09
1.41018 -2.731e-15 -3.63518e-08 -1.14287e-09
1.49479 6.55054e-15 -3.63513e-08 -2.28966e-10
1.58448 7.91258e-15 -3.63512e-08 -9.48542e-11
1.67955 0 0 0
