TITLE="Graphics"
VARIABLES= "r, cm", "drho/dt, g/(cm<sup>3</sup>s", " dT/dt", "dW/dt"
0.035 0.00130147 212.726 57.2191
0.0357 0.00215042 185.378 76.1936
0.0364 -0.000581125 160.13 1.926
0.0371 -0.0001216 136.752 11.1377
0.0378 0.00451451 115.067 136.091
0.0385 0.0029048 94.838 90.9075
0.0392 -0.00140134 75.889 -32.4897
0.0399 0.000954662 58.1384 33.2502
0.0406 0.00389816 41.4762 118.482
0.0413 0.00147351 25.7701 46.3027
0.042 0.000118444 10.9424 4.57479
0.0427 0.00213442 -3.06362 64.9981
0.0434 0.00217331 -16.3251 65.8151
0.0441 0.000727082 -28.9074 20.241
0.0448 0.00168604 -40.8516 49.8284
0.0455 0.0027527 -52.2045 83.5538
0.0462 0.000996149 -63.0193 26.8881
0.0469 -0.000282951 -73.3315 -15.2706
0.0476 0.00189699 -83.1635 55.5397
0.0483 0.00405698 -92.5471 126.99
0.049 0.00236429 -101.522 70.9229
0.0497 -0.000987714 -110.119 -41.9324
0.0504 -0.00137346 -118.353 -55.865
0.0511 0.0018824 -126.236 54.5095
0.0518 0.0048568 -133.789 156.837
0.0525 0.00452469 -141.04 146.045
0.0532 0.00173318 -148.009 49.3409
0.0539 -0.0010476 -154.712 -48.2472
0.0546 -0.0021273 -161.158 -87.0038
0.0553 -0.00129603 -167.36 -58.3599
0.056 0.000474369 -173.326 4.18326
0.0567 0.00197862 -179.071 57.9162
0.0574 0.00264557 -184.605 82.0516
0.0581 0.00260958 -189.941 80.9638
0.0588 0.00226085 -195.087 68.4714
0.0595 0.00189258 -200.053 55.1382
0.0602 0.00162376 -204.847 45.3342
0.0609 0.001462 -209.476 39.3952
0.0616 0.00137534 -213.948 36.1923
0.0623 0.00133109 -218.269 34.5459
0.063 0.00130748 -222.446 33.6622
0.0637 0.00129282 -226.484 33.112
0.0644 0.00128172 -230.39 32.6959
0.0651 0.00127195 -234.168 32.3316
0.0658 0.00126271 -237.825 31.9883
0.0665 0.0012537 -241.364 31.6553
0.0672 0.00124485 -244.79 31.3294
0.0679 0.00123613 -248.108 31.0093
0.0686 0.00122752 -251.322 30.6946
0.0693 0.00121904 -254.435 30.3852
0.072072 0.00118652 -265.84 29.2078
0.0749549 0.00115447 -276.303 28.0575
0.0779531 0.00112289 -285.87 26.9327
0.0810712 0.00109177 -294.581 25.8316
0.084314 0.00106111 -302.47 24.7528
0.0876866 0.00103088 -309.566 23.6947
0.0911941 0.00100106 -315.894 22.656
0.0948418 0.000971624 -321.477 21.6354
0.0986355 0.00094253 -326.331 20.6319
0.102581 0.00091375 -330.471 19.6444
0.106684 0.000885251 -333.908 18.6723
0.110952 0.000857001 -336.652 17.7149
0.11539 0.000828973 -338.709 16.7717
0.120005 0.000801139 -340.083 15.8425
0.124805 0.000773478 -340.776 14.9274
0.129798 0.000745969 -340.788 14.0266
0.13499 0.000718601 -340.12 13.1405
0.140389 0.000691363 -338.768 12.2699
0.146005 0.000664251 -336.731 11.4158
0.151845 0.000637269 -334.005 10.5794
0.157919 0.000610423 -330.586 9.76225
0.164235 0.000583727 -326.472 8.9661
0.170805 0.000557202 -321.66 8.19291
0.177637 0.000530871 -316.15 7.44483
0.184742 0.000504766 -309.941 6.72416
0.192132 0.000478922 -303.038 6.0333
0.199817 0.000453378 -295.446 5.37469
0.20781 0.000428178 -287.175 4.75074
0.216123 0.000403365 -278.241 4.16373
0.224767 0.000378987 -268.662 3.61576
0.233758 0.00035509 -258.464 3.10861
0.243108 0.000331719 -247.679 2.6437
0.252833 0.000308919 -236.348 2.22194
0.262946 0.000286729 -224.518 1.84371
0.273464 0.000265186 -212.246 1.50877
0.284403 0.000244324 -199.598 1.21625
0.295779 0.000224173 -186.648 0.96459
0.30761 0.000204759 -173.48 0.751626
0.319914 0.000186105 -160.186 0.57461
0.332711 0.000168235 -146.865 0.430316
0.346019 0.000151172 -133.626 0.315161
0.35986 0.000134939 -120.578 0.22535
0.374254 0.000119564 -107.834 0.157026
0.389224 0.000105075 -95.5088 0.10643
0.404793 9.15056e-05 -83.7115 0.070035
0.420985 7.88878e-05 -72.5452 0.0446604
0.437825 6.72542e-05 -62.1028 0.0275529
0.455338 5.66337e-05 -52.4635 0.0164247
0.473551 4.70476e-05 -43.6894 0.00945535
0.492493 3.85066e-05 -35.8225 0.00526071
0.512193 3.1007e-05 -28.8834 0.00283719
0.532681 2.45283e-05 -22.8695 0.00149279
0.553988 1.90317e-05 -17.756 0.000774886
0.576147 1.44599e-05 -13.4965 0.000403388
0.599193 1.0739e-05 -10.0264 0.00021466
0.623161 7.78137e-06 -7.26636 0.000118557
0.648087 5.49003e-06 -5.1273 6.82015e-05
0.674011 3.76355e-06 -3.51516 4.04505e-05
0.700971 2.50117e-06 -2.33622 2.4285e-05
0.72901 1.60756e-06 -1.50159 1.4482e-05
0.758171 9.96709e-07 -0.931027 8.4496e-06
0.788497 5.94531e-07 -0.555361 4.77199e-06
0.820037 3.40217e-07 -0.317807 2.58936e-06
0.852839 1.86218e-07 -0.173953 1.34265e-06
0.886952 9.71903e-08 -0.0907901 6.62406e-07
0.92243 4.82126e-08 -0.0450381 3.09749e-07
0.959328 2.26563e-08 -0.0211647 1.36787e-07
0.997701 1.00515e-08 -0.00938985 5.68442e-08
1.03761 4.19551e-09 -0.00391936 2.21511e-08
1.07911 1.64185e-09 -0.0015338 8.06622e-09
1.12228 6.00302e-10 -0.000560799 2.73486e-09
1.16717 2.04363e-10 -0.000190916 8.57083e-10
1.21386 6.45601e-11 -6.03124e-05 2.58605e-10
1.26241 1.88656e-11 -1.76245e-05 6.5951e-11
1.31291 5.08317e-12 -4.74872e-06 2.07234e-11
1.36542 1.25725e-12 -1.17463e-06 2.2351e-15
1.42004 2.83674e-13 -2.65033e-07 2.14723e-15
1.47684 6.08824e-14 -5.68815e-08 1.54823e-15
1.53591 1.56859e-14 -1.46551e-08 1.3342e-15
1.59735 1.44777e-20 3.38703e-15 8.51357e-16
1.66125 1.89568e-20 -3.1315e-15 7.33881e-16
1.72769 1.66456e-21 2.89524e-15 2.24018e-16
1.7968 1.0911e-20 -2.67682e-15 3.78389e-16
1.86867 9.76169e-22 1.23743e-15 1.08196e-16
1.94342 1.09738e-21 1.14408e-15 1.09197e-16
2.02116 2.47491e-21 -1.05776e-15 6.31473e-17
2.10201 2.04877e-21 -9.77961e-16 4.71236e-17
2.18609 -5.83663e-22 9.0418e-16 1.80644e-17
2.27353 -1.06855e-21 0 -5.02525e-17
2.36447 -8.66445e-22 0 -4.07476e-17
2.45905 -1.60878e-21 7.14587e-16 -3.9689e-17
2.55741 4.22959e-22 0 1.98911e-17
2.65971 -1.18985e-21 6.10832e-16 -2.521e-17
2.7661 -1.50496e-22 0 -7.07762e-18
2.87674 -8.80365e-22 5.22142e-16 -1.51195e-17
2.99181 -2.97653e-22 0 -1.39982e-17
3.11148 8.13424e-22 -4.46329e-16 1.57876e-17
3.23594 -7.51993e-22 4.12656e-16 -1.45935e-17
3.36538 -4.08356e-22 3.81524e-16 1.46752e-22
3.49999 -4.76316e-23 0 -2.24005e-18
3.63999 -4.40386e-23 0 -2.07107e-18
3.78559 -5.902e-22 3.01524e-16 -1.25786e-17
3.93702 -1.86837e-22 1.39388e-16 -1.77037e-18
4.0945 3.31765e-22 -1.28872e-16 9.11547e-18
4.25828 1.2753e-22 -1.19149e-16 3.77196e-27
4.42861 -1.17909e-22 1.1016e-16 -7.62805e-36
4.60575 1.09013e-22 -1.01849e-16 -7.30225e-40
4.78998 1.00789e-22 -9.41654e-17 4.44352e-42
4.98158 -9.31849e-23 8.70612e-17 -1.17082e-33
5.18084 -1.57556e-22 8.0493e-17 -3.35792e-18
5.38808 -2.25325e-22 1.48841e-16 -3.10458e-18
5.6036 -1.85824e-23 0 -8.73902e-19
5.82775 6.80893e-23 -6.36148e-17 1.99523e-34
6.06086 -3.12245e-40 0 -1.46845e-35
6.30329 4.08935e-23 0 1.92316e-18
6.55542 -9.16203e-23 5.02757e-17 -1.77807e-18
6.81764 3.49559e-23 0 1.64393e-18
7.09034 2.06515e-40 0 9.71211e-36
7.37396 -4.25284e-23 3.97336e-17 -5.90588e-34
7.66892 -4.72861e-23 1.8368e-17 -1.29922e-18
7.97567 -4.55262e-23 3.39645e-17 -4.31383e-19
8.2947 4.04203e-23 -1.5701e-17 1.11058e-18
8.62649 -5.29084e-23 2.9033e-17 -1.02679e-18
8.97155 -3.45515e-23 1.34213e-17 -9.49326e-19
9.33041 -1.32816e-23 1.24087e-17 -2.83377e-37
9.70362 4.18143e-23 -2.29452e-17 8.11488e-19
10.0918 -3.86597e-23 2.12141e-17 -7.50266e-19
10.4954 1.65473e-23 -9.80681e-18 2.84553e-19
10.9153 -1.3637e-23 0 -6.41331e-19
11.3519 1.41447e-23 -8.38291e-18 2.43237e-19
11.8059 -2.09317e-24 0 -9.84387e-20
12.2782 -1.01557e-23 7.16574e-18 -1.16908e-19
12.7693 7.98575e-24 -6.62513e-18 4.20729e-20
13.2801 -1.11625e-23 6.12531e-18 -2.1663e-19
13.8113 1.03204e-23 -5.66319e-18 2.00287e-19
14.3637 -7.07035e-25 0 -3.32508e-20
14.9383 2.59071e-24 -2.42046e-18 1.19277e-36
15.5358 -2.76144e-24 0 -1.29866e-19
16.1572 5.32643e-24 -2.06902e-18 1.46347e-19
16.8035 6.97206e-24 -3.82585e-18 1.35306e-19
17.4757 6.44606e-24 -3.53721e-18 1.25098e-19
18.1747 -1.75019e-24 1.63518e-18 -1.32341e-36
18.9017 -1.86553e-24 0 -8.77331e-20
19.6578 2.10228e-24 0 9.88671e-20
20.4441 3.49012e-25 0 1.64135e-20
21.2618 -2.33871e-24 1.19481e-18 -4.98436e-20
22.1123 2.98337e-25 0 1.40304e-20
22.9968 -1.09316e-24 1.02133e-18 -1.50348e-35
23.9167 -1.59329e-24 9.44273e-19 -2.73989e-20
24.8733 1.1789e-25 0 5.5442e-21
25.8683 1.47095e-24 -8.07169e-19 2.85466e-20
26.903 -7.98764e-25 7.46273e-19 1.07662e-35
27.9791 -3.70091e-42 0 -1.74049e-37
29.0983 4.79726e-25 0 2.25608e-20
30.2622 -1.07481e-24 5.8979e-19 -2.08588e-20
31.4727 -4.10072e-25 0 -1.92851e-20
32.7316 6.80786e-26 0 3.20164e-21
34.0409 5.99984e-25 -2.3306e-19 1.6485e-20
35.4025 5.04779e-43 0 2.3739e-38
36.8186 4.59065e-25 -1.99221e-19 1.15611e-20
38.2914 -4.24432e-25 1.84191e-19 -1.06889e-20
39.823 -4.59915e-26 0 -2.16291e-21
41.4159 -1.68521e-25 1.57447e-19 -4.19278e-39
43.0726 -2.06307e-25 1.45569e-19 -2.37493e-21
44.7955 2.2709e-25 -1.34586e-19 3.90514e-21
46.5873 2.43563e-25 -1.24433e-19 5.19094e-21
48.4508 -3.29143e-44 0 -1.54791e-39
50.3888 7.99889e-26 0 3.76176e-21
52.4044 1.18537e-25 -9.83409e-20 6.24514e-22
54.5006 -3.46745e-44 0 -1.63069e-39
56.6806 -8.99749e-26 8.40622e-20 -1.503e-39
58.9478 -4.79522e-26 0 -2.25512e-21
61.3057 3.55792e-43 0 1.67324e-38
63.7579 -7.6544e-26 3.32178e-20 -1.92769e-21
66.3083 -8.29431e-27 0 -3.9007e-22
68.9606 -7.66856e-27 0 -3.60641e-22
71.719 -2.8099e-26 2.62525e-20 -3.77775e-37
74.5878 2.59791e-26 -2.42719e-20 3.62244e-37
77.5713 6.06057e-27 0 2.8502e-22
80.6741 -2.22071e-26 2.07477e-20 -1.15863e-38
83.9011 5.45634e-26 -1.91824e-20 1.60046e-21
87.2571 -1.57321e-26 0 -7.39859e-22
90.7474 2.76674e-26 -1.63972e-20 4.7578e-22
94.3773 2.55801e-26 -1.51602e-20 4.39886e-22
98.1524 -8.64792e-27 0 -4.06699e-22
102.079 2.36159e-26 -1.2959e-20 4.58312e-22
106.162 2.02163e-26 -1.19813e-20 3.47648e-22
110.408 2.36354e-45 0 1.11154e-40
114.824 6.31895e-27 0 2.97171e-22
119.417 7.12087e-27 0 3.34884e-22
124.194 -5.40146e-27 0 -2.54023e-22
129.162 -1.04187e-26 4.04707e-21 -2.8626e-22
134.328 -4.23207e-44 0 -1.99028e-39
139.701 -4.32969e-46 0 -2.03619e-41
145.29 -7.37022e-27 3.19846e-21 -1.85612e-22
151.101 -3.16515e-27 2.95715e-21 -1.67336e-41
157.145 1.35529e-46 0 6.37374e-42
163.431 1.55961e-27 0 7.3346e-23
169.968 -2.50147e-27 2.33708e-21 5.23809e-42
176.767 0 0 0
