TITLE="Graphics"
VARIABLES= "r, cm", "drho/dt, g/(cm<sup>3</sup>s", " dT/dt", "dW/dt"
0.035 0.00119478 156.556 49.0144
0.0357 -0.00147007 141.851 -22.3824
0.0364 0.000296704 128.354 22.2236
0.0371 0.00577207 115.964 170.07
0.0378 0.00302646 104.476 95.0954
0.0385 -0.00143948 93.7675 -30.9802
0.0392 -0.0017915 83.7856 -42.9157
0.0399 0.00156061 74.485 52.8548
0.0406 0.00439497 65.7993 136.182
0.0413 0.000969525 57.6286 34.5108
0.042 -0.00112344 49.9336 -29.3256
0.0427 0.00207893 42.7032 67.6733
0.0434 0.00155298 35.8771 51.3985
0.0441 -2.19322e-05 29.4173 1.95935
0.0448 0.00218595 23.313 71.2299
0.0455 0.00134846 17.5223 44.6076
0.0462 -0.00056257 12.0173 -17.0985
0.0469 0.00197468 6.79495 64.8052
0.0476 0.00218543 1.82593 71.8326
0.0483 -0.00071995 -2.91828 -24.0474
0.049 0.000844846 -7.43786 27.5353
0.0497 0.00296712 -11.7463 98.6402
0.0504 0.000193251 -15.8718 5.25265
0.0511 -0.000753753 -19.8205 -27.2461
0.0518 0.00248464 -23.5926 83.2606
0.0525 0.00228466 -27.2076 76.6461
0.0532 -0.000970793 -30.6818 -36.0684
0.0539 -7.65512e-05 -34.014 -5.30586
0.0546 0.00305182 -37.2078 104.259
0.0553 0.00181903 -40.2799 61.1416
0.056 -0.0012552 -43.2401 -47.7933
0.0567 -0.000199 -46.087 -10.5583
0.0574 0.002929 -48.8232 101.339
0.0581 0.00241637 -51.4606 83.2302
0.0588 -0.000693875 -54.0081 -29.0575
0.0595 -0.0012822 -56.4661 -50.7246
0.0602 0.00145663 -58.8346 48.8992
0.0609 0.00324318 -61.1195 114.498
0.0616 0.00172002 -63.329 58.8035
0.0623 -0.000844919 -65.4675 -35.8722
0.063 -0.00136837 -67.5359 -55.556
0.0637 0.000547511 -69.5348 15.4813
0.0644 0.00258095 -71.4673 91.4708
0.0651 0.00283631 -73.3382 101.314
0.0658 0.00149524 -75.1517 51.1127
0.0665 -0.000122162 -76.9103 -9.89079
0.0672 -0.0009797 -78.6156 -42.5132
0.0679 -0.000939046 -80.2689 -41.1937
0.0686 -7.59405e-05 -81.8718 -8.48434
0.0693 0.000659184 -83.4265 19.5491
0.072072 0.00101377 -89.1432 33.2916
0.0749549 0.000795373 -94.4367 24.9293
0.0779531 0.000692587 -99.3346 20.9647
0.0810712 0.000653203 -103.862 19.4617
0.084314 0.000628581 -108.04 18.5361
0.0876866 0.000606814 -111.89 17.72
0.0911941 0.000586016 -115.429 16.939
0.0948418 0.000565936 -118.67 16.1831
0.0986355 0.000546515 -121.628 15.4505
0.102581 0.000527711 -124.314 14.7398
0.106684 0.000509486 -126.738 14.0501
0.110952 0.000491803 -128.908 13.3803
0.11539 0.000474627 -130.83 12.7296
0.120005 0.000457925 -132.511 12.0969
0.124805 0.000441666 -133.956 11.4817
0.129798 0.000425819 -135.168 10.8831
0.13499 0.000410358 -136.151 10.3006
0.140389 0.000395256 -136.906 9.73366
0.146005 0.000380489 -137.436 9.18173
0.151845 0.000366036 -137.74 8.64443
0.157919 0.000351876 -137.819 8.12147
0.164235 0.000337991 -137.672 7.6126
0.170805 0.000324365 -137.298 7.11768
0.177637 0.000310985 -136.696 6.63668
0.184742 0.00029784 -135.864 6.16963
0.192132 0.00028492 -134.8 5.71668
0.199817 0.000272219 -133.501 5.27806
0.20781 0.000259732 -131.966 4.85411
0.216123 0.000247459 -130.191 4.44526
0.224767 0.000235399 -128.176 4.052
0.233758 0.000223555 -125.918 3.6749
0.243108 0.000211932 -123.416 3.3146
0.252833 0.000200536 -120.669 2.97175
0.262946 0.000189376 -117.68 2.64703
0.273464 0.000178461 -114.448 2.34112
0.284403 0.000167803 -110.979 2.05464
0.295779 0.000157411 -107.277 1.78814
0.30761 0.000147297 -103.35 1.54207
0.319914 0.000137472 -99.2071 1.31675
0.332711 0.000127947 -94.8612 1.11231
0.346019 0.000118729 -90.3276 0.928704
0.35986 0.000109829 -85.6246 0.765634
0.374254 0.000101251 -80.774 0.622577
0.389224 9.30014e-05 -75.8011 0.498759
0.404793 8.50838e-05 -70.7343 0.393165
0.420985 7.75011e-05 -65.6056 0.304555
0.437825 7.02556e-05 -60.4501 0.231495
0.455338 6.33498e-05 -55.3055 0.172401
0.473551 5.67865e-05 -50.2118 0.125591
0.492493 5.05697e-05 -45.2105 0.0893403
0.512193 4.47049e-05 -40.3437 0.0619491
0.532681 3.9199e-05 -35.6531 0.0417945
0.553988 3.40603e-05 -31.179 0.0273839
0.576147 2.92982e-05 -26.9585 0.0173935
0.599193 2.49217e-05 -23.0249 0.0106931
0.623161 2.09389e-05 -19.4059 0.00635513
0.648087 1.73551e-05 -16.1224 0.00364979
0.674011 1.41719e-05 -13.1881 0.00202737
0.700971 1.13854e-05 -10.6081 0.00109266
0.72901 8.98551e-06 -8.37932 0.000575168
0.758171 6.95561e-06 -6.4902 0.000299065
0.788497 5.27237e-06 -4.92152 0.000156117
0.820037 3.90653e-06 -3.6475 8.33474e-05
0.852839 2.8241e-06 -2.63728 4.61632e-05
0.886952 1.98799e-06 -1.85667 2.65989e-05
0.92243 1.35979e-06 -1.27006 1.57793e-05
0.959328 9.01751e-07 -0.842278 9.46588e-06
0.997701 5.78388e-07 -0.540257 5.63802e-06
1.03761 3.57911e-07 -0.334322 3.28568e-06
1.07911 2.13106e-07 -0.199064 1.85407e-06
1.12228 1.21748e-07 -0.113727 1.0057e-06
1.16717 6.65413e-08 -0.062158 5.21601e-07
1.21386 3.46855e-08 -0.032401 2.57555e-07
1.26241 1.71888e-08 -0.0160568 1.20618e-07
1.31291 8.07142e-09 -0.00753994 5.33816e-08
1.36542 3.57929e-09 -0.00334364 2.22472e-08
1.42004 1.49381e-09 -0.00139547 8.70013e-09
1.47684 5.84714e-10 -0.000546226 3.18077e-09
1.53591 2.13914e-10 -0.000199835 1.09072e-09
1.59735 7.28965e-11 -6.80995e-05 3.33035e-10
1.66125 2.30616e-11 -2.15441e-05 1.02173e-10
1.72769 6.75187e-12 -6.30735e-06 4.10364e-11
1.7968 1.82243e-12 -1.70267e-06 6.96703e-16
1.86867 4.5675e-13 -4.26734e-07 4.3982e-16
1.94342 8.40648e-14 -7.85404e-08 4.13276e-16
2.02116 4.13092e-14 -3.85945e-08 3.27093e-16
2.10201 6.57919e-21 -9.22726e-16 2.62963e-16
2.18609 3.06188e-21 8.53112e-16 1.86939e-16
2.27353 1.67265e-21 0 7.86624e-17
2.36447 1.08322e-21 0 5.09422e-17
2.45905 -2.30361e-22 6.74227e-16 2.31046e-17
2.55741 1.23176e-21 0 5.79279e-17
2.65971 -6.09237e-22 5.76332e-16 3.58947e-19
2.7661 1.59232e-22 0 7.48844e-18
2.87674 -6.62853e-22 4.92651e-16 -6.37473e-18
2.99181 -1.92346e-22 0 -9.04577e-18
3.11148 8.11547e-22 -4.2112e-16 1.69682e-17
3.23594 -6.88871e-22 3.89349e-16 -1.27981e-17
3.36538 -3.76214e-22 3.59975e-16 4.27073e-19
3.49999 -4.12101e-23 0 -1.93805e-18
3.63999 -4.01222e-23 0 -1.88689e-18
3.78559 -5.56358e-22 2.84494e-16 -1.18443e-17
3.93702 -1.76117e-22 1.31515e-16 -1.66251e-18
4.0945 3.13078e-22 -1.21593e-16 8.60302e-18
4.25828 1.20341e-22 -1.1242e-16 6.68179e-22
4.42861 -1.11246e-22 1.03938e-16 1.71304e-22
4.60575 1.02857e-22 -9.60969e-17 4.0182e-23
4.78998 9.50965e-23 -8.8847e-17 8.60289e-24
4.98158 -8.79218e-23 8.2144e-17 1.6775e-24
5.18084 -1.48658e-22 7.59468e-17 -3.16826e-18
5.38808 -2.12598e-22 1.40434e-16 -2.92924e-18
5.6036 -1.75328e-23 0 -8.24544e-19
5.82775 6.42436e-23 -6.00218e-17 1.12387e-27
6.06086 -4.59782e-40 0 -2.16229e-35
6.30329 3.85838e-23 0 1.81454e-18
6.55542 -8.64456e-23 4.74361e-17 -1.67764e-18
6.81764 3.29816e-23 0 1.55108e-18
7.09034 1.11772e-40 0 5.25648e-36
7.37396 -4.01264e-23 3.74895e-17 -5.54226e-34
7.66892 -4.46154e-23 1.73306e-17 -1.22584e-18
7.97567 -4.29549e-23 3.20461e-17 -4.07018e-19
8.2947 3.81374e-23 -1.48142e-17 1.04785e-18
8.62649 -4.99202e-23 2.73932e-17 -9.68798e-19
8.97155 -3.26e-23 1.26633e-17 -8.95708e-19
9.33041 -1.25314e-23 1.17079e-17 -1.55304e-37
9.70362 3.94526e-23 -2.16492e-17 7.65655e-19
10.0918 -3.64762e-23 2.00159e-17 -7.07891e-19
10.4954 1.56127e-23 -9.25293e-18 2.68482e-19
10.9153 -1.28668e-23 0 -6.05108e-19
11.3519 1.33458e-23 -7.90944e-18 2.29499e-19
11.8059 -1.97495e-24 0 -9.28789e-20
12.2782 -9.58207e-24 6.76102e-18 -1.10305e-19
12.7693 7.53472e-24 -6.25094e-18 3.96966e-20
13.2801 -1.0532e-23 5.77935e-18 -2.04395e-19
13.8113 9.73746e-24 -5.34333e-18 1.88974e-19
14.3637 -6.67102e-25 0 -3.13728e-20
14.9383 2.44439e-24 -2.28375e-18 1.16234e-36
15.5358 -2.60547e-24 0 -1.22532e-19
16.1572 5.0256e-24 -1.95216e-18 1.38082e-19
16.8035 6.57828e-24 -3.60976e-18 1.27664e-19
17.4757 6.08199e-24 -3.33743e-18 1.18033e-19
18.1747 -1.65134e-24 1.54282e-18 -1.06509e-36
18.9017 -1.76016e-24 0 -8.2778e-20
19.6578 1.98354e-24 0 9.32831e-20
20.4441 3.293e-25 0 1.54865e-20
21.2618 -2.20662e-24 1.12732e-18 -4.70285e-20
22.1123 2.81487e-25 0 1.32379e-20
22.9968 -1.03142e-24 9.63642e-19 -1.40581e-35
23.9167 -1.5033e-24 8.90941e-19 -2.58514e-20
24.8733 1.11232e-25 0 5.23107e-21
25.8683 1.38787e-24 -7.6158e-19 2.69343e-20
26.903 -7.5365e-25 7.04123e-19 1.01533e-35
27.9791 -3.56915e-42 0 -1.67852e-37
29.0983 4.52631e-25 0 2.12866e-20
30.2622 -1.0141e-24 5.56479e-19 -1.96807e-20
31.4727 -3.86911e-25 0 -1.81959e-20
32.7316 6.42335e-26 0 3.02081e-21
34.0409 5.66097e-25 -2.19897e-19 1.55539e-20
35.4025 2.72969e-43 0 1.28374e-38
36.8186 4.33137e-25 -1.87969e-19 1.09082e-20
38.2914 -4.0046e-25 1.73788e-19 -1.00852e-20
39.823 -4.33939e-26 0 -2.04075e-21
41.4159 -1.59003e-25 1.48554e-19 -2.2673e-39
43.0726 -1.94655e-25 1.37347e-19 -2.2408e-21
44.7955 2.14264e-25 -1.26985e-19 3.68458e-21
46.5873 2.29807e-25 -1.17405e-19 4.89776e-21
48.4508 -1.77985e-44 0 -8.37036e-40
50.3888 7.54712e-26 0 3.5493e-21
52.4044 1.11842e-25 -9.27866e-20 5.89241e-22
54.5006 -1.87506e-44 0 -8.81812e-40
56.6806 -8.48932e-26 7.93144e-20 -8.12754e-40
58.9478 -4.52438e-26 0 -2.12775e-21
61.3057 3.55678e-43 0 1.6727e-38
63.7579 -7.22208e-26 3.13417e-20 -1.81881e-21
66.3083 -7.82585e-27 0 -3.68038e-22
68.9606 -7.23544e-27 0 -3.40272e-22
71.719 -2.6512e-26 2.47698e-20 -3.56657e-37
74.5878 2.45118e-26 -2.2901e-20 3.41951e-37
77.5713 5.71827e-27 0 2.68922e-22
80.6741 -2.09528e-26 1.95759e-20 -1.06997e-38
83.9011 5.14817e-26 -1.8099e-20 1.51007e-21
87.2571 -1.48436e-26 0 -6.98072e-22
90.7474 2.61048e-26 -1.54711e-20 4.48908e-22
94.3773 2.41353e-26 -1.43039e-20 4.15041e-22
98.1524 -8.15948e-27 0 -3.83729e-22
102.079 2.22821e-26 -1.22271e-20 4.32427e-22
106.162 1.90745e-26 -1.13046e-20 3.28013e-22
110.408 1.27811e-45 0 6.01078e-41
114.824 5.96205e-27 0 2.80387e-22
119.417 6.71868e-27 0 3.1597e-22
124.194 -5.09639e-27 0 -2.39676e-22
129.162 -9.83023e-27 3.81849e-21 -2.70092e-22
134.328 -3.98901e-44 0 -1.87597e-39
139.701 -2.34132e-46 0 -1.10109e-41
145.29 -6.95396e-27 3.01781e-21 -1.75129e-22
151.101 -2.98638e-27 2.79013e-21 -9.04895e-42
157.145 7.32884e-47 0 3.44665e-42
163.431 1.47152e-27 0 6.92034e-23
169.968 -2.36018e-27 2.20508e-21 2.83256e-42
176.767 0 0 0
