TITLE="Graphics"
VARIABLES= "r, cm", "drho/dt, g/(cm<sup>3</sup>s", " dT/dt", "dW/dt"
0.035 0.00117615 126.132 45.7913
0.0357 0.000834578 116.012 35.7036
0.0364 -0.00781875 106.578 -199.721
0.0371 0.00368187 97.9971 112.511
0.0378 0.00479088 90.0662 144.166
0.0385 -0.0027877 82.6302 -70.6501
0.0392 0.00206846 75.7552 67.7256
0.0399 0.00276284 69.3475 88.1031
0.0406 0.00283186 63.3616 90.4968
0.0413 0.000642014 57.74 24.9918
0.042 -0.00296016 52.4368 -85.0209
0.0427 0.000936254 47.4745 33.3577
0.0434 0.000883427 42.7997 31.506
0.0441 0.00220018 38.3995 72.7048
0.0448 0.00446063 34.2586 144.657
0.0455 -0.00221392 30.3097 -68.1685
0.0462 -0.00139779 26.5744 -42.7828
0.0469 0.00330014 23.054 109.537
0.0476 0.000244418 19.7001 9.73748
0.0483 0.00104937 16.5177 36.1498
0.049 0.00185779 13.4945 63.0858
0.0497 -0.00126534 10.6056 -41.5967
0.0504 0.00151078 7.8623 51.7343
0.0511 0.00223298 5.24829 76.426
0.0518 -0.00127394 2.74292 -43.4071
0.0525 0.0014812 0.357399 51.0694
0.0532 0.00196349 -1.92213 67.9055
0.0539 -0.00101082 -4.11059 -35.5643
0.0546 0.00104174 -6.2011 36.0252
0.0553 0.00224985 -8.20161 78.6407
0.056 -0.000748484 -10.1263 -27.2969
0.0567 0.000176976 -11.971 5.37482
0.0574 0.00278052 -13.7373 98.4029
0.0581 -0.000435061 -15.4403 -16.8046
0.0588 -0.000478925 -17.0774 -18.58
0.0595 0.00247377 -18.6473 88.2911
0.0602 0.000666749 -20.1612 22.7779
0.0609 -0.000775665 -21.6213 -29.96
0.0616 0.000931748 -23.0256 32.5058
0.0623 0.00218676 -24.3779 78.8019
0.063 -8.10133e-05 -25.6852 -4.85962
0.0637 -0.00108243 -26.9479 -42.1382
0.0644 0.00226051 -28.1631 82.1966
0.0651 0.00176992 -29.3377 64.085
0.0658 -0.00142273 -30.4762 -55.5417
0.0665 0.000238156 -31.5751 6.72304
0.0672 0.00222406 -32.6362 81.686
0.0679 0.000695127 -33.6645 23.9772
0.0686 -0.000225069 -34.6607 -10.9684
0.0693 0.000145149 -35.6252 3.05692
0.072072 0.000629232 -39.1553 21.5769
0.0749549 0.00047383 -42.4085 15.6068
0.0779531 0.000422828 -45.4072 13.628
0.0810712 0.000481665 -48.172 15.9836
0.084314 0.000510957 -50.7225 17.2097
0.0876866 0.000486519 -53.076 16.2925
0.0911941 0.000451364 -55.2472 14.9273
0.0948418 0.000425126 -57.2492 13.9099
0.0986355 0.000405959 -59.093 13.1729
0.102581 0.000389688 -60.7887 12.549
0.106684 0.000374548 -62.3448 11.9668
0.110952 0.000360078 -63.7685 11.4078
0.11539 0.00034617 -65.0662 10.8681
0.120005 0.000332782 -66.2433 10.3465
0.124805 0.000319883 -67.3042 9.84197
0.129798 0.000307443 -68.2527 9.3539
0.13499 0.000295436 -69.0918 8.88157
0.140389 0.000283835 -69.824 8.42433
0.146005 0.000272617 -70.4514 7.98158
0.151845 0.000261758 -70.9753 7.55278
0.157919 0.000251238 -71.3969 7.13742
0.164235 0.000241037 -71.7169 6.73504
0.170805 0.000231138 -71.9355 6.34524
0.177637 0.000221522 -72.053 5.96766
0.184742 0.000212174 -72.0689 5.60196
0.192132 0.000203081 -71.9828 5.24788
0.199817 0.00019423 -71.794 4.9052
0.20781 0.000185609 -71.5014 4.57374
0.216123 0.000177207 -71.1039 4.2534
0.224767 0.000169018 -70.6001 3.94409
0.233758 0.000161032 -69.9887 3.64582
0.243108 0.000153244 -69.2681 3.3586
0.252833 0.00014565 -68.4367 3.08253
0.262946 0.000138246 -67.493 2.81773
0.273464 0.000131029 -66.4355 2.56437
0.284403 0.000123998 -65.2629 2.32264
0.295779 0.000117154 -63.9744 2.09278
0.30761 0.000110497 -62.5691 1.87502
0.319914 0.000104027 -61.047 1.66961
0.332711 9.7749e-05 -59.4083 1.47678
0.346019 9.16634e-05 -57.6543 1.29676
0.35986 8.57736e-05 -55.7869 1.12972
0.374254 8.00821e-05 -53.8089 0.975781
0.389224 7.45914e-05 -51.7244 0.834995
0.404793 6.93036e-05 -49.5387 0.707324
0.420985 6.42199e-05 -47.2585 0.592624
0.437825 5.93411e-05 -44.892 0.490637
0.455338 5.4667e-05 -42.449 0.400981
0.473551 5.01965e-05 -39.9409 0.323143
0.492493 4.5928e-05 -37.3809 0.256487
0.512193 4.18591e-05 -34.784 0.200256
0.532681 3.79872e-05 -32.1665 0.153592
0.553988 3.43097e-05 -29.5466 0.115554
0.576147 3.08241e-05 -26.9434 0.0851458
0.599193 2.75289e-05 -24.3771 0.0613469
0.623161 2.44231e-05 -21.8686 0.0431444
0.648087 2.15071e-05 -19.4387 0.0295653
0.674011 1.87823e-05 -17.1079 0.0197047
0.700971 1.6251e-05 -14.8955 0.0127497
0.72901 1.39162e-05 -12.8193 0.00799522
0.758171 1.1781e-05 -10.8946 0.00485208
0.788497 9.84785e-06 -9.1338 0.00284698
0.820037 8.11788e-06 -7.54577 0.00161509
0.852839 6.59022e-06 -6.13548 0.000887269
0.886952 5.26129e-06 -4.90373 0.000473995
0.92243 4.12446e-06 -3.84712 0.000248217
0.959328 3.16981e-06 -2.95818 0.000129069
0.997701 2.38428e-06 -2.22585 6.77958e-05
1.03761 1.75213e-06 -1.63606 3.66104e-05
1.07911 1.25555e-06 -1.17254 2.05449e-05
1.12228 8.75571e-07 -0.817752 1.19592e-05
1.16717 5.9293e-07 -0.553806 7.12461e-06
1.21386 3.89031e-07 -0.363373 4.26466e-06
1.26241 2.46708e-07 -0.230443 2.52155e-06
1.31291 1.50832e-07 -0.14089 1.45362e-06
1.36542 8.8662e-08 -0.0828192 8.09558e-07
1.42004 4.99672e-08 -0.0466749 4.3276e-07
1.47684 2.69179e-08 -0.0251446 2.20965e-07
1.53591 1.38185e-08 -0.0129082 1.07325e-07
1.59735 6.73819e-09 -0.00629441 4.94053e-08
1.66125 3.11068e-09 -0.00290583 2.14773e-08
1.72769 1.35496e-09 -0.00126574 8.78725e-09
1.7968 5.54963e-10 -0.000518427 3.37226e-09
1.86867 2.12996e-10 -0.000198975 1.21008e-09
1.94342 7.63412e-11 -7.13167e-05 3.87956e-10
2.02116 2.54659e-11 -2.37898e-05 1.33597e-10
2.10201 7.87993e-12 -7.36107e-06 5.14357e-11
2.18609 2.25593e-12 -2.10764e-06 1.87781e-12
2.27353 5.95686e-13 -5.5654e-07 1.32866e-16
2.36447 1.20717e-13 -1.12784e-07 1.16135e-16
2.45905 6.02608e-14 -5.63007e-08 8.93983e-17
2.55741 2.4931e-21 0 1.17247e-16
2.65971 5.39631e-22 5.52869e-16 5.32075e-17
2.7661 1.06096e-21 0 4.98952e-17
2.87674 5.90537e-23 4.72595e-16 2.65659e-17
2.99181 3.2015e-22 0 1.50562e-17
3.11148 1.12662e-21 -4.03976e-16 3.26487e-17
3.23594 -4.32788e-22 3.73498e-16 -1.55281e-18
3.36538 -2.1916e-22 3.4532e-16 7.07542e-18
3.49999 4.39433e-23 0 2.06659e-18
3.63999 8.0105e-24 0 3.76722e-19
3.78559 -5.09261e-22 2.72912e-16 -1.02124e-17
3.93702 -1.56846e-22 1.26161e-16 -1.02575e-18
4.0945 3.05956e-22 -1.16643e-16 8.51727e-18
4.25828 1.1789e-22 -1.07843e-16 1.15742e-19
4.42861 -1.05722e-22 9.97069e-17 4.69202e-20
4.60575 9.90453e-23 -9.21846e-17 1.77129e-20
4.78998 9.13567e-23 -8.52299e-17 6.20609e-21
4.98158 -8.42997e-23 7.87998e-17 2.01151e-21
5.18084 -1.42593e-22 7.28549e-17 -3.03868e-18
5.38808 -2.0394e-22 1.34717e-16 -2.80982e-18
5.6036 -1.68182e-23 0 -7.90934e-19
5.82775 6.16284e-23 -5.75783e-17 9.59125e-24
6.06086 4.28707e-29 0 2.01615e-24
6.30329 3.7013e-23 0 1.74067e-18
6.55542 -8.29262e-23 4.55049e-17 -1.60935e-18
6.81764 3.16389e-23 0 1.48793e-18
7.09034 4.33943e-32 0 2.04077e-27
7.37396 -3.84928e-23 3.59632e-17 -5.48624e-34
7.66892 -4.2799e-23 1.6625e-17 -1.17593e-18
7.97567 -4.12061e-23 3.07415e-17 -3.90448e-19
8.2947 3.65848e-23 -1.42111e-17 1.00519e-18
8.62649 -4.78878e-23 2.6278e-17 -9.29357e-19
8.97155 -3.12728e-23 1.21477e-17 -8.59243e-19
9.33041 -1.20212e-23 1.12313e-17 -8.08156e-37
9.70362 3.78465e-23 -2.07679e-17 7.34484e-19
10.0918 -3.49912e-23 1.92011e-17 -6.79072e-19
10.4954 1.49771e-23 -8.87623e-18 2.57552e-19
10.9153 -1.2343e-23 0 -5.80474e-19
11.3519 1.28024e-23 -7.58744e-18 2.20156e-19
11.8059 -1.89454e-24 0 -8.90977e-20
12.2782 -9.19197e-24 6.48577e-18 -1.05815e-19
12.7693 7.22797e-24 -5.99646e-18 3.80805e-20
13.2801 -1.01033e-23 5.54406e-18 -1.96074e-19
13.8113 9.34104e-24 -5.1258e-18 1.81281e-19
14.3637 -6.39943e-25 0 -3.00956e-20
14.9383 2.34487e-24 -2.19078e-18 9.06282e-37
15.5358 -2.4994e-24 0 -1.17543e-19
16.1572 4.821e-24 -1.87269e-18 1.3246e-19
16.8035 6.31047e-24 -3.46281e-18 1.22467e-19
17.4757 5.83438e-24 -3.20156e-18 1.13228e-19
18.1747 -1.58411e-24 1.48001e-18 -2.06016e-36
18.9017 -1.68851e-24 0 -7.9408e-20
19.6578 1.90279e-24 0 8.94854e-20
20.4441 3.15894e-25 0 1.4856e-20
21.2618 -2.11678e-24 1.08143e-18 -4.51139e-20
22.1123 2.70027e-25 0 1.2699e-20
22.9968 -9.89431e-25 9.2441e-19 -1.42077e-35
23.9167 -1.4421e-24 8.54669e-19 -2.4799e-20
24.8733 1.06703e-25 0 5.0181e-21
25.8683 1.33137e-24 -7.30575e-19 2.58378e-20
26.903 -7.22968e-25 6.75458e-19 9.76691e-36
27.9791 -2.98685e-42 0 -1.40467e-37
29.0983 4.34204e-25 0 2.042e-20
30.2622 -9.72818e-25 5.33824e-19 -1.88794e-20
31.4727 -3.71159e-25 0 -1.74551e-20
32.7316 6.16185e-26 0 2.89783e-21
34.0409 5.4305e-25 -2.10944e-19 1.49207e-20
35.4025 1.4124e-42 0 6.64234e-38
36.8186 4.15504e-25 -1.80316e-19 1.04641e-20
38.2914 -3.84157e-25 1.66712e-19 -9.67462e-21
39.823 -4.16272e-26 0 -1.95767e-21
41.4159 -1.5253e-25 1.42506e-19 -1.17315e-38
43.0726 -1.8673e-25 1.31755e-19 -2.14957e-21
44.7955 2.05541e-25 -1.21815e-19 3.53457e-21
46.5873 2.20451e-25 -1.12625e-19 4.69836e-21
48.4508 -9.20924e-44 0 -4.33097e-39
50.3888 7.23986e-26 0 3.4048e-21
52.4044 1.07289e-25 -8.90091e-20 5.65253e-22
54.5006 -9.70192e-44 0 -4.56267e-39
56.6806 -8.1437e-26 7.60854e-20 -4.20534e-39
58.9478 -4.34019e-26 0 -2.04113e-21
61.3057 2.2812e-43 0 1.07282e-38
63.7579 -6.92806e-26 3.00657e-20 -1.74477e-21
66.3083 -7.50725e-27 0 -3.53055e-22
68.9606 -6.94087e-27 0 -3.26419e-22
71.719 -2.54327e-26 2.37613e-20 -3.40899e-37
74.5878 2.35139e-26 -2.19687e-20 3.27087e-37
77.5713 5.48547e-27 0 2.57974e-22
80.6741 -2.00998e-26 1.87789e-20 -1.1578e-38
83.9011 4.93858e-26 -1.73622e-20 1.44859e-21
87.2571 -1.42393e-26 0 -6.69653e-22
90.7474 2.5042e-26 -1.48413e-20 4.30633e-22
94.3773 2.31527e-26 -1.37216e-20 3.98144e-22
98.1524 -7.8273e-27 0 -3.68107e-22
102.079 2.13749e-26 -1.17293e-20 4.14822e-22
106.162 1.82979e-26 -1.08444e-20 3.14659e-22
110.408 6.61322e-45 0 3.1101e-40
114.824 5.71933e-27 0 2.68972e-22
119.417 6.44515e-27 0 3.03106e-22
124.194 -4.88891e-27 0 -2.29918e-22
129.162 -9.43003e-27 3.66303e-21 -2.59097e-22
134.328 -3.84945e-44 0 -1.81034e-39
139.701 -1.21144e-45 0 -5.69725e-41
145.29 -6.67085e-27 2.89495e-21 -1.67999e-22
151.101 -2.8648e-27 2.67654e-21 -4.68213e-41
157.145 3.7921e-46 0 1.78337e-41
163.431 1.41161e-27 0 6.6386e-23
169.968 -2.2641e-27 2.11531e-21 1.46564e-41
176.767 0 0 0
