TITLE="Graphics"
VARIABLES= "r, cm", "drho/dt, g/(cm<sup>3</sup>s", " dT/dt", "dW/dt"
0.035 0.000688583 110.972 31.7063
0.0357 0.00137154 102.902 49.0544
0.0364 0.00115725 95.4845 42.7221
0.0371 0.00480705 88.6982 143.721
0.0378 -0.00696505 82.2736 -187.732
0.0385 -0.00132405 76.3613 -29.6569
0.0392 0.00675699 70.9379 204.135
0.0399 -0.00298163 65.7873 -81.0604
0.0406 0.00227303 61.0193 74.1413
0.0413 0.00300279 56.558 96.4333
0.042 0.00198861 52.3654 65.9696
0.0427 0.00148435 48.4211 50.569
0.0434 -0.0035527 44.6699 -106.615
0.0441 -0.00072673 41.1451 -19.0071
0.0448 0.00126204 37.8235 43.689
0.0455 0.00127779 34.6802 44.2185
0.0462 0.00219462 31.7074 73.9398
0.0469 0.00166379 28.8855 56.9034
0.0476 0.00256336 26.2105 86.6554
0.0483 -0.000705246 23.6532 -21.3059
0.049 -0.00443513 21.2029 -146.227
0.0497 0.00306449 18.896 104.652
0.0504 0.00448872 16.7011 153.326
0.0511 -0.000881217 14.5882 -28.7876
0.0518 0.000630319 12.5748 22.6509
0.0525 -0.000920802 10.6445 -30.8671
0.0532 0.000614084 8.8014 22.0163
0.0539 0.0032213 7.04347 112.892
0.0546 -0.00149099 5.3464 -51.8378
0.0553 0.000758997 3.72451 27.0437
0.056 0.00205885 2.17083 73.0863
0.0567 -0.00142967 0.670979 -50.8256
0.0574 0.00176269 -0.763455 62.9659
0.0581 0.0012776 -2.14382 45.724
0.0588 -0.00122225 -3.47657 -44.364
0.0595 0.00185969 -4.75385 67.0179
0.0602 0.000908388 -5.98584 32.5971
0.0609 -0.00083231 -7.17586 -30.9474
0.0616 0.00155895 -8.31943 56.5497
0.0623 0.000881783 -9.42363 31.7616
0.063 -0.000495813 -10.4912 -19.099
0.0637 0.00105974 -11.5198 38.4514
0.0644 0.00100227 -12.5135 36.3843
0.0651 -0.000106253 -13.4752 -4.94953
0.0658 0.000531347 -14.4041 18.8636
0.0665 0.000950851 -15.3021 34.6388
0.0672 0.00038716 -16.1715 13.4395
0.0679 0.000299799 -17.0132 10.1252
0.0686 0.000557725 -17.8279 19.8925
0.0693 0.000601817 -18.617 21.5827
0.072072 0.000450464 -21.5083 15.8344
0.0749549 0.000460104 -24.1676 16.2318
0.0779531 0.000513505 -26.6138 18.3663
0.0810712 0.000436133 -28.8654 15.3685
0.084314 0.000341984 -30.9381 11.65
0.0876866 0.000345727 -32.8449 11.8189
0.0911941 0.000381613 -34.5983 13.3036
0.0948418 0.00038426 -36.2101 13.4564
0.0986355 0.000362592 -37.6909 12.6125
0.102581 0.000339618 -39.0501 11.705
0.106684 0.000321971 -40.296 11.0102
0.110952 0.000307835 -41.4362 10.4563
0.11539 0.000295203 -42.4774 9.96138
0.120005 0.00028328 -43.4256 9.49261
0.124805 0.000271852 -44.2862 9.04141
0.129798 0.000260862 -45.0637 8.60572
0.13499 0.000250282 -45.7624 8.18472
0.140389 0.000240091 -46.3855 7.7778
0.146005 0.000230267 -46.9361 7.38438
0.151845 0.000220792 -47.4165 7.00395
0.157919 0.000211646 -47.8288 6.636
0.164235 0.000202812 -48.1746 6.28008
0.170805 0.000194274 -48.4551 5.93576
0.177637 0.000186016 -48.6711 5.60267
0.184742 0.000178025 -48.8232 5.28044
0.192132 0.000170285 -48.9117 4.96876
0.199817 0.000162786 -48.9366 4.66734
0.20781 0.000155515 -48.8978 4.37593
0.216123 0.000148462 -48.7949 4.09432
0.224767 0.000141618 -48.6272 3.82232
0.233758 0.000134973 -48.3943 3.55978
0.243108 0.000128521 -48.0951 3.3066
0.252833 0.000122254 -47.7288 3.06269
0.262946 0.000116167 -47.2944 2.82803
0.273464 0.000110255 -46.7907 2.60259
0.284403 0.000104513 -46.2166 2.38642
0.295779 9.89386e-05 -45.571 2.17955
0.30761 9.35295e-05 -44.8528 1.98208
0.319914 8.82838e-05 -44.061 1.7941
0.332711 8.32005e-05 -43.1949 1.61574
0.346019 7.82791e-05 -42.2538 1.44712
0.35986 7.35196e-05 -41.2374 1.28837
0.374254 6.89222e-05 -40.1456 1.13961
0.389224 6.44876e-05 -38.9791 1.00094
0.404793 6.02162e-05 -37.7388 0.872444
0.420985 5.61084e-05 -36.4263 0.754145
0.437825 5.21646e-05 -35.044 0.646032
0.455338 4.83845e-05 -33.595 0.548025
0.473551 4.47675e-05 -32.0834 0.459973
0.492493 4.13123e-05 -30.5141 0.381645
0.512193 3.8017e-05 -28.8932 0.312721
0.532681 3.48792e-05 -27.2279 0.252797
0.553988 3.18956e-05 -25.5264 0.201376
0.576147 2.90628e-05 -23.7981 0.157885
0.599193 2.6377e-05 -22.0536 0.121673
0.623161 2.38342e-05 -20.3043 0.0920382
0.648087 2.14309e-05 -18.5626 0.0682346
0.674011 1.9164e-05 -16.8417 0.0495012
0.700971 1.70308e-05 -15.1551 0.0350809
0.72901 1.50298e-05 -13.5165 0.0242442
0.758171 1.31603e-05 -11.9397 0.0163095
0.788497 1.14226e-05 -10.4376 0.0106607
0.820037 9.81737e-06 -9.02228 0.00675899
0.852839 8.34604e-06 -7.70452 0.00415004
0.886952 7.00977e-06 -6.49314 0.00246488
0.92243 5.80923e-06 -5.39486 0.00141558
0.959328 4.74404e-06 -4.41385 0.000786789
0.997701 3.81227e-06 -3.55162 0.000424512
1.03761 3.0101e-06 -2.80687 0.000223766
1.07911 2.33166e-06 -2.17557 0.00011649
1.12228 1.76897e-06 -1.65122 6.08333e-05
1.16717 1.31217e-06 -1.22515 3.24435e-05
1.21386 9.49891e-07 -0.88704 1.79211e-05
1.26241 6.69756e-07 -0.625505 1.0287e-05
1.31291 4.59002e-07 -0.428703 6.07883e-06
1.36542 3.05073e-07 -0.284947 3.63508e-06
1.42004 1.96184e-07 -0.183247 2.16072e-06
1.47684 1.21762e-07 -0.113735 1.25818e-06
1.53591 7.27446e-08 -0.0679498 7.10212e-07
1.59735 4.17182e-08 -0.0389689 3.85777e-07
1.66125 2.28991e-08 -0.0213902 2.0056e-07
1.72769 1.19938e-08 -0.0112036 9.93654e-08
1.7968 5.97535e-09 -0.00558175 4.67361e-08
1.86867 2.82242e-09 -0.00263653 2.07944e-08
1.94342 1.25973e-09 -0.00117677 8.71962e-09
2.02116 5.29477e-10 -0.000494613 3.4385e-09
2.10201 2.08851e-10 -0.000195101 1.26681e-09
2.18609 7.7046e-11 -7.19746e-05 4.16706e-10
2.27353 2.64924e-11 -2.47483e-05 1.55705e-10
2.36447 8.46226e-12 -7.90513e-06 5.14518e-11
2.45905 2.50298e-12 -2.33837e-06 6.09824e-12
2.55741 6.82441e-13 -6.37594e-07 1.20159e-16
2.65971 1.5514e-13 -1.44944e-07 6.43832e-17
2.7661 6.08526e-14 -5.68537e-08 6.4925e-17
2.87674 4.97155e-15 -4.64484e-09 4.34701e-17
2.99181 6.73213e-22 0 3.16603e-17
3.11148 1.42009e-21 -3.93748e-16 4.69647e-17
3.23594 -1.53394e-22 3.64042e-16 1.11107e-17
3.36538 -2.94822e-24 3.36577e-16 1.68035e-17
3.49999 1.98942e-22 0 9.35596e-18
3.63999 1.1717e-22 0 5.51035e-18
3.78559 -4.23949e-22 2.66002e-16 -6.54812e-18
3.93702 -1.07587e-22 1.22967e-16 1.13004e-18
4.0945 3.24917e-22 -1.1369e-16 9.55763e-18
4.25828 1.29729e-22 -1.05113e-16 8.09986e-19
4.42861 -9.53172e-23 9.71825e-17 4.09192e-19
4.60575 1.00313e-22 -8.98507e-17 1.94802e-19
4.78998 9.07671e-23 -8.3072e-17 8.70954e-20
4.98158 -8.14321e-23 7.68048e-17 3.64445e-20
5.18084 -1.38693e-22 7.10103e-17 -2.94811e-18
5.38808 -1.9867e-22 1.31306e-16 -2.73368e-18
5.6036 -1.63563e-23 0 -7.69216e-19
5.82775 6.00793e-23 -5.61205e-17 5.38294e-22
6.06086 3.2708e-27 0 1.53821e-22
6.30329 3.60768e-23 0 1.69664e-18
6.55542 -8.08265e-23 4.43528e-17 -1.56859e-18
6.81764 3.08379e-23 0 1.45026e-18
7.09034 9.03476e-30 0 4.24892e-25
7.37396 -3.75182e-23 3.50527e-17 7.72396e-26
7.66892 -4.17154e-23 1.62041e-17 -1.14616e-18
7.97567 -4.01629e-23 2.99632e-17 -3.80563e-19
8.2947 3.56585e-23 -1.38513e-17 9.79743e-19
8.62649 -4.66754e-23 2.56127e-17 -9.05827e-19
8.97155 -3.04811e-23 1.18402e-17 -8.37488e-19
9.33041 -1.17169e-23 1.09469e-17 -5.72984e-38
9.70362 3.68883e-23 -2.02421e-17 7.15888e-19
10.0918 -3.41053e-23 1.87149e-17 -6.61879e-19
10.4954 1.45979e-23 -8.6515e-18 2.51031e-19
10.9153 -1.20305e-23 0 -5.65777e-19
11.3519 1.24783e-23 -7.39533e-18 2.14582e-19
11.8059 -1.84658e-24 0 -8.68419e-20
12.2782 -8.95925e-24 6.32156e-18 -1.03136e-19
12.7693 7.04497e-24 -5.84464e-18 3.71164e-20
13.2801 -9.84747e-24 5.4037e-18 -1.91109e-19
13.8113 9.10454e-24 -4.99602e-18 1.76691e-19
14.3637 -6.23741e-25 0 -2.93336e-20
14.9383 2.2855e-24 -2.13531e-18 1.11503e-36
15.5358 -2.43612e-24 0 -1.14567e-19
16.1572 4.69894e-24 -1.82527e-18 1.29107e-19
16.8035 6.1507e-24 -3.37513e-18 1.19366e-19
17.4757 5.68667e-24 -3.1205e-18 1.10361e-19
18.1747 -1.544e-24 1.44254e-18 -8.5543e-37
18.9017 -1.64576e-24 0 -7.73975e-20
19.6578 1.85461e-24 0 8.72198e-20
20.4441 3.07896e-25 0 1.44799e-20
21.2618 -2.06319e-24 1.05405e-18 -4.39717e-20
22.1123 2.63191e-25 0 1.23775e-20
22.9968 -9.64381e-25 9.01006e-19 -1.30467e-35
23.9167 -1.40559e-24 8.33031e-19 -2.41711e-20
24.8733 1.04002e-25 0 4.89105e-21
25.8683 1.29766e-24 -7.12078e-19 2.51836e-20
26.903 -7.04663e-25 6.58356e-19 9.48975e-36
27.9791 -3.39626e-42 0 -1.59721e-37
29.0983 4.23211e-25 0 1.9903e-20
30.2622 -9.48188e-25 5.20308e-19 -1.84014e-20
31.4727 -3.61762e-25 0 -1.70132e-20
32.7316 6.00584e-26 0 2.82446e-21
34.0409 5.29301e-25 -2.05604e-19 1.45429e-20
35.4025 9.96552e-44 0 4.68664e-39
36.8186 4.04984e-25 -1.75751e-19 1.01991e-20
38.2914 -3.7443e-25 1.62492e-19 -9.42968e-21
39.823 -4.05733e-26 0 -1.9081e-21
41.4159 -1.48668e-25 1.38898e-19 -8.27748e-40
43.0726 -1.82003e-25 1.28419e-19 -2.09515e-21
44.7955 2.00337e-25 -1.18731e-19 3.44509e-21
46.5873 2.1487e-25 -1.09773e-19 4.57941e-21
48.4508 -6.49775e-45 0 -3.0558e-40
50.3888 7.05656e-26 0 3.3186e-21
52.4044 1.04573e-25 -8.67556e-20 5.50941e-22
54.5006 -6.84541e-45 0 -3.2193e-40
56.6806 -7.93752e-26 7.4159e-20 -2.96715e-40
58.9478 -4.2303e-26 0 -1.98945e-21
61.3057 3.47849e-43 0 1.63589e-38
63.7579 -6.75265e-26 2.93045e-20 -1.70059e-21
66.3083 -7.31718e-27 0 -3.44116e-22
68.9606 -6.76514e-27 0 -3.18155e-22
71.719 -2.47888e-26 2.31598e-20 -3.33643e-37
74.5878 2.29186e-26 -2.14125e-20 3.19852e-37
77.5713 5.34659e-27 0 2.51442e-22
80.6741 -1.95909e-26 1.83035e-20 -9.82662e-39
83.9011 4.81355e-26 -1.69226e-20 1.41192e-21
87.2571 -1.38788e-26 0 -6.52698e-22
90.7474 2.4408e-26 -1.44655e-20 4.1973e-22
94.3773 2.25666e-26 -1.33742e-20 3.88064e-22
98.1524 -7.62913e-27 0 -3.58787e-22
102.079 2.08337e-26 -1.14323e-20 4.04319e-22
106.162 1.78347e-26 -1.05698e-20 3.06692e-22
110.408 4.66611e-46 0 2.19441e-41
114.824 5.57453e-27 0 2.62162e-22
119.417 6.28198e-27 0 2.95432e-22
124.194 -4.76513e-27 0 -2.24097e-22
129.162 -9.19128e-27 3.57029e-21 -2.52537e-22
134.328 -3.72664e-44 0 -1.75259e-39
139.701 -8.54755e-47 0 -4.01979e-42
145.29 -6.50196e-27 2.82165e-21 -1.63746e-22
151.101 -2.79227e-27 2.60878e-21 -3.30357e-42
157.145 2.67558e-47 0 1.25829e-42
163.431 1.37587e-27 0 6.47053e-23
169.968 -2.20677e-27 2.06175e-21 1.03411e-42
176.767 0 0 0
