TITLE="Graphics"
VARIABLES= "r, cm", "drho/dt, g/(cm<sup>3</sup>s", " dT/dt", "dW/dt"
0.0343 0.000749415 317.682 71.2231
0.035 -0.00166393 275.398 -9.39145
0.0357 0.000628804 238.998 53.2308
0.0364 0.000935775 207.126 58.0484
0.0371 -0.000458468 178.785 7.60965
0.0378 0.00421608 154.006 164.17
0.0385 0.00175601 131.586 77.7514
0.0392 -0.00170874 111.078 -49.3418
0.0399 0.000315111 92.6537 21.9689
0.0406 0.00156765 75.986 67.7632
0.0413 0.00174269 60.7896 74.0069
0.042 -0.00107 46.684 -37.6783
0.0427 0.00143907 33.8907 61.4274
0.0434 0.00491211 22.3313 203.992
0.0441 -0.000642335 11.3581 -25.7842
0.0448 -0.00143177 1.17183 -60.6952
0.0455 0.0018073 -8.09731 77.2076
0.0462 0.00158817 -16.7054 68.0273
0.0469 0.00173683 -24.6926 74.943
0.0476 -0.000135163 -32.2031 -8.76915
0.0483 0.000476943 -39.1725 18.5016
0.049 0.00304126 -45.5692 136.501
0.0497 0.000130091 -51.6483 1.98595
0.0504 -0.000493931 -57.3492 -27.7479
0.0511 0.00176168 -62.6034 79.198
0.0518 0.000950555 -67.5468 40.7124
0.0525 0.00123162 -72.1674 54.5842
0.0532 0.00146306 -76.4907 66.3024
0.0539 -1.47985e-05 -80.5857 -6.51321
0.0546 0.000341919 -84.4176 11.1364
0.0553 0.00105609 -87.996 47.1605
0.056 0.00135047 -91.3495 62.4425
0.0567 0.00147714 -94.4973 69.3712
0.0574 0.00013617 -97.4853 0.510577
0.0581 5.10276e-05 -100.295 -3.97992
0.0588 0.00152412 -102.907 73.2694
0.0595 0.00107078 -105.373 49.7992
0.0602 0.000251628 -107.707 6.51515
0.0609 0.000893446 -109.892 40.9388
0.0616 0.000957649 -111.945 44.6638
0.0623 0.000530611 -113.884 21.7644
0.063 0.000796299 -115.704 36.4151
0.0637 0.000842488 -117.416 39.1828
0.0644 0.000529974 -119.03 22.1536
0.0651 0.00068405 -120.545 30.862
0.0658 0.000895865 -121.967 42.8949
0.0665 0.000695826 -123.306 31.9121
0.0672 0.000549452 -124.566 23.8401
0.0679 0.000659154 -125.748 30.2221
0.0686 0.00072254 -126.857 34.0242
0.0693 0.000693687 -127.897 32.572
0.072072 0.000625868 -131.406 29.3697
0.0749549 0.00060116 -134.177 28.598
0.0779531 0.00057286 -136.293 27.5644
0.0810712 0.000568826 -137.821 27.9646
0.084314 0.000526019 -138.832 25.9429
0.0876866 0.000499148 -139.378 24.8441
0.0911941 0.000492702 -139.508 24.9986
0.0948418 0.000459744 -139.271 23.4186
0.0986355 0.000437265 -138.706 22.4634
0.102581 0.00041694 -137.848 21.607
0.106684 0.000407588 -136.731 21.4449
0.110952 0.000390659 -135.384 20.7479
0.11539 0.000365381 -133.834 19.4469
0.120005 0.000356596 -132.105 19.2389
0.124805 0.000340899 -130.219 18.5298
0.129798 0.000320159 -128.196 17.4377
0.13499 0.000311629 -126.052 17.1744
0.140389 0.000301031 -123.803 16.7453
0.146005 0.000282777 -121.463 15.7467
0.151845 0.000267966 -119.045 14.9686
0.157919 0.000258575 -116.559 14.5613
0.164235 0.000249361 -114.015 14.1503
0.170805 0.000238549 -111.423 13.6057
0.177637 0.000227352 -108.79 13.0156
0.184742 0.000216663 -106.122 12.4469
0.192132 0.000206562 -103.426 11.9068
0.199817 0.000196901 -100.708 11.3857
0.20781 0.000187582 -97.9723 10.8772
0.216123 0.000178563 -95.2231 10.3792
0.224767 0.000169823 -92.4645 9.89087
0.233758 0.000161348 -89.6999 9.41209
0.243108 0.000153127 -86.9327 8.94265
0.252833 0.000145148 -84.1657 8.48248
0.262946 0.000137404 -81.4016 8.03154
0.273464 0.000129886 -78.6429 7.58988
0.284403 0.000122588 -75.8921 7.15759
0.295779 0.000115506 -73.1517 6.73483
0.30761 0.000108636 -70.424 6.3218
0.319914 0.000101975 -67.7118 5.91879
0.332711 9.55227e-05 -65.0178 5.52612
0.346019 8.92789e-05 -62.345 5.14416
0.35986 8.32445e-05 -59.697 4.77333
0.374254 7.74215e-05 -57.0777 4.41411
0.389224 7.18128e-05 -54.4916 4.06697
0.404793 6.64222e-05 -51.9439 3.73243
0.420985 6.1254e-05 -49.4406 3.41103
0.437825 5.63131e-05 -46.9886 3.10327
0.455338 5.16049e-05 -44.5956 2.80969
0.473551 4.71349e-05 -42.2705 2.53077
0.492493 4.2909e-05 -40.0233 2.26696
0.512193 3.89327e-05 -37.8647 2.01866
0.532681 3.52113e-05 -35.8067 1.78621
0.553988 3.17495e-05 -33.8618 1.56985
0.576147 2.85511e-05 -32.043 1.36974
0.599193 2.56187e-05 -30.3628 1.18591
0.623161 2.29529e-05 -28.8328 1.0183
0.648087 2.05526e-05 -27.4626 0.866689
0.674011 1.84136e-05 -26.2583 0.73073
0.700971 1.65284e-05 -25.221 0.609932
0.72901 1.4886e-05 -24.3455 0.503664
0.758171 1.3471e-05 -23.6191 0.41116
0.788497 1.22637e-05 -23.0206 0.331535
0.820037 1.12407e-05 -22.5201 0.263804
0.852839 1.03749e-05 -22.0805 0.206906
0.886952 9.63714e-06 -21.6595 0.159738
0.92243 8.99755e-06 -21.2125 0.121182
0.959328 8.42722e-06 -20.6969 0.0901366
0.997701 7.90003e-06 -20.0759 0.0655452
1.03761 7.39407e-06 -19.3224 0.0464151
1.07911 6.89276e-06 -18.4214 0.0318331
1.12228 6.38533e-06 -17.3711 0.0209748
1.16717 5.86674e-06 -16.1828 0.0131082
1.21386 5.33703e-06 -14.8789 0.00759467
1.26241 4.80037e-06 -13.4906 0.00388617
1.31291 4.26382e-06 -12.054 0.00152194
1.36542 3.73607e-06 -10.6074 0.000123355
1.42004 3.22631e-06 -9.18746 -0.000611866
1.47684 2.74332e-06 -7.82756 -0.000916733
1.53591 2.29469e-06 -6.5555 -0.000963322
1.59735 1.88639e-06 -5.39268 -0.000872286
1.66125 1.5225e-06 -4.35359 -0.000722956
1.72769 1.20508e-06 -3.44597 -0.000563257
1.7968 9.34307e-07 -2.67125 -0.000418687
1.86867 7.08593e-07 -2.02542 -0.000299888
1.94342 5.24936e-07 -1.50005 -0.000208564
2.02116 3.79247e-07 -1.08346 -0.000141774
2.10201 2.66736e-07 -0.761873 -9.47603e-05
2.18609 1.82287e-07 -0.520595 -6.26169e-05
2.27353 1.20792e-07 -0.344962 -4.10985e-05
2.36447 7.74385e-08 -0.221172 -2.6891e-05
2.45905 4.79135e-08 -0.136879 -1.75814e-05
2.55741 2.85374e-08 -0.0815609 -1.14972e-05
2.65971 1.63163e-08 -0.0466655 -7.5196e-06
2.7661 8.9293e-09 -0.0255661 -4.91738e-06
2.87674 4.66385e-09 -0.013376 -3.21883e-06
2.99181 2.3203e-09 -0.00667265 -2.12152e-06
3.11148 1.10375e-09 -0.0031888 -1.43244e-06
3.23594 5.20343e-10 -0.00151562 -1.03061e-06
3.36538 2.90757e-10 -0.000856236 -8.4525e-07
3.49999 0 0 0
