TITLE="Graphics"
VARIABLES= "r, cm", "drho/dt, g/(cm<sup>3</sup>s", " dT/dt", "dW/dt"
0.0343 0.00147142 308.815 91.0948
0.035 0.00223908 273.243 108.379
0.0357 -0.00442514 241.273 -105.457
0.0364 -0.00134908 213.281 -15.2634
0.0371 0.00459002 188.927 178.65
0.0378 0.00179405 166.81 82.7221
0.0385 -0.00207063 146.484 -56.098
0.0392 -0.000984604 128.108 -21.1052
0.0399 0.00267303 111.649 112.124
0.0406 0.00199859 96.5501 86.6044
0.0413 -9.85925e-05 82.5526 4.81681
0.042 0.000973193 69.7497 45.7201
0.0427 0.000463573 57.91 24.4775
0.0434 0.000528556 46.9731 26.278
0.0441 0.00157343 36.9091 69.2729
0.0448 -0.000255003 27.477 -8.30297
0.0455 0.000276882 18.744 13.6279
0.0462 0.00237437 10.7258 104.818
0.0469 0.00105513 3.20057 47.0733
0.0476 0.000411998 -3.84071 18.1898
0.0483 0.00104743 -10.3832 46.8045
0.049 2.67556e-05 -16.5339 -0.112503
0.0497 -5.73295e-06 -22.284 -2.04773
0.0504 0.0014906 -27.609 68.0634
0.0511 0.00147165 -32.5943 67.5686
0.0518 0.000699106 -37.2889 30.8069
0.0525 0.000829799 -41.6845 37.2093
0.0532 0.000537174 -45.8148 22.9836
0.0539 0.000109996 -49.7018 1.8423
0.0546 0.000771777 -53.3321 34.7464
0.0553 0.0010144 -56.7347 47.1204
0.056 0.000784898 -59.9368 35.7173
0.0567 0.00126034 -62.9346 60.2447
0.0574 0.000781856 -65.7633 35.9118
0.0581 -0.000436799 -68.4486 -27.302
0.0588 0.000312625 -70.9576 11.6904
0.0595 0.00173563 -73.2893 86.8126
0.0602 0.00117634 -75.4938 57.6391
0.0609 1.00027e-05 -77.589 -4.41872
0.0616 0.000192718 -79.5564 5.3517
0.0623 0.000889766 -81.3954 43.1279
0.063 0.0008894 -83.1256 43.3512
0.0637 0.000558783 -84.7584 25.4596
0.0644 0.000550124 -86.2943 25.1181
0.0651 0.000639911 -87.7374 30.2353
0.0658 0.000559505 -89.0953 25.9144
0.0665 0.000546557 -90.3718 25.3292
0.0672 0.000645001 -91.5701 31.0178
0.0679 0.000629896 -92.696 30.3293
0.0686 0.000556573 -93.7539 26.3165
0.0693 0.000538344 -94.747 25.4156
0.072072 0.000555847 -98.0961 26.98
0.0749549 0.000517987 -100.76 25.3126
0.0779531 0.00049166 -102.813 24.2739
0.0810712 0.000476229 -104.321 23.857
0.084314 0.0004512 -105.345 22.8174
0.0876866 0.00043038 -105.938 21.9975
0.0911941 0.000416907 -106.146 21.6076
0.0948418 0.000397016 -106.011 20.7771
0.0986355 0.000381322 -105.569 20.1833
0.102581 0.000374393 -104.854 20.139
0.106684 0.000347212 -103.895 18.7246
0.110952 0.00033214 -102.72 18.0812
0.11539 0.000322406 -101.351 17.7741
0.120005 0.000303413 -99.8103 16.8096
0.124805 0.000295073 -98.1162 16.5525
0.129798 0.000282404 -96.2863 15.9754
0.13499 0.000264952 -94.3362 15.0385
0.140389 0.000257306 -92.2791 14.7715
0.146005 0.000248814 -90.1274 14.4292
0.151845 0.000233813 -87.8923 13.6019
0.157919 0.000221125 -85.5834 12.9208
0.164235 0.000212974 -83.2092 12.5528
0.170805 0.00020517 -80.7775 12.1969
0.177637 0.000196055 -78.2952 11.7318
0.184742 0.000186555 -75.7685 11.2248
0.192132 0.000177436 -73.2027 10.7335
0.199817 0.000168787 -70.6026 10.2654
0.20781 0.000160491 -67.9727 9.81294
0.216123 0.000152466 -65.3168 9.37078
0.224767 0.000144678 -62.6383 8.93702
0.233758 0.00013711 -59.9404 8.5111
0.243108 0.000129751 -57.226 8.09283
0.252833 0.000122593 -54.4978 7.68214
0.262946 0.000115627 -51.7584 7.27901
0.273464 0.000108847 -49.0102 6.8835
0.284403 0.00010225 -46.2558 6.4957
0.295779 9.58307e-05 -43.4978 6.11577
0.30761 8.95873e-05 -40.7391 5.74394
0.319914 8.35185e-05 -37.983 5.38046
0.332711 7.76244e-05 -35.2331 5.02569
0.346019 7.19062e-05 -32.4937 4.67998
0.35986 6.63662e-05 -29.7699 4.34377
0.374254 6.10078e-05 -27.0677 4.01752
0.389224 5.58357e-05 -24.3943 3.70173
0.404793 5.08554e-05 -21.7581 3.39692
0.420985 4.60733e-05 -19.1694 3.10363
0.437825 4.14969e-05 -16.64 2.8224
0.455338 3.71344e-05 -14.184 2.55378
0.473551 3.29949e-05 -11.8177 2.29828
0.492493 2.90879e-05 -9.56001 2.05638
0.512193 2.54237e-05 -7.43249 1.82854
0.532681 2.20128e-05 -5.45943 1.61513
0.553988 1.88658e-05 -3.6677 1.41645
0.576147 1.59931e-05 -2.08638 1.23271
0.599193 1.34045e-05 -0.745924 1.06404
0.623161 1.11085e-05 0.323032 0.910412
0.648087 9.11147e-06 1.09158 0.771687
0.674011 7.41665e-06 1.53502 0.647582
0.700971 6.02308e-06 1.63602 0.537661
0.72901 4.92423e-06 1.3881 0.441341
0.758171 4.1069e-06 0.799232 0.357892
0.788497 3.55031e-06 -0.105196 0.286451
0.820037 3.22585e-06 -1.28071 0.226049
0.852839 3.09755e-06 -2.66409 0.175637
0.886952 3.12356e-06 -4.17617 0.134126
0.92243 3.25842e-06 -5.72716 0.100422
0.959328 3.45606e-06 -7.22384 0.0734645
0.997701 3.67299e-06 -8.57775 0.0522498
1.03761 3.8712e-06 -9.71293 0.0358555
1.07911 4.0205e-06 -10.5722 0.02345
1.12228 4.09987e-06 -11.1208 0.0142962
1.16717 4.09777e-06 -11.348 0.00775
1.21386 4.01152e-06 -11.2649 0.0032554
1.26241 3.84601e-06 -10.9014 0.00033811
1.31291 3.61188e-06 -10.3014 -0.00140102
1.36542 3.32357e-06 -9.51712 -0.00229241
1.42004 2.99742e-06 -8.6043 -0.00260373
1.47684 2.64997e-06 -7.61732 -0.00254562
1.53591 2.29675e-06 -6.60585 -0.00227752
1.59735 1.95126e-06 -5.61243 -0.00191399
1.66125 1.62451e-06 -4.67116 -0.00153177
1.72769 1.32476e-06 -3.8072 -0.00117722
1.7968 1.05749e-06 -3.0371 -0.000873898
1.86867 8.2562e-07 -2.36951 -0.000629516
1.94342 6.2981e-07 -1.80631 -0.000441854
2.02116 4.6886e-07 -1.34387 -0.000303394
2.10201 3.40158e-07 -0.97447 -0.000204616
2.18609 2.40124e-07 -0.687623 -0.000136096
2.27353 1.64642e-07 -0.471351 -8.963e-05
2.36447 1.09432e-07 -0.313263 -5.86599e-05
2.45905 7.03577e-08 -0.201428 -3.82668e-05
2.55741 4.36537e-08 -0.125018 -2.49376e-05
2.65971 2.60721e-08 -0.0747145 -1.62582e-05
2.7661 1.49495e-08 -0.0428855 -1.06175e-05
2.87674 8.20882e-09 -0.0235879 -6.96301e-06
2.99181 4.31159e-09 -0.0124226 -4.61765e-06
3.11148 2.17922e-09 -0.00630713 -3.15174e-06
3.23594 1.10323e-09 -0.00321737 -2.29907e-06
3.36538 6.6213e-10 -0.00194922 -1.90613e-06
3.49999 0 0 0
