TITLE="Graphics"
VARIABLES= "r, cm", "drho/dt, g/(cm<sup>3</sup>s", " dT/dt", "dW/dt"
0.0336 -0.000398805 319.9 40.7058
0.0343 -0.00111667 290.741 11.4066
0.035 -0.00186426 265.27 -19.0638
0.0357 0.00170189 243.341 89.2073
0.0364 -0.000245762 223.736 22.0315
0.0371 -0.00271702 206.007 -66.2754
0.0378 0.0018882 190.566 90.2122
0.0385 0.00332205 176.819 141.053
0.0392 -0.00115869 164.022 -23.6006
0.0399 -0.00231711 152.308 -70.1316
0.0406 0.00104035 141.89 55.612
0.0413 0.0013169 132.398 65.7952
0.042 -0.00101426 123.549 -27.7277
0.0427 0.000638423 115.535 37.6511
0.0434 0.00252933 108.285 115.296
0.0441 -0.000148674 101.455 3.51043
0.0448 -0.00151344 95.0762 -55.6329
0.0455 0.000887241 89.3044 46.6209
0.0462 0.00140014 83.9887 69.0117
0.0469 -0.000149922 78.991 0.298046
0.0476 -1.90663e-05 74.361 5.57121
0.0483 0.000671637 70.0912 36.5675
0.049 0.000807547 66.1289 42.7578
0.0497 0.000657865 62.4384 35.7963
0.0504 -0.000144438 58.9742 -2.07014
0.0511 0.000188041 55.7599 13.3697
0.0518 0.000959667 52.7908 50.2973
0.0525 -0.000104131 49.9891 -1.23256
0.0532 -6.31955e-05 47.3779 0.474457
0.0539 0.0014293 44.9858 74.0962
0.0546 0.000697722 42.7335 37.9713
0.0553 -0.000389849 40.6029 -16.6986
0.056 0.000264594 38.6319 16.1882
0.0567 0.00035166 36.7948 20.5851
0.0574 0.000222977 35.0778 13.9356
0.0581 0.00104365 33.4944 56.5201
0.0588 0.000761948 32.0113 42.0422
0.0595 -0.000478081 30.6032 -23.1445
0.0602 -0.000154799 29.2978 -6.27302
0.0609 0.000984684 28.1036 54.4313
0.0616 0.000799237 26.9884 44.7088
0.0623 1.33097e-05 25.9373 2.38157
0.063 5.64327e-05 24.9615 4.65381
0.0637 0.000450289 24.062 26.1596
0.0644 0.000451132 23.2279 26.2812
0.0651 0.000319736 22.4536 19.0842
0.0658 0.00031321 21.7374 18.761
0.0665 0.000307041 21.0763 18.4565
0.0672 0.000294689 20.467 17.8029
0.0679 0.000321609 19.9073 19.3649
0.0686 0.000330467 19.3942 19.9177
0.0693 0.00031701 18.9249 19.2029
0.072072 0.000294835 17.4589 18.1244
0.0749549 0.00028368 16.4943 17.6764
0.0779531 0.000265622 15.9791 16.8107
0.0810712 0.000259186 15.8697 16.6352
0.084314 0.000244929 16.1252 15.9754
0.0876866 0.000234989 16.7109 15.5705
0.0911941 0.000225313 17.5957 15.1725
0.0948418 0.000210974 18.7517 14.4637
0.0986355 0.000196636 20.1545 13.7363
0.102581 0.000191544 21.7835 13.5996
0.106684 0.000178987 23.6189 12.9601
0.110952 0.000167317 25.6441 12.3641
0.11539 0.000165315 27.8451 12.4106
0.120005 0.000153168 30.2083 11.7587
0.124805 0.000144772 32.723 11.3518
0.129798 0.000137022 35.3799 10.9797
0.13499 0.000126498 38.171 10.4035
0.140389 0.000122054 41.09 10.247
0.146005 0.000113872 44.1317 9.81845
0.151845 0.000103947 47.292 9.25632
0.157919 9.94026e-05 50.5684 9.07447
0.164235 9.3554e-05 53.959 8.79342
0.170805 8.43544e-05 57.4628 8.26169
0.177637 7.67534e-05 61.0802 7.84079
0.184742 7.14211e-05 64.8122 7.58289
0.192132 6.60349e-05 68.6606 7.31778
0.199817 5.98787e-05 72.6281 6.99213
0.20781 5.34989e-05 76.7179 6.64675
0.216123 4.72782e-05 80.9343 6.31088
0.224767 4.12462e-05 85.2819 5.98739
0.233758 3.53382e-05 89.7661 5.67199
0.243108 2.95123e-05 94.3925 5.36204
0.252833 2.37509e-05 99.1673 5.05672
0.262946 1.80458e-05 104.097 4.75589
0.273464 1.23922e-05 109.188 4.45968
0.284403 6.78683e-06 114.446 4.16826
0.295779 1.22745e-06 119.877 3.8819
0.30761 -4.28664e-06 125.486 3.60091
0.319914 -9.7547e-06 131.276 3.32568
0.332711 -1.51743e-05 137.248 3.05665
0.346019 -2.0541e-05 143.401 2.79431
0.35986 -2.58483e-05 149.727 2.53924
0.374254 -3.1087e-05 156.217 2.29203
0.389224 -3.62448e-05 162.852 2.05334
0.404793 -4.13058e-05 169.607 1.82388
0.420985 -4.62498e-05 176.442 1.60438
0.437825 -5.10516e-05 183.308 1.39558
0.455338 -5.56798e-05 190.135 1.19825
0.473551 -6.00958e-05 196.834 1.01316
0.492493 -6.42527e-05 203.291 0.841061
0.512193 -6.80944e-05 209.363 0.68264
0.532681 -7.15544e-05 214.874 0.538529
0.553988 -7.45559e-05 219.615 0.409242
0.576147 -7.70127e-05 223.343 0.295139
0.599193 -7.88316e-05 225.786 0.196367
0.623161 -7.99176e-05 226.656 0.112805
0.648087 -8.01811e-05 225.672 0.0440162
0.674011 -7.95479e-05 222.581 -0.010786
0.700971 -7.7971e-05 217.201 -0.0527306
0.72901 -7.54418e-05 209.448 -0.0832405
0.758171 -7.19976e-05 199.367 -0.103938
0.788497 -6.77245e-05 187.142 -0.116522
0.820037 -6.27532e-05 173.091 -0.122641
0.852839 -5.72484e-05 157.637 -0.12379
0.886952 -5.13947e-05 141.269 -0.121248
0.92243 -4.53812e-05 124.497 -0.116059
0.959328 -3.93878e-05 107.814 -0.109044
0.997701 -3.35748e-05 91.6612 -0.100842
1.03761 -2.80763e-05 76.408 -0.0919415
1.07911 -2.29967e-05 62.3428 -0.0827225
1.12228 -1.84102e-05 49.6688 -0.0734815
1.16717 -1.43618e-05 38.5081 -0.0644521
1.21386 -1.08701e-05 28.9086 -0.0558177
1.26241 -7.9304e-06 20.853 -0.0477186
1.31291 -5.51874e-06 14.2707 -0.0402571
1.36542 -3.59584e-06 9.04869 -0.0335013
1.42004 -2.11156e-06 5.04413 -0.0274877
1.47684 -1.00894e-06 2.09584 -0.0222251
1.53591 -2.28172e-07 0.0350861 -0.0176986
1.59735 2.90099e-07 -1.30493 -0.0138733
1.66125 6.01963e-07 -2.08139 -0.0106987
1.72769 7.58185e-07 -2.43612 -0.0081132
1.7968 8.02845e-07 -2.49181 -0.00604818
1.86867 7.72681e-07 -2.3503 -0.00443173
1.94342 6.97033e-07 -2.09247 -0.00319229
2.02116 5.9827e-07 -1.77954 -0.00226158
2.10201 4.92541e-07 -1.45526 -0.00157712
2.18609 3.90712e-07 -1.14866 -0.00108388
2.27353 2.99377e-07 -0.876871 -0.000735269
2.36447 2.21837e-07 -0.647987 -0.000493289
2.45905 1.59007e-07 -0.463585 -0.000328031
2.55741 1.10205e-07 -0.320938 -0.000216759
2.65971 7.37928e-08 -0.214818 -0.000142739
2.7661 4.76888e-08 -0.138889 -9.40149e-05
2.87674 2.97298e-08 -0.0867124 -6.22821e-05
2.99181 1.79196e-08 -0.0524177 -4.19203e-05
3.11148 1.05757e-08 -0.0310913 -2.92314e-05
3.23594 6.40393e-09 -0.0189716 -2.18765e-05
3.36538 4.53126e-09 -0.0135284 -1.84954e-05
3.49999 0 0 0
