TITLE="Graphics"
VARIABLES= "r, cm", "drho/dt, g/(cm<sup>3</sup>s", " dT/dt", "dW/dt"
0.0329 -0.00120088 343.654 24.5878
0.0336 -0.00103594 317.702 20.7245
0.0343 0.000387364 295.94 57.3419
0.035 -0.00144068 276.965 -5.1347
0.0357 0.000485402 260.684 52.4874
0.0364 0.00289587 246.708 130.912
0.0371 -0.00263055 233.823 -60.8995
0.0378 -0.00378724 222.262 -106.89
0.0385 0.00151145 212.436 80.7118
0.0392 0.00208177 203.721 101.353
0.0399 -0.000594521 195.714 -0.438444
0.0406 -0.000163616 188.563 14.4017
0.0413 0.00135221 182.249 72.9825
0.042 -0.000496467 176.439 -1.62058
0.0427 -0.00129762 171.148 -35.7812
0.0434 0.000837492 166.504 51.3606
0.0441 0.000508825 162.295 37.2105
0.0448 -0.000390821 158.447 -1.79283
0.0455 0.000396159 155.015 31.5821
0.0462 0.000753667 151.94 47.0119
0.0469 0.000566037 149.162 38.5353
0.0476 -0.000578513 146.611 -13.4275
0.0483 -0.000638677 144.315 -16.9301
0.049 0.000916808 142.319 54.4105
0.0497 0.000517614 140.519 35.8211
0.0504 -7.08537e-05 138.894 7.88994
0.0511 0.000496389 137.471 34.693
0.0518 -3.33579e-05 136.195 9.05881
0.0525 -4.90193e-05 135.073 8.02945
0.0532 0.000412406 134.108 30.4937
0.0539 -0.00015326 133.257 2.36423
0.0546 0.000340581 132.541 26.8494
0.0553 0.000916181 131.953 55.8953
0.056 -0.000286145 131.437 -5.13714
0.0567 -0.000505977 131.012 -16.6876
0.0574 0.000600762 130.704 40.2251
0.0581 0.000558638 130.478 38.1293
0.0588 5.47058e-06 130.316 9.18537
0.0595 2.28378e-05 130.226 9.99533
0.0602 7.97479e-05 130.205 12.9298
0.0609 0.000212615 130.249 19.9802
0.0616 0.000348 130.352 27.2633
0.0623 9.82025e-05 130.505 13.7506
0.063 -2.45815e-05 130.706 7.0091
0.0637 0.000228631 130.958 20.8309
0.0644 0.000266744 131.254 22.9426
0.0651 6.77986e-05 131.588 11.9225
0.0658 7.64997e-05 131.959 12.3746
0.0665 0.000195186 132.368 19.0064
0.0672 0.000170119 132.809 17.6028
0.0679 0.000106791 133.279 14.0188
0.0686 0.000114271 133.779 14.4354
0.0693 0.000130128 134.305 15.338
0.072072 0.000123576 136.622 14.9737
0.0749549 0.000106908 139.345 14.0245
0.0779531 0.000102796 142.428 13.822
0.0810712 8.87215e-05 145.83 13.0215
0.084314 8.13754e-05 149.519 12.6294
0.0876866 7.28983e-05 153.463 12.1666
0.0911941 6.5219e-05 157.639 11.7523
0.0948418 5.75524e-05 162.025 11.3361
0.0986355 4.7743e-05 166.604 10.7772
0.102581 4.16145e-05 171.362 10.4543
0.106684 3.14227e-05 176.29 9.85866
0.110952 2.68783e-05 181.38 9.63676
0.11539 2.07789e-05 186.63 9.30907
0.120005 1.50222e-05 192.036 9.00353
0.124805 5.99352e-06 197.601 8.46963
0.129798 -1.9089e-06 203.328 8.01073
0.13499 -4.86791e-06 209.223 7.89795
0.140389 -1.31024e-05 215.293 7.4131
0.146005 -1.90602e-05 221.548 7.09026
0.151845 -2.32178e-05 227.999 6.89815
0.157919 -3.1485e-05 234.659 6.41101
0.164235 -3.73319e-05 241.542 6.10189
0.170805 -4.11673e-05 248.663 5.94374
0.177637 -4.79747e-05 256.041 5.57097
0.184742 -5.5576e-05 263.693 5.14357
0.192132 -6.13335e-05 271.64 4.85873
0.199817 -6.64118e-05 279.906 4.63125
0.20781 -7.21338e-05 288.512 4.3626
0.216123 -7.84172e-05 297.486 4.05944
0.224767 -8.48486e-05 306.855 3.75379
0.233758 -9.12941e-05 316.648 3.45674
0.243108 -9.7788e-05 326.895 3.16662
0.252833 -0.000104377 337.631 2.88081
0.262946 -0.000111086 348.888 2.59834
0.273464 -0.000117927 360.7 2.31925
0.284403 -0.000124908 373.104 2.04396
0.295779 -0.000132031 386.132 1.77304
0.30761 -0.0001393 399.815 1.50718
0.319914 -0.000146713 414.181 1.24719
0.332711 -0.000154265 429.248 0.993996
0.346019 -0.000161945 445.027 0.74866
0.35986 -0.000169736 461.512 0.512355
0.374254 -0.000177612 478.677 0.286384
0.389224 -0.000185536 496.466 0.072174
0.404793 -0.000193456 514.787 -0.128733
0.420985 -0.000201302 533.497 -0.314688
0.437825 -0.000208983 552.388 -0.483966
0.455338 -0.00021638 571.171 -0.634798
0.473551 -0.000223339 589.456 -0.765438
0.492493 -0.000229671 606.738 -0.874258
0.512193 -0.000235149 622.379 -0.959881
0.532681 -0.000239506 635.608 -1.02135
0.553988 -0.000242446 645.539 -1.05835
0.576147 -0.000243663 651.212 -1.07139
0.599193 -0.000242866 651.681 -1.06196
0.623161 -0.000239821 646.115 -1.03257
0.648087 -0.000234387 633.937 -0.986617
0.674011 -0.000226548 614.931 -0.928067
0.700971 -0.000216436 589.317 -0.861052
0.72901 -0.000204317 557.745 -0.78945
0.758171 -0.00019057 521.23 -0.71656
0.788497 -0.000175635 481.017 -0.644939
0.820037 -0.000159977 438.45 -0.576391
0.852839 -0.000144041 394.836 -0.512044
0.886952 -0.000128223 351.354 -0.452501
0.92243 -0.000112856 309.001 -0.397974
0.959328 -9.8205e-05 268.57 -0.348419
0.997701 -8.44694e-05 230.653 -0.303633
1.03761 -7.17873e-05 195.661 -0.263328
1.07911 -6.02452e-05 163.848 -0.227185
1.12228 -4.9886e-05 135.336 -0.194879
1.16717 -4.07163e-05 110.142 -0.166104
1.21386 -3.27136e-05 88.1986 -0.140576
1.26241 -2.58317e-05 69.3704 -0.11804
1.31291 -2.00057e-05 53.4702 -0.098261
1.36542 -1.51562e-05 40.2715 -0.0810232
1.42004 -1.11932e-05 29.5195 -0.0661235
1.47684 -8.01986e-06 20.9417 -0.0533664
1.53591 -5.53599e-06 14.2575 -0.04256
1.59735 -3.64131e-06 9.18696 -0.0335143
1.66125 -2.23861e-06 5.45999 -0.0260407
1.72769 -1.23649e-06 2.8231 -0.0199524
1.7968 -5.5153e-07 1.04563 -0.0150673
1.86867 -1.09943e-07 -0.0759237 -0.01121
1.94342 1.51517e-07 -0.715465 -0.00821503
2.02116 2.85266e-07 -1.0166 -0.00593
2.10201 3.33214e-07 -1.09365 -0.0042176
2.18609 3.27591e-07 -1.03404 -0.00295737
2.27353 2.9211e-07 -0.901614 -0.00204642
2.36447 2.43334e-07 -0.740504 -0.00139933
2.45905 1.92078e-07 -0.579085 -0.000947206
2.55741 1.44757e-07 -0.433733 -0.000636131
2.65971 1.04592e-07 -0.312196 -0.000425095
2.7661 7.264e-08 -0.216428 -0.000283806
2.87674 4.86159e-08 -0.144869 -0.000190505
2.99181 3.15298e-08 -0.0941789 -0.000129998
3.11148 2.0144e-08 -0.0604801 -9.20051e-05
3.23594 1.32901e-08 -0.0402201 -6.9873e-05
3.36538 1.00845e-08 -0.0307492 -5.96693e-05
3.49999 0 0 0
