TITLE="Graphics"
VARIABLES= "r, cm", "drho/dt, g/(cm<sup>3</sup>s", " dT/dt", "dW/dt"
0.0329 -0.000964437 305.464 24.3154
0.0336 0.0208978 312.349 672.123
0.0343 -0.00430609 324.827 -83.1775
0.035 0.000448842 283.888 55.8552
0.0357 0.00259364 270.519 123.305
0.0364 -0.000894884 258.586 4.43127
0.0371 -0.00227793 248.01 -47.224
0.0378 -0.000218421 238.926 22.0425
0.0385 0.0023419 231.229 113.545
0.0392 0.000194889 285.238 40.6079
0.0399 -0.00239442 218.061 -66.7109
0.0406 -0.00125799 212.604 -25.5905
0.0413 0.000488764 207.926 41.65
0.042 0.00164151 203.915 87.5571
0.0427 0.000540173 200.349 42.5348
0.0434 -0.00131707 197.112 -35.4651
0.0441 0.000246516 195.296 29.3555
0.0448 0.00046321 192.138 38.1076
0.0455 -0.000847234 188.999 -19.4818
0.0462 -0.000101411 188.149 12.5696
0.0469 0.000690231 186.676 47.5079
0.0476 -0.000209306 185.399 6.6507
0.0483 -0.00015641 184.337 8.57433
0.049 0.000498998 183.498 38.5723
0.0497 0.000378928 189.487 33.4138
0.0504 0.058499 170.716 2789.96
0.0511 -0.000217247 173.568 3.41926
0.0518 -0.000511431 181.669 -10.5122
0.0525 -2.6732e-06 181.547 13.8926
0.0532 0.000877865 181.565 57.1231
0.0539 0.000547159 181.674 40.8525
0.0546 -0.000315895 181.85 -2.42357
0.0553 -0.000326398 182.117 -3.2519
0.056 -0.000142704 182.464 5.8373
0.0567 0.000104714 182.872 18.3658
0.0574 0.000678462 183.38 48.0149
0.0581 0.00036221 183.936 31.6386
0.0588 -0.000557033 184.526 -16.6797
0.0595 -0.000290825 185.173 -2.88795
0.0602 0.000516394 185.884 39.9466
0.0609 0.000327061 187.47 29.9311
0.0616 -0.000276942 187.431 -2.71348
0.0623 -7.20168e-05 187.415 8.19939
0.063 0.00017473 189.097 21.6468
0.0637 0.000116217 189.986 18.4183
0.0644 7.26736e-06 190.903 12.3677
0.0651 2.65464e-05 191.847 13.385
0.0658 7.48129e-05 192.816 16.0387
0.0665 7.20161e-05 193.762 15.8513
0.0672 -4.72064e-06 194.825 11.4934
0.0679 3.32815e-05 195.899 13.6103
0.0686 4.2231e-05 196.903 14.0881
0.0693 4.57645e-05 197.969 14.2658
0.072072 3.6117e-05 202.334 13.631
0.0749549 2.97117e-05 207.055 13.1982
0.0779531 2.25749e-05 212.103 12.7345
0.0810712 1.55013e-05 217.449 12.2831
0.084314 5.98412e-06 223.074 11.6869
0.0876866 7.80908e-07 228.958 11.3633
0.0911941 -9.6839e-06 235.086 10.711
0.0948418 -1.53674e-05 241.447 10.3654
0.0986355 -2.353e-05 248.03 9.86226
0.102581 -2.85121e-05 254.831 9.57021
0.106684 -3.55042e-05 261.844 9.14812
0.110952 -4.3003e-05 269.071 8.69403
0.11539 -6.41328e-05 276.502 7.3092
0.120005 -5.5294e-05 284.151 7.97565
0.124805 -5.88564e-05 292.025 7.80087
0.129798 -6.90038e-05 300.124 7.17079
0.13499 -7.42337e-05 308.462 6.88873
0.140389 -7.98765e-05 317.051 6.58208
0.146005 -8.78458e-05 325.905 6.11465
0.151845 -9.1908e-05 335.043 5.9339
0.157919 -0.000123497 393.011 5.5515
0.164235 -0.000106771 354.25 5.1043
0.170805 -0.000111338 364.366 4.91148
0.177637 -0.00011714 374.861 4.63671
0.184742 -0.000125348 385.764 4.19295
0.192132 -0.000132629 397.111 3.82923
0.199817 -0.000138608 408.939 3.57528
0.20781 -0.000144861 421.288 3.31386
0.216123 -0.00015196 434.203 3.00275
0.224767 -0.000159295 447.733 2.68945
0.233758 -0.000166869 461.93 2.37503
0.243108 -0.000174587 476.85 2.0683
0.252833 -0.000182502 492.551 1.76662
0.262946 -0.000190654 509.096 1.4685
0.273464 -0.000199066 526.549 1.1738
0.284403 -0.000207751 544.975 0.882999
0.295779 -0.000255744 662.553 0.593941
0.30761 -0.00022598 585 0.316376
0.319914 -0.000235532 606.713 0.0426547
0.332711 -0.000245369 629.619 -0.22295
0.346019 -0.000255478 653.743 -0.478891
0.35986 -0.000265831 679.08 -0.723403
0.374254 -0.000276387 705.588 -0.954498
0.389224 -0.000287081 733.171 -1.16997
0.404793 -0.000297742 761.34 -1.37019
0.420985 -0.00030849 790.781 -1.54412
0.437825 -0.00031891 820.143 -1.69744
0.455338 -0.000328863 849.186 -1.82454
0.473551 -0.000338066 877.159 -1.92274
0.492493 -0.00034617 903.083 -1.98969
0.512193 -0.00035276 925.748 -2.02371
0.532681 -0.000357367 943.73 -2.02409
0.553988 -0.000358681 953.038 -1.99436
0.576147 -0.000358681 959.373 -1.92835
0.599193 -0.000354529 954.07 -1.83851
0.623161 -0.000346809 938.57 -1.72741
0.648087 -0.000335491 912.495 -1.60127
0.674011 -0.000320775 876.182 -1.46642
0.700971 -0.00030308 830.674 -1.32867
0.72901 -0.000282989 777.586 -1.19284
0.758171 -0.000262962 718.89 -1.21003
0.788497 -0.000238356 656.677 -0.94016
0.820037 -0.000215177 592.96 -0.827176
0.852839 -0.000192224 529.517 -0.724215
0.886952 -0.000169974 467.821 -0.63134
0.92243 -0.000148795 409.01 -0.548224
0.959328 -0.000128956 353.905 -0.474287
0.997701 -0.000110632 303.044 -0.408816
1.03761 -9.44854e-05 258.088 -0.358327
1.07911 -7.88726e-05 215.09 -0.300187
1.12228 -6.5471e-05 178.089 -0.25553
1.16717 -5.36758e-05 145.599 -0.216399
1.21386 -4.34165e-05 117.408 -0.182193
1.26241 -3.4603e-05 93.2517 -0.152384
1.31291 -2.71309e-05 72.8257 -0.126508
1.36542 -2.08861e-05 55.8017 -0.104158
1.42004 -0.000125806 354.597 -0.090906
1.47684 -1.15929e-05 30.5804 -0.0686258
1.53591 -8.29699e-06 21.6855 -0.0548209
1.59735 -5.73872e-06 14.8123 -0.0432804
1.66125 -3.80144e-06 9.63604 -0.0337432
1.72769 -2.37576e-06 5.8535 -0.0259611
1.7968 -1.36157e-06 3.18785 -0.0196988
1.86867 -6.69571e-07 1.39288 -0.0147344
1.94342 -0.000433274 1231.24 -0.0167952
2.02116 4.56445e-08 -0.403167 -0.0078885
2.10201 1.8742e-07 -0.728613 -0.00564662
2.18609 2.45042e-07 -0.834914 -0.00398517
2.27353 2.50336e-07 -0.808074 -0.00277538
2.36447 2.26398e-07 -0.710019 -0.00190958
2.45905 1.8913e-07 -0.582929 -0.00130019
2.55741 1.48761e-07 -0.453501 -0.000877958
2.65971 7.75297e-08 -0.336885 -0.00335796
2.7661 7.96072e-08 -0.240115 -0.000395545
2.87674 5.47386e-08 -0.164925 -0.000266743
2.99181 3.64398e-08 -0.109977 -0.000182894
3.11148 2.39103e-08 -0.0725119 -0.000130094
3.23594 1.6208e-08 -0.0495377 -9.92751e-05
3.36538 1.25542e-08 -0.0386532 -8.50492e-05
3.49999 0 0 0
