TITLE="Graphics"
VARIABLES= "x", "T1", "Y_H2_1", 
"Y_H_1", "Y_O2_1", "Y_O_1", "Y_OH_1", "Y_HO2_1", "Y_H2O_1", "Y_H2O2_1", "Y_N2_1"
0  600 0.0285219 0 0.226362 0 0 0 0 0 0.745116
0.0125  600 0.0285219 -6.40828e-15 0.226363 -3.7191e-13 -2.27759e-14 -3.63028e-07 -6.13691e-09 2.0723e-10 0.745116
0.025  600 0.0285219 1.05551e-14 0.226362 9.72119e-13 5.9927e-14 1.63397e-07 3.53335e-09 -5.77792e-11 0.745116
0.0375  600 0.0285219 -3.65349e-14 0.226363 -3.21848e-12 -1.96396e-13 -6.00084e-07 -1.17038e-08 3.33808e-10 0.745116
0.05  600.001 0.0285219 1.05841e-13 0.226362 1.01454e-11 6.28396e-13 5.06979e-07 1.23016e-08 -1.35785e-10 0.745116
0.062  599.999 0.0285219 -2.9764e-13 0.226363 -2.96946e-11 -1.80824e-12 -9.82362e-07 -2.28079e-08 5.63631e-10 0.745116
0.074  600.002 0.0285218 1.02593e-12 0.226361 9.60604e-11 6.15635e-12 1.21152e-06 3.35603e-08 -2.09737e-10 0.745116
0.086  599.995 0.0285219 1.14097e-11 0.226364 -3.08886e-10 -2.36512e-11 -2.02137e-06 -5.68335e-08 1.32655e-09 0.745116
0.092  600 0.0285218 1.74856e-09 0.226363 1.25514e-10 6.15035e-11 -6.37523e-07 -1.39395e-08 1.07977e-09 0.745116
0.098  599.985 0.0285203 1.75154e-08 0.226366 -8.5463e-10 -1.82329e-09 -3.09992e-06 -1.30202e-07 1.69905e-09 0.745117
0.0985  599.989 0.0285195 2.50913e-08 0.226366 -2.64592e-10 -1.12592e-09 -2.65506e-06 -1.22145e-07 1.73611e-09 0.745118
0.099  599.995 0.0285186 3.38871e-08 0.226365 4.4617e-10 -1.02665e-10 -2.09422e-06 -1.10325e-07 1.77617e-09 0.745118
0.0995  600.002 0.0285176 4.42094e-08 0.226365 1.29836e-09 1.51306e-09 -1.39884e-06 -9.33314e-08 1.82765e-09 0.745119
0.1  600.011 0.0285164 5.64251e-08 0.226365 2.31645e-09 4.09806e-09 -5.47876e-07 -6.92712e-08 1.90309e-09 0.74512
0.102083  600.067 0.0285095 1.32443e-07 0.226361 8.65263e-09 3.11234e-08 4.92084e-06 1.33925e-07 2.66512e-09 0.745124
0.104167  600.201 0.0284971 3.00183e-07 0.226353 2.23182e-08 1.84391e-07 1.69672e-05 1.13375e-06 9.75721e-09 0.745132
0.10625  600.524 0.0284748 6.71271e-07 0.226332 5.22812e-08 8.98455e-07 4.23148e-05 5.63349e-06 5.12305e-08 0.745144
0.107292  600.861 0.0284571 1.02286e-06 0.22631 8.20414e-08 2.05872e-06 6.4134e-05 1.33735e-05 1.31561e-07 0.745152
0.108333  601.371 0.0284338 1.53646e-06 0.226277 1.27155e-07 4.23775e-06 9.31984e-05 2.75372e-05 2.81351e-07 0.745162
0.108854  601.723 0.0284193 1.88164e-06 0.226255 1.59059e-07 5.99661e-06 0.00011068 3.87419e-05 3.98697e-07 0.745168
0.109375  602.153 0.0284029 2.29764e-06 0.226229 1.98965e-07 8.33583e-06 0.000130098 5.34635e-05 5.51014e-07 0.745174
0.109896  602.677 0.028384 2.79862e-06 0.226197 2.49236e-07 1.14157e-05 0.000151335 7.26472e-05 7.4573e-07 0.74518
0.110417  603.313 0.0283625 3.40151e-06 0.226159 3.13015e-07 1.54235e-05 0.00017417 9.74408e-05 9.90866e-07 0.745187
0.110937  604.082 0.0283381 4.12636e-06 0.226114 3.94476e-07 2.05725e-05 0.000198262 0.000129217 1.29481e-06 0.745194
0.111458  605.008 0.0283103 4.99703e-06 0.226061 4.99119e-07 2.70997e-05 0.000223157 0.000169598 1.66611e-06 0.745201
0.111979  606.118 0.0282789 6.04179e-06 0.225999 6.34124e-07 3.5259e-05 0.000248295 0.000220469 2.1132e-06 0.745209
0.1125  607.443 0.0282433 7.29408e-06 0.225926 8.08759e-07 4.53145e-05 0.000273038 0.000283994 2.64433e-06 0.745218
0.113021  609.016 0.0282032 8.7933e-06 0.225841 1.03481e-06 5.75285e-05 0.000296709 0.000362614 3.2675e-06 0.745226
0.113542  610.871 0.028158 1.05857e-05 0.225741 1.32706e-06 7.21503e-05 0.000318648 0.000459057 3.9905e-06 0.745235
0.114063  613.047 0.0281073 1.27253e-05 0.225625 1.70372e-06 8.9401e-05 0.000338265 0.000576316 4.821e-06 0.745244
0.114583  615.584 0.0280505 1.52745e-05 0.225491 2.18693e-06 0.000109462 0.000355097 0.000717647 5.7666e-06 0.745253
0.115104  618.523 0.0279872 1.83052e-05 0.225334 2.80309e-06 0.00013246 0.000368843 0.00088654 6.83448e-06 0.745263
0.115625  621.905 0.0279166 2.18992e-05 0.225153 3.58339e-06 0.00015846 0.000379389 0.00108671 8.03083e-06 0.745272
0.116146  625.771 0.0278384 2.61486e-05 0.224943 4.56419e-06 0.000187457 0.0003868 0.00132206 9.35953e-06 0.745282
0.116667  630.164 0.0277518 3.11564e-05 0.224702 5.78773e-06 0.000219372 0.000391289 0.00159664 1.08206e-05 0.745292
0.116927  632.572 0.0277051 3.39884e-05 0.224567 6.50925e-06 0.000236374 0.000392555 0.00175028 1.15987e-05 0.745296
0.117188  635.126 0.0276562 3.70536e-05 0.224424 7.31066e-06 0.000254038 0.000393213 0.00191532 1.24071e-05 0.745301
0.117448  637.831 0.0276048 4.03679e-05 0.22427 8.19943e-06 0.000272331 0.000393312 0.00209228 1.32435e-05 0.745306
0.117708  640.689 0.0275511 4.39476e-05 0.224106 9.1837e-06 0.000291212 0.000392897 0.0022817 1.41055e-05 0.74531
0.117969  643.707 0.0274948 4.78098e-05 0.223931 1.02723e-05 0.000310638 0.000392016 0.00248409 1.49897e-05 0.745315
0.118229  646.886 0.0274359 5.19721e-05 0.223745 1.14751e-05 0.00033056 0.000390711 0.00269999 1.58921e-05 0.745319
0.11849  650.23 0.0273743 5.64523e-05 0.223546 1.28026e-05 0.000350923 0.000389023 0.00292991 1.68081e-05 0.745323
0.11875  653.743 0.02731 6.12691e-05 0.223336 1.42667e-05 0.00037167 0.000386991 0.00317436 1.77322e-05 0.745327
0.11901  657.427 0.027243 6.64411e-05 0.223113 1.58806e-05 0.000392739 0.000384648 0.00343381 1.86585e-05 0.745331
0.119271  661.284 0.0271731 7.19877e-05 0.222878 1.76588e-05 0.000414063 0.000382024 0.00370876 1.95802e-05 0.745335
0.119531  665.315 0.0271002 7.79281e-05 0.222628 1.96176e-05 0.000435575 0.000379143 0.00399965 2.04903e-05 0.745339
0.119792  669.523 0.0270244 8.42821e-05 0.222365 2.17753e-05 0.000457202 0.00037603 0.00430693 2.13811e-05 0.745343
0.120052  673.908 0.0269456 9.10693e-05 0.222089 2.41523e-05 0.000478872 0.000372704 0.00463101 2.22446e-05 0.745346
0.120312  678.47 0.0268636 9.83097e-05 0.221797 2.67713e-05 0.000500512 0.000369181 0.00497229 2.30727e-05 0.745349
0.120573  683.21 0.0267785 0.000106023 0.221492 2.96581e-05 0.000522046 0.000365476 0.00533112 2.38572e-05 0.745352
0.120833  688.127 0.0266902 0.000114229 0.221171 3.28412e-05 0.000543403 0.000361602 0.00570786 2.45901e-05 0.745354
0.121094  693.221 0.0265986 0.000122947 0.220836 3.63527e-05 0.000564512 0.000357571 0.00610283 2.52633e-05 0.745356
0.121354  698.489 0.0265037 0.000132196 0.220485 4.02284e-05 0.000585307 0.000353394 0.00651633 2.58696e-05 0.745358
0.121615  703.93 0.0264055 0.000141996 0.220119 4.45077e-05 0.000605723 0.000349081 0.00694862 2.6402e-05 0.745359
0.121875  709.543 0.0263038 0.000152365 0.219738 4.92348e-05 0.000625705 0.000344643 0.00739995 2.68543e-05 0.74536
0.122135  715.324 0.0261987 0.000163321 0.219341 5.44583e-05 0.000645201 0.000340088 0.00787058 2.72212e-05 0.74536
0.122396  721.271 0.0260901 0.000174882 0.218928 6.02316e-05 0.00066417 0.000335428 0.0083607 2.74982e-05 0.745359
0.122656  727.381 0.0259779 0.000187065 0.218499 6.66135e-05 0.000682578 0.000330672 0.00887055 2.76822e-05 0.745358
0.122917  733.65 0.0258622 0.000199887 0.218054 7.36679e-05 0.000700399 0.000325831 0.00940033 2.77708e-05 0.745356
0.123177  740.075 0.0257428 0.000213364 0.217593 8.14646e-05 0.000717618 0.000320913 0.00995025 2.77629e-05 0.745353
0.123437  746.653 0.0256198 0.000227512 0.217115 9.00789e-05 0.000734232 0.000315931 0.0105205 2.76587e-05 0.745349
0.123698  753.378 0.025493 0.000242345 0.216621 9.9592e-05 0.000750247 0.000310894 0.0111114 2.74594e-05 0.745344
0.123958  760.248 0.0253625 0.000257877 0.21611 0.000110091 0.000765679 0.000305812 0.011723 2.71675e-05 0.745338
0.124219  767.258 0.0252282 0.000274122 0.215582 0.000121668 0.000780557 0.000300695 0.0123558 2.67864e-05 0.74533
0.124479  774.403 0.0250901 0.000291094 0.215036 0.000134423 0.000794919 0.000295554 0.01301 2.63207e-05 0.745321
0.12474  781.681 0.0249481 0.000308802 0.214473 0.000148459 0.000808814 0.000290398 0.0136859 2.57758e-05 0.745311
0.125  789.086 0.0248022 0.00032726 0.213891 0.000163887 0.000822303 0.000285236 0.0143838 2.51579e-05 0.745299
0.12513  792.835 0.0247278 0.000336775 0.213593 0.000172166 0.00082892 0.000282656 0.0147413 2.48242e-05 0.745292
0.12526  796.614 0.0246523 0.000346481 0.213291 0.000180837 0.000835463 0.000280078 0.0151044 2.44748e-05 0.745285
0.125391  800.423 0.0245759 0.000356379 0.212984 0.000189914 0.00084194 0.000277503 0.0154733 2.41108e-05 0.745277
0.125521  804.261 0.0244985 0.00036647 0.212671 0.000199413 0.000848363 0.000274932 0.015848 2.37332e-05 0.745269
0.125651  808.128 0.02442 0.000376756 0.212354 0.000209349 0.000854743 0.000272365 0.0162286 2.33428e-05 0.745261
0.125781  812.024 0.0243406 0.000387238 0.212032 0.000219738 0.000861092 0.000269805 0.0166152 2.29408e-05 0.745251
0.125911  815.947 0.0242601 0.000397916 0.211705 0.000230597 0.000867421 0.000267252 0.0170077 2.25281e-05 0.745242
0.126042  819.897 0.0241787 0.000408791 0.211372 0.000241942 0.000873743 0.000264706 0.0174064 2.21058e-05 0.745231
0.126172  823.875 0.0240962 0.000419865 0.211034 0.000253788 0.000880072 0.00026217 0.0178112 2.1675e-05 0.745221
0.126302  827.878 0.0240126 0.000431138 0.210691 0.000266153 0.00088642 0.000259642 0.0182223 2.12366e-05 0.745209
0.126432  831.908 0.0239281 0.000442611 0.210343 0.000279053 0.000892802 0.000257125 0.0186398 2.07918e-05 0.745197
0.126562  835.962 0.0238425 0.000454284 0.209988 0.000292506 0.000899232 0.000254619 0.0190637 2.03414e-05 0.745185
0.126693  840.042 0.0237559 0.000466158 0.209628 0.000306528 0.000905725 0.000252125 0.0194941 1.98867e-05 0.745171
0.126823  844.146 0.0236682 0.000478233 0.209262 0.000321137 0.000912295 0.000249643 0.0199312 1.94284e-05 0.745157
0.126953  848.275 0.0235795 0.000490511 0.208891 0.000336348 0.000918958 0.000247175 0.0203751 1.89677e-05 0.745143
0.127083  852.427 0.0234897 0.000502991 0.208513 0.000352181 0.00092573 0.00024472 0.0208258 1.85056e-05 0.745128
0.127214  856.602 0.0233989 0.000515674 0.208129 0.000368652 0.000932626 0.000242279 0.0212835 1.80428e-05 0.745112
0.127344  860.8 0.0233071 0.000528561 0.207738 0.000385778 0.000939663 0.000239854 0.0217483 1.75803e-05 0.745095
0.127474  865.02 0.0232142 0.00054165 0.207341 0.000403575 0.000946858 0.000237444 0.0222203 1.71191e-05 0.745078
0.127604  869.262 0.0231202 0.000554943 0.206938 0.000422062 0.000954226 0.000235049 0.0226996 1.666e-05 0.74506
0.127734  873.526 0.0230252 0.000568438 0.206527 0.000441254 0.000961786 0.000232672 0.0231863 1.62037e-05 0.745041
0.127865  877.811 0.0229291 0.000582137 0.20611 0.000461169 0.000969553 0.000230311 0.0236806 1.57511e-05 0.745022
0.127995  882.117 0.0228319 0.000596038 0.205685 0.000481823 0.000977546 0.000227967 0.0241826 1.53029e-05 0.745001
0.128125  886.442 0.0227337 0.000610142 0.205254 0.000503232 0.000985781 0.00022564 0.0246925 1.48598e-05 0.74498
0.128255  890.788 0.0226344 0.000624449 0.204815 0.000525413 0.000994277 0.000223332 0.0252103 1.44224e-05 0.744959
0.128385  895.153 0.0225341 0.000638956 0.204368 0.00054838 0.00100305 0.000221042 0.0257362 1.39914e-05 0.744936
0.128516  899.538 0.0224327 0.000653665 0.203914 0.000572151 0.00101212 0.00021877 0.0262704 1.35674e-05 0.744913
0.128646  903.941 0.0223302 0.000668574 0.203451 0.00059674 0.0010215 0.000216517 0.0268129 1.31509e-05 0.744889
0.128776  908.363 0.0222267 0.000683683 0.202981 0.000622161 0.00103122 0.000214283 0.0273639 1.27423e-05 0.744865
0.128906  912.802 0.0221222 0.00069899 0.202502 0.00064843 0.00104129 0.000212068 0.0279236 1.23421e-05 0.744839
0.129036  917.26 0.0220165 0.000714495 0.202015 0.000675561 0.00105172 0.000209872 0.0284921 1.19508e-05 0.744813
0.129167  921.734 0.0219099 0.000730196 0.201519 0.000703567 0.00106254 0.000207695 0.0290695 1.15686e-05 0.744786
0.129297  926.226 0.0218021 0.000746092 0.201014 0.00073246 0.00107377 0.000205538 0.029656 1.1196e-05 0.744758
0.129427  930.734 0.0216934 0.000762181 0.200501 0.000762253 0.00108541 0.000203401 0.0302517 1.08332e-05 0.74473
0.129557  935.258 0.0215836 0.000778462 0.199978 0.00079296 0.0010975 0.000201283 0.0308567 1.04804e-05 0.744701
0.129688  939.798 0.0214727 0.000794934 0.199446 0.000824592 0.00111005 0.000199185 0.0314713 1.01378e-05 0.744671
0.129818  944.354 0.0213609 0.000811594 0.198904 0.000857159 0.00112308 0.000197106 0.0320954 9.80566e-06 0.744641
0.129948  948.925 0.021248 0.000828442 0.198353 0.000890672 0.0011366 0.000195047 0.0327293 9.48404e-06 0.744609
0.130078  953.51 0.0211341 0.000845474 0.197792 0.000925141 0.00115063 0.000193008 0.0333731 9.17304e-06 0.744578
0.130208  958.111 0.0210191 0.000862688 0.197221 0.000960575 0.00116519 0.000190988 0.034027 8.87272e-06 0.744545
0.130339  962.725 0.0209032 0.000880082 0.196639 0.000996982 0.0011803 0.000188987 0.0346909 8.58312e-06 0.744512
0.130469  967.352 0.0207863 0.000897654 0.196047 0.00103437 0.00119598 0.000187006 0.0353651 8.30423e-06 0.744478
0.130599  971.994 0.0206684 0.000915401 0.195445 0.00107275 0.00121224 0.000185044 0.0360497 8.03603e-06 0.744444
0.130729  976.648 0.0205495 0.00093332 0.194831 0.00111211 0.00122911 0.000183101 0.0367448 7.77846e-06 0.744409
0.130859  981.315 0.0204297 0.000951408 0.194207 0.00115248 0.00124658 0.000181177 0.0374505 7.53144e-06 0.744373
0.13099  985.993 0.0203089 0.000969662 0.193572 0.00119385 0.0012647 0.000179272 0.0381668 7.29486e-06 0.744337
0.13112  990.684 0.0201872 0.000988079 0.192926 0.00123623 0.00128346 0.000177386 0.038894 7.0686e-06 0.744301
0.13125  995.386 0.0200646 0.00100666 0.192268 0.00127962 0.00130289 0.000175518 0.039632 6.85252e-06 0.744264
0.13138  1000.1 0.019941 0.00102539 0.191599 0.00132402 0.001323 0.000173668 0.0403809 6.64644e-06 0.744226
0.13151  1004.82 0.0198166 0.00104427 0.190918 0.00136943 0.00134381 0.000171837 0.0411409 6.4502e-06 0.744189
0.131641  1009.56 0.0196913 0.0010633 0.190226 0.00141586 0.00136533 0.000170023 0.0419119 6.2636e-06 0.74415
0.131771  1014.3 0.0195651 0.00108248 0.189521 0.00146329 0.00138759 0.000168227 0.0426941 6.08643e-06 0.744112
0.131901  1019.06 0.0194381 0.0011018 0.188805 0.00151174 0.00141058 0.000166448 0.0434875 5.91848e-06 0.744073
0.132031  1023.82 0.0193102 0.00112125 0.188077 0.00156119 0.00143433 0.000164687 0.0442921 5.75951e-06 0.744034
0.132161  1028.59 0.0191815 0.00114083 0.187336 0.00161164 0.00145885 0.000162943 0.0451079 5.6093e-06 0.743995
0.132292  1033.37 0.0190521 0.00116054 0.186583 0.0016631 0.00148415 0.000161215 0.045935 5.4676e-06 0.743955
0.132422  1038.15 0.0189219 0.00118037 0.185818 0.00171554 0.00151025 0.000159503 0.0467733 5.33416e-06 0.743915
0.132552  1042.95 0.0187909 0.00120032 0.185041 0.00176897 0.00153716 0.000157808 0.047623 5.20873e-06 0.743876
0.132682  1047.75 0.0186592 0.00122037 0.184251 0.00182338 0.00156488 0.000156129 0.0484838 5.09106e-06 0.743836
0.132812  1052.56 0.0185268 0.00124054 0.183449 0.00187876 0.00159344 0.000154465 0.0493559 4.98088e-06 0.743796
0.132943  1057.37 0.0183937 0.0012608 0.182635 0.00193509 0.00162284 0.000152817 0.0502392 4.87795e-06 0.743756
0.133073  1062.19 0.01826 0.00128116 0.181808 0.00199237 0.00165309 0.000151184 0.0511337 4.78199e-06 0.743716
0.133333  1071.84 0.0179906 0.00132215 0.180116 0.00210974 0.00171618 0.000147962 0.0529557 4.61021e-06 0.743637
0.133854  1091.18 0.017445 0.00140504 0.176585 0.00235535 0.00185287 0.000141688 0.0567303 4.34097e-06 0.743481
0.134375  1110.55 0.016892 0.00148877 0.172858 0.00261443 0.00200399 0.000135627 0.060672 4.15599e-06 0.743331
0.134896  1129.91 0.0163337 0.0015729 0.168945 0.00288569 0.00216972 0.000129766 0.0647697 4.04146e-06 0.743189
0.135417  1149.23 0.0157721 0.00165698 0.164857 0.00316758 0.00235006 0.00012409 0.0690095 3.98518e-06 0.743059
0.135937  1168.45 0.0152095 0.00174054 0.160608 0.0034584 0.00254478 0.000118589 0.0733743 3.97659e-06 0.742942
0.136458  1187.56 0.0146483 0.0018231 0.156217 0.00375627 0.00275346 0.000113254 0.0778441 4.00675e-06 0.742841
0.136979  1206.5 0.0140908 0.0019042 0.151704 0.00405921 0.00297546 0.00010808 0.082397 4.06815e-06 0.742757
0.1375  1225.23 0.0135395 0.00198337 0.147095 0.00436516 0.00320997 0.000103062 0.0870088 4.15455e-06 0.742691
0.138021  1243.73 0.0129965 0.00206018 0.142415 0.00467204 0.00345599 9.81986e-05 0.0916546 4.26081e-06 0.742643
0.138542  1261.96 0.0124643 0.00213421 0.13769 0.00497782 0.00371238 9.3491e-05 0.0963085 4.38263e-06 0.742615
0.139063  1279.89 0.0119448 0.00220509 0.132949 0.00528049 0.00397789 8.89407e-05 0.100945 4.51648e-06 0.742604
0.139583  1297.48 0.01144 0.00227249 0.128219 0.00557821 0.00425117 8.45506e-05 0.105538 4.65937e-06 0.742612
0.140104  1314.71 0.0109516 0.00233613 0.123527 0.00586924 0.00453083 8.03245e-05 0.110065 4.8088e-06 0.742636
0.140625  1331.57 0.0104812 0.00239576 0.118897 0.00615203 0.00481545 7.62661e-05 0.114502 4.96264e-06 0.742675
0.141146  1348.02 0.01003 0.0024512 0.114355 0.00642522 0.00510362 7.23789e-05 0.11883 5.11909e-06 0.742727
0.141667  1364.06 0.00959899 0.00250233 0.109921 0.00668766 0.00539395 6.86662e-05 0.12303 5.27658e-06 0.742792
0.142188  1379.68 0.00918905 0.00254907 0.105613 0.00693839 0.00568513 6.51302e-05 0.127087 5.43378e-06 0.742867
0.142708  1394.86 0.00880065 0.00259138 0.101449 0.00717669 0.00597589 6.1772e-05 0.130989 5.58954e-06 0.74295
0.143229  1409.61 0.00843407 0.00262929 0.0974417 0.00740202 0.00626508 5.85918e-05 0.134724 5.74288e-06 0.74304
0.14375  1423.92 0.00808939 0.00266286 0.0936009 0.00761402 0.00655164 5.55884e-05 0.138286 5.89295e-06 0.743134
0.144271  1437.8 0.00776645 0.00269217 0.0899349 0.00781252 0.00683459 5.27596e-05 0.141669 6.03904e-06 0.743232
0.144792  1451.24 0.00746492 0.00271737 0.0864486 0.00799749 0.00711309 5.0102e-05 0.144871 6.18053e-06 0.743331
0.145313  1464.27 0.00718432 0.00273861 0.083145 0.00816906 0.00738639 4.7611e-05 0.147891 6.31693e-06 0.743431
0.145833  1476.88 0.00692402 0.00275607 0.0800246 0.00832743 0.00765386 4.52814e-05 0.150731 6.44782e-06 0.743531
0.146354  1489.09 0.00668327 0.00276995 0.0770861 0.00847294 0.00791495 4.31071e-05 0.153394 6.57287e-06 0.743629
0.146875  1500.9 0.00646123 0.00278045 0.0743265 0.00860598 0.00816922 4.10814e-05 0.155884 6.69183e-06 0.743725
0.147396  1512.33 0.00625702 0.00278781 0.0717414 0.00872702 0.00841634 3.91971e-05 0.158206 6.80449e-06 0.743818
0.147917  1523.4 0.00606968 0.00279222 0.0693254 0.00883656 0.00865603 3.74468e-05 0.160368 6.91073e-06 0.743907
0.148438  1534.11 0.00589824 0.00279393 0.0670721 0.00893513 0.0088881 3.58227e-05 0.162377 7.01047e-06 0.743993
0.148958  1544.49 0.00574169 0.00279315 0.0649743 0.00902329 0.00911245 3.43172e-05 0.164239 7.10368e-06 0.744075
0.149479  1554.54 0.00559906 0.0027901 0.0630245 0.0091016 0.00932901 3.29226e-05 0.165964 7.19036e-06 0.744152
0.15  1564.27 0.00546937 0.00278498 0.0612147 0.00917064 0.00953776 3.16313e-05 0.167559 7.27059e-06 0.744224
0.151042  1582.85 0.00524582 0.00276917 0.0579895 0.0092826 0.00993203 2.93335e-05 0.170387 7.41214e-06 0.744357
0.152083  1600.34 0.005063 0.00274739 0.0552274 0.00936407 0.0102963 2.73647e-05 0.172795 7.5293e-06 0.744472
0.153125  1616.85 0.0049144 0.00272095 0.0528666 0.00941915 0.010632 2.56753e-05 0.174843 7.62351e-06 0.744571
0.154167  1632.45 0.00479423 0.00269097 0.0508501 0.00945159 0.010941 2.42217e-05 0.176585 7.69646e-06 0.744655
0.155208  1647.23 0.00469747 0.00265841 0.0491261 0.0094648 0.0112251 2.29659e-05 0.17807 7.74998e-06 0.744727
0.15625  1661.28 0.00461982 0.00262406 0.0476491 0.00946178 0.0114864 2.18758e-05 0.179342 7.78592e-06 0.744787
0.157292  1674.64 0.00455766 0.00258855 0.0463794 0.0094452 0.0117268 2.0924e-05 0.180436 7.80612e-06 0.744838
0.158333  1687.39 0.00450798 0.00255242 0.045283 0.00941739 0.0119482 2.00877e-05 0.181383 7.81234e-06 0.74488
0.159375  1699.57 0.00446827 0.00251606 0.0443308 0.00938034 0.0121524 1.9348e-05 0.18221 7.80625e-06 0.744915
0.160417  1711.23 0.0044365 0.00247979 0.0434987 0.0093358 0.0123411 1.86893e-05 0.182938 7.78939e-06 0.744944
0.161458  1722.4 0.00441099 0.00244387 0.0427662 0.00928522 0.0125158 1.80985e-05 0.183584 7.76318e-06 0.744968
0.1625  1733.14 0.00439041 0.00240847 0.0421163 0.00922987 0.0126778 1.75651e-05 0.184164 7.72889e-06 0.744988
0.163542  1743.47 0.00437368 0.00237372 0.0415352 0.00917079 0.0128284 1.70804e-05 0.184689 7.68766e-06 0.745004
0.164583  1753.41 0.00435993 0.00233973 0.0410113 0.00910885 0.0129688 1.66371e-05 0.185169 7.64052e-06 0.745018
0.165625  1763 0.00434848 0.00230654 0.0405351 0.0090448 0.0130999 1.62293e-05 0.185612 7.58835e-06 0.74503
0.166667  1772.25 0.00433878 0.00227421 0.0400988 0.00897924 0.0132226 1.58522e-05 0.186024 7.53196e-06 0.745039
0.167708  1781.2 0.00433041 0.00224274 0.0396961 0.00891267 0.0133376 1.55018e-05 0.186411 7.47203e-06 0.745047
0.16875  1789.85 0.00432302 0.00221216 0.0393217 0.00884548 0.0134456 1.51746e-05 0.186776 7.40916e-06 0.745054
0.169792  1798.23 0.00431636 0.00218244 0.0389714 0.00877803 0.0135473 1.48678e-05 0.187123 7.34389e-06 0.745059
0.170833  1806.35 0.00431022 0.00215358 0.0386417 0.00871056 0.0136432 1.45792e-05 0.187455 7.27666e-06 0.745064
0.171875  1814.22 0.00430444 0.00212557 0.0383298 0.0086433 0.0137337 1.43067e-05 0.187774 7.20789e-06 0.745068
0.172917  1821.87 0.00429891 0.00209837 0.0380332 0.00857642 0.0138193 1.40488e-05 0.188081 7.13791e-06 0.745071
0.173958  1829.29 0.00429353 0.00207196 0.0377501 0.00851006 0.0139003 1.38039e-05 0.188379 7.06702e-06 0.745074
0.175  1836.51 0.00428823 0.00204632 0.0374789 0.00844432 0.013977 1.35708e-05 0.188668 6.99548e-06 0.745077
0.176042  1843.53 0.00428296 0.00202141 0.0372182 0.00837928 0.0140499 1.33486e-05 0.188949 6.92352e-06 0.745079
0.177083  1850.37 0.00427768 0.00199722 0.0369669 0.008315 0.014119 1.31363e-05 0.189223 6.85133e-06 0.745081
0.178125  1857.02 0.00427237 0.00197371 0.0367241 0.00825155 0.0141847 1.29331e-05 0.189491 6.77909e-06 0.745083
0.179167  1863.51 0.004267 0.00195085 0.0364891 0.00818894 0.0142473 1.27383e-05 0.189753 6.70694e-06 0.745084
0.18125  1875.99 0.00425607 0.00190702 0.0360401 0.00806635 0.0143633 1.23718e-05 0.190261 6.56337e-06 0.745087
0.183333  1887.88 0.00424483 0.00186551 0.0356152 0.00794733 0.0144687 1.20324e-05 0.190751 6.42148e-06 0.745089
0.185417  1899.23 0.00423327 0.00182613 0.0352115 0.00783186 0.0145645 1.17169e-05 0.191224 6.28182e-06 0.745091
0.1875  1910.08 0.00422143 0.00178871 0.0348265 0.0077199 0.0146517 1.14224e-05 0.191681 6.14485e-06 0.745093
0.189583  1920.46 0.00420932 0.0017531 0.0344584 0.00761134 0.0147312 1.11468e-05 0.192125 6.01086e-06 0.745094
0.191667  1930.41 0.004197 0.00171916 0.0341056 0.00750609 0.0148036 1.08881e-05 0.192556 5.88008e-06 0.745095
0.19375  1939.97 0.00418449 0.00168677 0.033767 0.00740402 0.0148697 1.06448e-05 0.192975 5.75266e-06 0.745096
0.195833  1949.15 0.00417184 0.00165581 0.0334414 0.00730502 0.0149299 1.04153e-05 0.193383 5.62867e-06 0.745097
0.197917  1957.99 0.00415907 0.00162618 0.0331278 0.00720894 0.0149847 1.01985e-05 0.193779 5.50816e-06 0.745098
0.2  1966.51 0.00414623 0.0015978 0.0328255 0.0071157 0.0150347 9.99329e-06 0.194166 5.39115e-06 0.745099
0.20625  1990.25 0.0041074 0.00151949 0.0319809 0.00685235 0.0151585 9.4397e-06 0.195266 5.06149e-06 0.745101
0.2125  2011.74 0.0040686 0.00144972 0.0312146 0.00661034 0.0152506 8.96154e-06 0.19629 4.76129e-06 0.745103
0.21875  2031.32 0.00403015 0.00138708 0.0305142 0.00638714 0.0153173 8.54413e-06 0.197247 4.48826e-06 0.745104
0.225  2049.28 0.00399228 0.00133044 0.0298701 0.00618057 0.0153636 8.17643e-06 0.198146 4.23995e-06 0.745105
0.23125  2065.84 0.00395515 0.00127893 0.0292746 0.00598879 0.0153934 7.85005e-06 0.198991 4.01388e-06 0.745106
0.2375  2081.18 0.00391883 0.00123183 0.0287216 0.00581019 0.0154095 7.55841e-06 0.19979 3.80774e-06 0.745107
0.24375  2095.44 0.00388337 0.00118856 0.0282057 0.0056434 0.0154145 7.29629e-06 0.200546 3.61937e-06 0.745107
0.25  2108.76 0.00384881 0.00114864 0.0277228 0.00548719 0.0154101 7.05949e-06 0.201264 3.44687e-06 0.745108
0.2625  2132.88 0.00378248 0.00107753 0.0268446 0.00520352 0.0153797 6.64996e-06 0.202594 3.14378e-06 0.745108
0.275  2154.3 0.00371963 0.00101572 0.0260607 0.0049513 0.0153276 6.30724e-06 0.203807 2.88585e-06 0.745109
0.2875  2173.51 0.00366007 0.000961416 0.0253545 0.00472536 0.0152604 6.01678e-06 0.20492 2.66437e-06 0.745109
0.3  2190.84 0.00360353 0.000913236 0.0247134 0.00452146 0.0151819 5.76814e-06 0.205949 2.47267e-06 0.74511
0.3375  2233.84 0.00345233 0.000797804 0.0231103 0.00402004 0.0149149 5.20832e-06 0.208587 2.03335e-06 0.74511
0.375  2267.84 0.00332104 0.000710508 0.0218264 0.00362857 0.0146255 4.82325e-06 0.210771 1.72271e-06 0.74511
0.43125  2307.59 0.00315512 0.000613623 0.0203059 0.00318139 0.0141983 4.43889e-06 0.213429 1.40094e-06 0.74511
0.4875  2338.4 0.00301584 0.000542131 0.01911 0.00284297 0.0137947 4.18962e-06 0.215579 1.18079e-06 0.74511
0.571875  2373.85 0.00284574 0.000464601 0.0177141 0.00246717 0.013254 3.95532e-06 0.218139 9.58152e-07 0.74511
0.65625  2400.44 0.00270902 0.000409339 0.0166501 0.00219408 0.0127872 3.81456e-06 0.220135 8.10805e-07 0.74511
0.909375  2449.69 0.0024365 0.000314626 0.0146375 0.00171512 0.0117835 3.6255e-06 0.223998 5.79602e-07 0.74511
1.28906  2487.42 0.00221068 0.000249297 0.0130542 0.00137622 0.0108881 3.52907e-06 0.227107 4.35879e-07 0.74511
1.85859  2511.74 0.00205623 0.000210598 0.0120113 0.00117222 0.0102493 3.47792e-06 0.229186 3.56982e-07 0.74511
2.71289  2524.87 0.00197042 0.000190953 0.0114395 0.00106756 0.00988526 3.45005e-06 0.230332 3.18626e-07 0.74511
3.99434  2524.87 0.00197042 0.000190953 0.0114395 0.00106756 0.00988526 3.45005e-06 0.230332 3.18626e-07 0.74511
