TITLE="Graphics"
VARIABLES= "x", "T1", "Y_H2_1", 
"Y_H_1", "Y_O2_1", "Y_O_1", "Y_OH_1", "Y_HO2_1", "Y_H2O_1", "Y_H2O2_1", "Y_N2_1"
0  600 0.0312848 0 0.225718 0 0 0 0 0 0.742997
0.0125  600 0.0312848 -8.55031e-15 0.225719 -4.56013e-13 -2.78955e-14 -4.38979e-07 -6.62905e-09 2.84778e-10 0.742997
0.025  600 0.0312848 1.39155e-14 0.225718 1.17593e-12 7.2495e-14 1.89845e-07 3.6567e-09 -7.53388e-11 0.742997
0.0375  600 0.0312848 -4.77814e-14 0.225719 -3.84734e-12 -2.34496e-13 -7.11077e-07 -1.23019e-08 4.49482e-10 0.742997
0.05  600.001 0.0312848 1.36697e-13 0.225718 1.19735e-11 7.41895e-13 5.79394e-07 1.24542e-08 -1.7544e-10 0.742997
0.062  599.999 0.0312848 -3.79889e-13 0.22572 -3.46112e-11 -2.10361e-12 -1.13531e-06 -2.31885e-08 7.35854e-10 0.742997
0.074  600.003 0.0312848 1.23052e-12 0.225717 1.10397e-10 7.04225e-12 1.35847e-06 3.31099e-08 -2.74343e-10 0.742997
0.086  599.995 0.0312849 -1.8803e-12 0.225721 -3.50343e-10 -2.56681e-11 -2.2698e-06 -5.56939e-08 1.65269e-09 0.742997
0.092  600 0.0312848 1.92551e-09 0.225719 1.33108e-10 6.42128e-11 -7.45201e-07 -1.44417e-08 1.31693e-09 0.742997
0.098  599.984 0.0312838 1.97248e-08 0.225722 -9.61195e-10 -1.99837e-09 -3.42568e-06 -1.21861e-07 2.13026e-09 0.742998
0.0985  599.989 0.0312832 2.84359e-08 0.225722 -3.65216e-10 -1.38034e-09 -2.96776e-06 -1.1522e-07 2.16564e-09 0.742998
0.099  599.994 0.0312824 3.85527e-08 0.225722 3.54151e-10 -4.37883e-10 -2.38834e-06 -1.05238e-07 2.20026e-09 0.742998
0.0995  600.001 0.0312815 5.04262e-08 0.225721 1.21795e-09 1.10761e-09 -1.66805e-06 -9.06202e-08 2.24128e-09 0.742999
0.1  600.01 0.0312804 6.44769e-08 0.225721 2.25099e-09 3.6511e-09 -7.85026e-07 -6.96297e-08 2.29957e-09 0.743
0.102083  600.066 0.0312744 1.51894e-07 0.225717 8.6895e-09 3.11164e-08 4.90192e-06 1.11062e-07 2.89371e-09 0.743003
0.104167  600.2 0.0312631 3.44828e-07 0.225708 2.26143e-08 1.91842e-07 1.74627e-05 1.04894e-06 9.20059e-09 0.74301
0.10625  600.526 0.0312422 7.71975e-07 0.225686 5.32541e-08 9.53443e-07 4.39451e-05 5.44214e-06 4.76596e-08 0.743021
0.107292  600.866 0.0312253 1.17705e-06 0.225662 8.38909e-08 2.20407e-06 6.67766e-05 1.3298e-05 1.24976e-07 0.743029
0.108333  601.384 0.0312028 1.76898e-06 0.225628 1.30513e-07 4.56347e-06 9.71817e-05 2.78344e-05 2.70571e-07 0.743038
0.108854  601.743 0.0311887 2.16686e-06 0.225604 1.63615e-07 6.47304e-06 0.000115445 3.94232e-05 3.85362e-07 0.743043
0.109375  602.181 0.0311726 2.64639e-06 0.225576 2.05124e-07 9.01579e-06 0.000135707 5.47071e-05 5.34831e-07 0.743048
0.109896  602.716 0.031154 3.22389e-06 0.225543 2.57552e-07 1.23664e-05 0.000157827 7.46894e-05 7.26428e-07 0.743054
0.110417  603.365 0.0311328 3.9188e-06 0.225503 3.24254e-07 1.67282e-05 0.000181554 0.000100588 9.68215e-07 0.74306
0.110937  604.151 0.0311086 4.75421e-06 0.225455 4.09686e-07 2.23318e-05 0.000206512 0.000133861 1.26865e-06 0.743067
0.111458  605.099 0.0310809 5.75749e-06 0.225399 5.19726e-07 2.94311e-05 0.000232204 0.000176226 1.63638e-06 0.743074
0.111979  606.236 0.0310495 6.96106e-06 0.225333 6.62044e-07 3.82961e-05 0.000258025 0.000229679 2.08003e-06 0.743081
0.1125  607.592 0.0310138 8.40322e-06 0.225256 8.46527e-07 4.9204e-05 0.000283295 0.000296506 2.60814e-06 0.743089
0.113021  609.202 0.0309733 1.0129e-05 0.225166 1.08572e-06 6.24257e-05 0.000307304 0.000379282 3.22909e-06 0.743097
0.113542  611.101 0.0309277 1.21911e-05 0.225061 1.39532e-06 7.8213e-05 0.00032937 0.00048087 3.95124e-06 0.743105
0.114063  613.329 0.0308764 1.46511e-05 0.224939 1.79456e-06 9.67823e-05 0.0003489 0.000604407 4.78294e-06 0.743114
0.114583  615.925 0.0308187 1.75798e-05 0.224796 2.30673e-06 0.000118302 0.000365445 0.000753297 5.73256e-06 0.743122
0.115104  618.93 0.0307542 2.10587e-05 0.224631 2.9595e-06 0.000142878 0.000378736 0.000931176 6.80797e-06 0.743131
0.115625  622.387 0.0306823 2.51803e-05 0.224439 3.78535e-06 0.000170547 0.000388701 0.0011419 8.01586e-06 0.74314
0.116146  626.336 0.0306022 3.00486e-05 0.224218 4.82202e-06 0.000201269 0.000395453 0.00138952 9.36023e-06 0.74315
0.116667  630.82 0.0305135 3.57793e-05 0.223963 6.11324e-06 0.000234927 0.000399247 0.00167822 1.08405e-05 0.743159
0.116927  633.277 0.0304657 3.90173e-05 0.223821 6.87367e-06 0.000252792 0.000400166 0.00183967 1.16292e-05 0.743163
0.117188  635.882 0.0304154 4.25198e-05 0.223669 7.7176e-06 0.000271308 0.000400482 0.00201303 1.24484e-05 0.743168
0.117448  638.639 0.0303626 4.63048e-05 0.223507 8.65277e-06 0.000290435 0.000400243 0.00219883 1.32959e-05 0.743172
0.117708  641.552 0.0303073 5.03906e-05 0.223334 9.68761e-06 0.000310128 0.0003995 0.00239763 1.41686e-05 0.743177
0.117969  644.626 0.0302494 5.47962e-05 0.22315 1.08313e-05 0.000330336 0.0003983 0.00260996 1.50629e-05 0.743181
0.118229  647.863 0.0301887 5.95413e-05 0.222954 1.20941e-05 0.000351004 0.000396686 0.00283635 1.59745e-05 0.743186
0.11849  651.267 0.0301253 6.4646e-05 0.222746 1.3487e-05 0.000372074 0.000394699 0.00307733 1.68982e-05 0.74319
0.11875  654.841 0.030059 7.0131e-05 0.222525 1.50224e-05 0.000393482 0.000392378 0.00333341 1.78282e-05 0.743194
0.11901  658.587 0.0299898 7.60173e-05 0.222291 1.67142e-05 0.000415159 0.000389755 0.00360508 1.8758e-05 0.743198
0.119271  662.508 0.0299176 8.23264e-05 0.222043 1.85777e-05 0.000437036 0.000386858 0.00389282 1.96805e-05 0.743202
0.119531  666.604 0.0298423 8.908e-05 0.221782 2.063e-05 0.000459038 0.000383712 0.0041971 2.05883e-05 0.743206
0.119792  670.878 0.0297639 9.63e-05 0.221506 2.28904e-05 0.00048109 0.00038034 0.00451835 2.14732e-05 0.743209
0.120052  675.331 0.0296823 0.000104009 0.221216 2.53804e-05 0.000503116 0.00037676 0.00485699 2.2327e-05 0.743213
0.120312  679.961 0.0295975 0.000112228 0.220912 2.81244e-05 0.000525039 0.000372988 0.00521339 2.31412e-05 0.743216
0.120573  684.77 0.0295093 0.00012098 0.220592 3.11493e-05 0.000546781 0.000369038 0.00558793 2.39075e-05 0.743219
0.120833  689.756 0.0294178 0.000130287 0.220257 3.44857e-05 0.000568269 0.000364924 0.00598095 2.46177e-05 0.743222
0.121094  694.919 0.0293228 0.000140172 0.219907 3.81675e-05 0.000589432 0.000360656 0.00639276 2.52638e-05 0.743224
0.121354  700.257 0.0292243 0.000150655 0.219541 4.22326e-05 0.000610203 0.000356246 0.00682364 2.58385e-05 0.743226
0.121615  705.769 0.0291223 0.000161757 0.219159 4.6723e-05 0.00063052 0.000351704 0.00727386 2.6335e-05 0.743228
0.121875  711.452 0.0290166 0.000173501 0.218761 5.16854e-05 0.000650328 0.00034704 0.00774366 2.67474e-05 0.743229
0.122135  717.304 0.0289073 0.000185907 0.218348 5.71713e-05 0.00066958 0.000342266 0.00823328 2.70706e-05 0.74323
0.122396  723.322 0.0287943 0.000198995 0.217918 6.32373e-05 0.000688237 0.000337391 0.00874293 2.73007e-05 0.74323
0.122656  729.502 0.0286776 0.000212784 0.217472 6.99455e-05 0.00070627 0.000332425 0.00927283 2.74349e-05 0.743229
0.122917  735.842 0.028557 0.000227294 0.217009 7.73634e-05 0.00072366 0.00032738 0.00982318 2.74714e-05 0.743228
0.123177  742.337 0.0284325 0.000242542 0.21653 8.55644e-05 0.000740398 0.000322265 0.0103942 2.74098e-05 0.743226
0.123437  748.985 0.0283042 0.000258548 0.216033 9.46279e-05 0.000756486 0.000317092 0.0109861 2.72508e-05 0.743222
0.123698  755.781 0.0281718 0.000275329 0.21552 0.000104639 0.000771938 0.000311871 0.0115991 2.69963e-05 0.743218
0.123958  762.72 0.0280355 0.0002929 0.21499 0.000115689 0.00078678 0.000306613 0.0122336 2.66496e-05 0.743213
0.124219  769.8 0.0278951 0.000311277 0.214441 0.000127876 0.000801046 0.000301327 0.0128897 2.62146e-05 0.743206
0.124479  777.016 0.0277505 0.000330477 0.213875 0.000141301 0.000814784 0.000296024 0.0135678 2.56967e-05 0.743198
0.12474  784.364 0.0276018 0.000350513 0.213291 0.000156075 0.00082805 0.000290714 0.0142683 2.51018e-05 0.743189
0.125  791.84 0.0274489 0.000371398 0.212687 0.00017231 0.000840914 0.000285405 0.0149916 2.44368e-05 0.743178
0.12513  795.624 0.0273708 0.000382166 0.212379 0.000181022 0.000847223 0.000282755 0.015362 2.40807e-05 0.743171
0.12526  799.438 0.0272917 0.00039315 0.212065 0.000190144 0.000853461 0.000280108 0.0157383 2.371e-05 0.743165
0.125391  803.283 0.0272114 0.000404353 0.211746 0.000199693 0.000859639 0.000277467 0.0161206 2.33255e-05 0.743157
0.125521  807.157 0.0271301 0.000415776 0.211422 0.000209684 0.000865769 0.000274831 0.0165089 2.29284e-05 0.74315
0.125651  811.06 0.0270477 0.00042742 0.211093 0.000220133 0.000871862 0.000272202 0.0169032 2.25197e-05 0.743142
0.125781  814.991 0.0269642 0.000439287 0.210759 0.000231057 0.000877932 0.00026958 0.0173038 2.21004e-05 0.743133
0.125911  818.95 0.0268796 0.000451378 0.21042 0.000242472 0.000883991 0.000266968 0.0177106 2.16716e-05 0.743124
0.126042  822.937 0.0267939 0.000463694 0.210075 0.000254395 0.000890053 0.000264365 0.0181238 2.12344e-05 0.743114
0.126172  826.951 0.0267071 0.000476236 0.209724 0.000266843 0.000896131 0.000261772 0.0185434 2.07899e-05 0.743103
0.126302  830.991 0.0266192 0.000489005 0.209368 0.000279833 0.000902241 0.000259191 0.0189695 2.0339e-05 0.743092
0.126432  835.057 0.0265301 0.000502003 0.209006 0.000293383 0.000908396 0.000256621 0.0194023 1.98829e-05 0.743081
0.126562  839.15 0.0264399 0.000515229 0.208639 0.000307509 0.000914612 0.000254064 0.0198419 1.94226e-05 0.743069
0.126693  843.267 0.0263486 0.000528685 0.208265 0.000322228 0.000920905 0.000251521 0.0202883 1.89591e-05 0.743056
0.126823  847.409 0.0262561 0.000542372 0.207885 0.000337559 0.00092729 0.000248992 0.0207417 1.84935e-05 0.743042
0.126953  851.575 0.0261625 0.00055629 0.207499 0.000353519 0.000933784 0.000246477 0.0212022 1.80266e-05 0.743028
0.127083  855.765 0.0260677 0.00057044 0.207107 0.000370126 0.000940401 0.000243978 0.0216699 1.75596e-05 0.743013
0.127214  859.979 0.0259718 0.000584823 0.206708 0.000387396 0.000947161 0.000241494 0.0221449 1.70931e-05 0.742998
0.127344  864.216 0.0258747 0.000599438 0.206302 0.000405348 0.000954079 0.000239027 0.0226274 1.66283e-05 0.742981
0.127474  868.476 0.0257765 0.000614287 0.205889 0.000423998 0.000961172 0.000236577 0.0231176 1.61659e-05 0.742964
0.127604  872.758 0.0256771 0.000629369 0.20547 0.000443364 0.000968458 0.000234144 0.0236154 1.57068e-05 0.742947
0.127734  877.062 0.0255765 0.000644684 0.205043 0.000463462 0.000975955 0.000231729 0.0241212 1.52517e-05 0.742928
0.127865  881.388 0.0254748 0.000660232 0.204609 0.000484309 0.000983679 0.000229331 0.0246349 1.48014e-05 0.742909
0.127995  885.734 0.0253719 0.000676014 0.204167 0.000505922 0.00099165 0.000226952 0.0251569 1.43566e-05 0.742889
0.128125  890.102 0.0252678 0.000692029 0.203718 0.000528318 0.000999884 0.000224592 0.0256872 1.3918e-05 0.742868
0.128255  894.489 0.0251625 0.000708276 0.203261 0.000551512 0.0010084 0.000222251 0.0262259 1.34862e-05 0.742847
0.128385  898.897 0.0250561 0.000724756 0.202796 0.00057552 0.00101722 0.000219929 0.0267733 1.30616e-05 0.742824
0.128516  903.325 0.0249485 0.000741468 0.202322 0.000600359 0.00102635 0.000217627 0.0273294 1.2645e-05 0.742801
0.128646  907.771 0.0248397 0.000758411 0.20184 0.000626041 0.00103583 0.000215345 0.0278945 1.22367e-05 0.742778
0.128776  912.237 0.0247298 0.000775584 0.20135 0.000652584 0.00104566 0.000213082 0.0284688 1.18372e-05 0.742753
0.128906  916.721 0.0246187 0.000792987 0.20085 0.00068 0.00105586 0.000210839 0.0290522 1.1447e-05 0.742728
0.129036  921.224 0.0245064 0.000810618 0.200342 0.000708304 0.00106646 0.000208617 0.0296451 1.10662e-05 0.742701
0.129167  925.744 0.0243929 0.000828476 0.199825 0.000737508 0.00107747 0.000206414 0.0302476 1.06953e-05 0.742674
0.129297  930.282 0.0242783 0.000846559 0.199298 0.000767625 0.00108891 0.000204232 0.0308598 1.03346e-05 0.742647
0.129427  934.836 0.0241625 0.000864866 0.198761 0.000798668 0.0011008 0.00020207 0.0314819 9.98419e-06 0.742618
0.129557  939.408 0.0240455 0.000883396 0.198215 0.000830648 0.00111315 0.000199929 0.0321141 9.64433e-06 0.742589
0.129688  943.996 0.0239274 0.000902147 0.197658 0.000863576 0.00112599 0.000197808 0.0327565 9.31514e-06 0.742559
0.129818  948.6 0.0238082 0.000921117 0.197092 0.000897463 0.00113934 0.000195707 0.0334092 8.99675e-06 0.742528
0.129948  953.22 0.0236878 0.000940304 0.196515 0.000932319 0.00115321 0.000193626 0.0340725 8.68923e-06 0.742497
0.130078  957.856 0.0235662 0.000959705 0.195927 0.000968151 0.00116762 0.000191566 0.0347465 8.39261e-06 0.742464
0.130208  962.506 0.0234436 0.000979319 0.195329 0.00100497 0.00118258 0.000189525 0.0354313 8.10691e-06 0.742432
0.130339  967.171 0.0233198 0.000999142 0.19472 0.00104278 0.00119813 0.000187505 0.0361271 7.8321e-06 0.742398
0.130469  971.85 0.0231949 0.00101917 0.194099 0.00108159 0.00121427 0.000185504 0.0368339 7.56814e-06 0.742364
0.130599  976.544 0.0230689 0.00103941 0.193467 0.00112141 0.00123102 0.000183523 0.037552 7.31494e-06 0.742329
0.130729  981.251 0.0229418 0.00105984 0.192824 0.00116223 0.0012484 0.000181561 0.0382815 7.0724e-06 0.742293
0.130859  985.971 0.0228137 0.00108047 0.192169 0.00120407 0.00126643 0.000179619 0.0390225 6.84041e-06 0.742257
0.13099  990.704 0.0226845 0.0011013 0.191502 0.00124693 0.00128512 0.000177696 0.0397751 6.6188e-06 0.742221
0.13112  995.449 0.0225542 0.00112232 0.190823 0.00129081 0.00130449 0.000175792 0.0405394 6.40743e-06 0.742184
0.13125  1000.21 0.0224229 0.00114352 0.190132 0.0013357 0.00132456 0.000173906 0.0413155 6.20609e-06 0.742146
0.13138  1004.98 0.0222905 0.0011649 0.189428 0.00138162 0.00134534 0.000172039 0.0421036 6.01461e-06 0.742108
0.13151  1009.76 0.0221572 0.00118647 0.188712 0.00142856 0.00136685 0.000170191 0.0429036 5.83275e-06 0.742069
0.131641  1014.55 0.0220228 0.00120821 0.187983 0.00147652 0.00138909 0.00016836 0.0437158 5.6603e-06 0.74203
0.131771  1019.35 0.0218875 0.00123012 0.187242 0.00152549 0.0014121 0.000166547 0.04454 5.49703e-06 0.741991
0.131901  1024.16 0.0217512 0.00125219 0.186487 0.00157547 0.00143588 0.000164751 0.0453765 5.34268e-06 0.741952
0.132031  1028.98 0.021614 0.00127442 0.18572 0.00162646 0.00146044 0.000162973 0.0462252 5.19701e-06 0.741912
0.132161  1033.81 0.0214759 0.00129681 0.184939 0.00167846 0.00148581 0.000161212 0.0470862 5.05977e-06 0.741871
0.132292  1038.65 0.0213369 0.00131934 0.184145 0.00173144 0.00151198 0.000159467 0.0479595 4.93067e-06 0.741831
0.132422  1043.5 0.021197 0.00134202 0.183338 0.00178541 0.00153898 0.000157739 0.0488452 4.80948e-06 0.74179
0.132552  1048.35 0.0210563 0.00136484 0.182518 0.00184036 0.00156682 0.000156027 0.0497431 4.6959e-06 0.74175
0.132682  1053.21 0.0209147 0.00138779 0.181684 0.00189627 0.0015955 0.000154331 0.0506534 4.58968e-06 0.741709
0.132812  1058.08 0.0207724 0.00141087 0.180837 0.00195314 0.00162504 0.00015265 0.051576 4.49055e-06 0.741668
0.133073  1067.84 0.0204853 0.00145739 0.179103 0.0020697 0.00168673 0.000149335 0.0534579 4.31272e-06 0.741587
0.133333  1077.61 0.0201954 0.00150433 0.177314 0.00218992 0.00175197 0.000146078 0.0553885 4.16004e-06 0.741505
0.133854  1097.21 0.0196077 0.00159935 0.173577 0.00244089 0.00189325 0.000139731 0.0593929 3.92377e-06 0.741345
0.134375  1116.84 0.0190114 0.00169541 0.169629 0.00270468 0.0020493 0.000133594 0.063581 3.76482e-06 0.741192
0.134896  1136.47 0.0184088 0.00179202 0.16548 0.00297979 0.00222022 0.00012765 0.0679412 3.66973e-06 0.741047
0.135417  1156.04 0.0178022 0.00188867 0.161142 0.00326446 0.00240593 0.000121887 0.0724581 3.62678e-06 0.740914
0.135937  1175.53 0.0171942 0.00198482 0.156631 0.00355675 0.00260612 0.000116294 0.0771131 3.62602e-06 0.740795
0.136458  1194.88 0.0165873 0.00207993 0.151967 0.00385456 0.00282025 0.000110861 0.0818845 3.65911e-06 0.740692
0.136979  1214.07 0.0159841 0.00217347 0.147175 0.00415571 0.0030476 0.000105584 0.0867482 3.71915e-06 0.740607
0.1375  1233.05 0.0153873 0.0022649 0.14228 0.00445794 0.00328724 0.00010046 0.0916779 3.80048e-06 0.740541
0.138021  1251.78 0.0147995 0.00235373 0.13731 0.00475901 0.00353807 9.54877e-05 0.096646 3.89846e-06 0.740494
0.138542  1270.23 0.0142231 0.00243949 0.132296 0.00505675 0.00379886 9.06693e-05 0.101624 4.0093e-06 0.740467
0.139063  1288.36 0.0136604 0.00252174 0.127268 0.0053491 0.00406829 8.60078e-05 0.106584 4.12986e-06 0.740458
0.139583  1306.14 0.0131136 0.00260011 0.122254 0.00563414 0.00434495 8.15075e-05 0.111499 4.25756e-06 0.740468
0.140104  1323.55 0.0125846 0.00267427 0.117285 0.00591015 0.00462739 7.71734e-05 0.116341 4.39023e-06 0.740495
0.140625  1340.56 0.0120751 0.00274395 0.112388 0.00617564 0.00491418 7.30105e-05 0.121088 4.52607e-06 0.740537
0.141146  1357.16 0.0115864 0.00280894 0.107588 0.00642934 0.00520389 6.90235e-05 0.125716 4.66355e-06 0.740594
0.141667  1373.33 0.0111198 0.00286908 0.102909 0.00667024 0.00549516 6.52165e-05 0.130205 4.80139e-06 0.740662
0.142188  1389.07 0.010676 0.00292429 0.0983686 0.00689759 0.00578668 6.15927e-05 0.13454 4.93851e-06 0.74074
0.142708  1404.35 0.0102557 0.00297452 0.0939855 0.00711085 0.00607725 5.81537e-05 0.138706 5.07397e-06 0.740827
0.143229  1419.18 0.00985914 0.00301979 0.0897732 0.00730974 0.00636575 5.49002e-05 0.142693 5.20701e-06 0.740919
0.14375  1433.57 0.00948641 0.00306017 0.0857423 0.00749416 0.00665117 5.18313e-05 0.146492 5.33697e-06 0.741017
0.144271  1447.51 0.00913736 0.00309575 0.0819006 0.00766421 0.00693261 4.89448e-05 0.150098 5.46329e-06 0.741117
0.144792  1461 0.00881162 0.00312668 0.078253 0.00782014 0.00720928 4.62374e-05 0.153508 5.58551e-06 0.741219
0.145313  1474.06 0.00850867 0.00315314 0.074802 0.00796232 0.00748048 4.37044e-05 0.156722 5.70325e-06 0.741322
0.145833  1486.7 0.00822783 0.00317531 0.0715476 0.00809126 0.00774563 4.13403e-05 0.159742 5.81619e-06 0.741423
0.146354  1498.93 0.00796828 0.00319341 0.0684879 0.00820751 0.00800424 3.91385e-05 0.162571 5.92407e-06 0.741523
0.146875  1510.75 0.00772912 0.00320769 0.0656192 0.00831171 0.00825591 3.70921e-05 0.165214 6.0267e-06 0.74162
0.147396  1522.18 0.00750936 0.00321837 0.0629364 0.00840452 0.00850033 3.51934e-05 0.167676 6.12392e-06 0.741713
0.147917  1533.25 0.00730799 0.0032257 0.0604331 0.00848662 0.00873726 3.34344e-05 0.169966 6.21563e-06 0.741804
0.148438  1543.95 0.00712392 0.00322993 0.0581023 0.0085587 0.00896654 3.18071e-05 0.172091 6.30174e-06 0.74189
0.148958  1554.31 0.0069561 0.00323131 0.0559361 0.00862145 0.00918806 3.03033e-05 0.174059 6.38224e-06 0.741971
0.149479  1564.33 0.00680343 0.00323007 0.053926 0.00867553 0.00940178 2.89147e-05 0.175879 6.45711e-06 0.742049
0.15  1574.05 0.00666486 0.00322644 0.0520634 0.00872159 0.00960769 2.76333e-05 0.177561 6.52639e-06 0.742121
0.151042  1592.57 0.0064268 0.00321274 0.048753 0.00879153 0.00999627 2.53659e-05 0.180535 6.64858e-06 0.742253
0.152083  1610 0.00623315 0.00319206 0.0459279 0.00883636 0.0103549 2.3438e-05 0.183058 6.7495e-06 0.742367
0.153125  1626.43 0.00607683 0.00316587 0.0435222 0.00886006 0.0106849 2.17975e-05 0.185196 6.83031e-06 0.742466
0.154167  1641.96 0.00595154 0.00313545 0.0414752 0.00886608 0.0109882 2.03984e-05 0.187007 6.89241e-06 0.742549
0.155208  1656.68 0.00585181 0.00310186 0.0397322 0.0088574 0.0112667 1.92009e-05 0.188544 6.93733e-06 0.74262
0.15625  1670.65 0.00577295 0.00306601 0.0382454 0.00883654 0.0115223 1.81713e-05 0.189853 6.96668e-06 0.742679
0.157292  1683.96 0.00571101 0.00302864 0.0369731 0.00880566 0.011757 1.7281e-05 0.190972 6.98204e-06 0.742729
0.158333  1696.64 0.00566267 0.00299034 0.0358797 0.00876658 0.0119727 1.65064e-05 0.191934 6.98499e-06 0.74277
0.159375  1708.77 0.00562522 0.0029516 0.0349351 0.00872084 0.0121713 1.58278e-05 0.192769 6.97699e-06 0.742804
0.160417  1720.38 0.00559641 0.00291278 0.0341137 0.00866975 0.0123543 1.52291e-05 0.193498 6.95942e-06 0.742833
0.161458  1731.51 0.00557441 0.00287418 0.0333946 0.00861441 0.0125234 1.46969e-05 0.194141 6.93356e-06 0.742856
0.1625  1742.21 0.00555775 0.00283602 0.03276 0.00855575 0.0126799 1.42204e-05 0.194714 6.90053e-06 0.742876
0.163542  1752.5 0.00554523 0.00279845 0.0321956 0.00849455 0.0128251 1.37907e-05 0.195228 6.86137e-06 0.742892
0.164583  1762.42 0.00553592 0.0027616 0.0316893 0.00843146 0.01296 1.34006e-05 0.195696 6.81699e-06 0.742905
0.165625  1771.99 0.00552905 0.00272556 0.0312314 0.00836701 0.0130858 1.30439e-05 0.196125 6.76819e-06 0.742916
0.166667  1781.22 0.00552401 0.00269036 0.0308137 0.00830166 0.0132031 1.2716e-05 0.196522 6.71568e-06 0.742926
0.167708  1790.16 0.00552035 0.00265606 0.0304298 0.00823577 0.0133129 1.24127e-05 0.196893 6.66009e-06 0.742933
0.16875  1798.8 0.00551768 0.00262266 0.0300743 0.00816965 0.0134159 1.21307e-05 0.197241 6.60193e-06 0.74294
0.169792  1807.18 0.00551572 0.00259016 0.0297427 0.00810354 0.0135125 1.18674e-05 0.197572 6.5417e-06 0.742945
0.170833  1815.3 0.00551424 0.00255855 0.0294315 0.00803765 0.0136034 1.16204e-05 0.197887 6.47978e-06 0.74295
0.171875  1823.18 0.00551306 0.00252783 0.0291377 0.00797213 0.0136889 1.13878e-05 0.198189 6.41655e-06 0.742953
0.172917  1830.83 0.00551207 0.00249797 0.028859 0.00790711 0.0137697 1.11681e-05 0.19848 6.35229e-06 0.742957
0.173958  1838.27 0.00551114 0.00246895 0.0285934 0.00784269 0.0138459 1.09599e-05 0.198761 6.28728e-06 0.742959
0.175  1845.5 0.00551022 0.00244074 0.0283392 0.00777896 0.013918 1.0762e-05 0.199034 6.22174e-06 0.742962
0.176042  1852.54 0.00550924 0.00241332 0.0280951 0.00771598 0.0139861 1.05736e-05 0.1993 6.15587e-06 0.742964
0.177083  1859.39 0.00550817 0.00238665 0.02786 0.00765378 0.0140507 1.03938e-05 0.199558 6.08985e-06 0.742966
0.178125  1866.07 0.00550697 0.00236072 0.027633 0.00759241 0.014112 1.02218e-05 0.199811 6.02381e-06 0.742967
0.179167  1872.58 0.00550563 0.00233548 0.0274133 0.00753189 0.01417 1.0057e-05 0.200059 5.95791e-06 0.742969
0.18125  1885.12 0.00550248 0.00228704 0.0269936 0.00741344 0.0142773 9.74729e-06 0.200539 5.82687e-06 0.742971
0.183333  1897.07 0.00549869 0.00224108 0.0265965 0.00729849 0.0143742 9.46062e-06 0.201003 5.69747e-06 0.742973
0.185417  1908.48 0.00549425 0.00219742 0.026219 0.007187 0.0144617 9.19414e-06 0.201451 5.5702e-06 0.742975
0.1875  1919.39 0.00548922 0.00215588 0.0258587 0.00707891 0.0145407 8.94553e-06 0.201886 5.44543e-06 0.742976
0.189583  1929.85 0.00548363 0.0021163 0.025514 0.00697411 0.0146122 8.71285e-06 0.202308 5.32344e-06 0.742978
0.191667  1939.88 0.00547756 0.00207853 0.0251835 0.00687249 0.0146769 8.49447e-06 0.202719 5.2044e-06 0.742979
0.19375  1949.51 0.00547105 0.00204244 0.0248659 0.00677395 0.0147352 8.28902e-06 0.203118 5.08845e-06 0.74298
0.195833  1958.78 0.00546416 0.0020079 0.0245603 0.00667835 0.0147879 8.0953e-06 0.203508 4.97566e-06 0.742981
0.197917  1967.7 0.00545694 0.00197482 0.0242658 0.00658559 0.0148353 7.91228e-06 0.203887 4.86605e-06 0.742981
0.2  1976.3 0.00544943 0.00194308 0.0239817 0.00649556 0.014878 7.73905e-06 0.204258 4.75964e-06 0.742982
0.20625  2000.31 0.00542547 0.00185535 0.023187 0.00624122 0.0149808 7.27168e-06 0.205315 4.45988e-06 0.742984
0.2125  2022.06 0.00540009 0.00177695 0.0224647 0.00600746 0.0150527 6.86808e-06 0.206302 4.18699e-06 0.742985
0.21875  2041.91 0.00537388 0.00170635 0.0218038 0.00579185 0.0151 6.51585e-06 0.207227 3.93887e-06 0.742987
0.225  2060.13 0.00534723 0.00164235 0.0211955 0.00559229 0.0151276 6.20567e-06 0.208098 3.71326e-06 0.742987
0.23125  2076.95 0.00532043 0.00158399 0.0206326 0.00540702 0.0151392 5.93042e-06 0.208919 3.5079e-06 0.742988
0.2375  2092.54 0.00529369 0.0015305 0.0201096 0.00523449 0.0151378 5.68455e-06 0.209696 3.3207e-06 0.742989
0.24375  2107.05 0.00526716 0.00148124 0.0196215 0.00507337 0.0151257 5.46361e-06 0.210433 3.1497e-06 0.742989
0.25  2120.61 0.00524094 0.00143569 0.0191645 0.0049225 0.0151048 5.26406e-06 0.211134 2.99315e-06 0.74299
0.2625  2145.19 0.00518975 0.00135428 0.018333 0.00464853 0.0150425 4.91895e-06 0.212434 2.71824e-06 0.74299
0.275  2167.05 0.0051404 0.00128324 0.0175909 0.004405 0.0149601 4.63008e-06 0.213622 2.48452e-06 0.742991
0.2875  2186.67 0.005093 0.00122057 0.0169226 0.00418695 0.0148639 4.3851e-06 0.214715 2.28404e-06 0.742991
0.3  2204.39 0.0050475 0.00116477 0.0163161 0.00399028 0.0147576 4.17513e-06 0.215726 2.11071e-06 0.742992
0.3375  2248.42 0.00492396 0.00103017 0.0148016 0.00350695 0.0144144 3.70037e-06 0.218325 1.71433e-06 0.742992
0.375  2283.28 0.00481502 0.000927447 0.013592 0.00313033 0.0140562 3.37025e-06 0.220482 1.43515e-06 0.742992
0.43125  2324.09 0.00467602 0.000812279 0.0121671 0.00270113 0.0135374 3.03373e-06 0.22311 1.14737e-06 0.742992
0.4875  2355.73 0.00455842 0.000726397 0.0110531 0.00237748 0.0130532 2.80681e-06 0.225235 9.51632e-07 0.742992
0.571875  2392.14 0.00441461 0.000632164 0.00976598 0.00201958 0.0124077 2.57913e-06 0.227764 7.55068e-07 0.742992
0.65625  2419.43 0.00429885 0.000564224 0.00879517 0.00176113 0.0118528 2.42726e-06 0.229733 6.26052e-07 0.742992
0.909375  2469.75 0.00406963 0.000445897 0.00699731 0.00131281 0.010662 2.17362e-06 0.233518 4.26289e-07 0.742992
1.28906  2507.88 0.00388336 0.000362594 0.00563603 0.00100201 0.00960232 1.98275e-06 0.23652 3.04855e-07 0.742991
1.85859  2532.06 0.00375939 0.000312604 0.0047774 0.00081966 0.00885133 1.84874e-06 0.238486 2.3985e-07 0.742991
2.71289  2544.76 0.0036931 0.000287314 0.00432934 0.000729072 0.00843103 1.77069e-06 0.239537 2.09209e-07 0.742991
3.99434  2544.76 0.0036931 0.000287314 0.00432934 0.000729072 0.00843103 1.77069e-06 0.239537 2.09209e-07 0.742991
