TITLE="Graphics"
VARIABLES= "x", "T", "Y_H2", "Y_H", "Y_O2", "Y_O", "Y_OH", "Y_HO2", "Y_H2O2", "Y_H2O", "Y_N2"
0  300 0.0285219 0 0.226362 0 0 0 0 0 0.745116
0.00625  299.934 0.0285836 1.2902e-13 0.226798 1.05547e-08 2.1333e-09 7.75202e-07 9.41737e-08 6.17591e-07 0.746875
0.0125  299.866 0.0285481 2.53892e-13 0.226407 2.12575e-08 4.24299e-09 1.55605e-06 1.89011e-07 1.37264e-06 0.745052
0.01875  299.74 0.0285913 5.5592e-13 0.226836 3.89109e-08 9.30684e-09 2.68317e-06 3.44395e-07 2.74357e-06 0.746954
0.025  299.618 0.0285458 8.4719e-13 0.226412 5.64705e-08 1.41738e-08 3.80006e-06 4.98319e-07 4.58014e-06 0.744962
0.03125  299.563 0.0285895 1.05362e-12 0.226892 6.76653e-08 1.75666e-08 5.51793e-06 6.78645e-07 3.68078e-06 0.747048
0.0375  299.505 0.0285379 1.28894e-12 0.226497 7.87863e-08 2.14704e-08 7.18446e-06 8.58975e-07 4.2934e-06 0.744869
0.04375  299.662 0.0285831 5.85969e-13 0.227029 7.58057e-08 9.58969e-09 9.54345e-06 9.38681e-07 1.08739e-06 0.747201
0.05  299.784 0.0285261 1.25964e-13 0.226768 7.37823e-08 1.8763e-09 1.18153e-05 1.02115e-06 5.06839e-07 0.744765
0.056  299.051 0.0285896 4.87843e-12 0.226859 1.1754e-07 8.21888e-08 1.20662e-05 1.56643e-06 7.2597e-05 0.747183
0.062  298.292 0.0285488 9.65754e-12 0.226603 1.61247e-07 1.63207e-07 1.22575e-05 2.13041e-06 0.000146461 0.744403
0.068  297.904 0.0286268 1.73127e-11 0.226269 2.17008e-07 2.8076e-07 1.18432e-05 2.45331e-06 0.000217414 0.747556
0.074  297.363 0.0285815 2.44205e-11 0.226891 2.71393e-07 3.94358e-07 1.13698e-05 2.80276e-06 0.000287977 0.743714
0.08  294.262 0.0287078 2.98446e-11 0.224591 3.46793e-07 5.01056e-07 1.12246e-05 4.71216e-06 0.000573705 0.748487
0.086  291.01 0.028669 3.33236e-11 0.227276 4.14841e-07 5.99453e-07 1.09614e-05 6.53627e-06 0.000833223 0.741674
0.092  283.531 0.0290365 3.50203e-11 0.219859 4.99255e-07 6.7632e-07 1.15601e-05 1.07108e-05 0.00140409 0.750663
0.098  276.254 0.0265773 2.7266e-11 0.229638 5.20743e-07 6.87003e-07 1.17482e-05 1.45692e-05 0.00186952 0.737848
0.0985  276.29 0.0275294 2.84529e-11 0.228285 5.27402e-07 6.95674e-07 1.16769e-05 1.4592e-05 0.00187949 0.737635
0.099  276.381 0.0287408 2.99188e-11 0.226044 5.38468e-07 7.10273e-07 1.16765e-05 1.46787e-05 0.00189841 0.741544
0.0995  276.53 0.0289669 3.10574e-11 0.223678 5.45134e-07 7.19114e-07 1.15995e-05 1.46705e-05 0.00190399 0.741631
0.1  276.739 0.0287648 3.20851e-11 0.222771 5.51375e-07 7.27465e-07 1.15139e-05 1.4638e-05 0.00190591 0.741263
0.101042  277.492 0.0284791 3.42881e-11 0.221681 5.65387e-07 7.4661e-07 1.1302e-05 1.44457e-05 0.00189552 0.740993
0.102083  278.278 0.0284153 3.64692e-11 0.220695 5.7921e-07 7.65263e-07 1.10829e-05 1.42334e-05 0.00188277 0.740455
0.103125  279.591 0.0285428 3.95831e-11 0.220141 5.96552e-07 7.86885e-07 1.08673e-05 1.38339e-05 0.00185123 0.740195
0.104167  280.93 0.0286949 4.27619e-11 0.219965 6.14876e-07 8.09107e-07 1.06544e-05 1.34376e-05 0.00182017 0.740242
0.105208  282.775 0.028749 4.74439e-11 0.220048 6.43247e-07 8.3456e-07 1.03618e-05 1.29844e-05 0.00178034 0.740407
0.10625  284.646 0.0287137 5.20696e-11 0.220224 6.72233e-07 8.59586e-07 1.00482e-05 1.25354e-05 0.0017402 0.740572
0.107292  287.009 0.02864 5.92518e-11 0.220417 7.19662e-07 8.8818e-07 9.41066e-06 1.21678e-05 0.00169854 0.740682
0.108333  289.399 0.0285819 6.63518e-11 0.22059 7.67629e-07 9.16249e-07 8.75698e-06 1.18093e-05 0.00165719 0.740746
0.109375  292.276 0.0285413 7.64711e-11 0.220741 8.31613e-07 9.42117e-07 7.9136e-06 1.16738e-05 0.00163182 0.740779
0.110417  295.177 0.0285121 8.63042e-11 0.220906 8.95527e-07 9.67185e-07 7.08004e-06 1.15543e-05 0.00160828 0.740833
0.111458  298.566 0.0284707 9.84723e-11 0.221051 9.59486e-07 9.79637e-07 6.49471e-06 1.17501e-05 0.00162203 0.740894
0.1125  301.973 0.0284192 1.09932e-10 0.221211 1.02239e-06 9.90794e-07 5.93419e-06 1.19647e-05 0.00163905 0.740991
0.113542  305.871 0.0283514 1.22889e-10 0.221298 1.06566e-06 9.82218e-07 5.92844e-06 1.25167e-05 0.0017119 0.741057
0.114583  309.784 0.0282815 1.34153e-10 0.221371 1.10631e-06 9.7197e-07 5.92965e-06 1.30821e-05 0.00178865 0.741148
0.115625  314.19 0.0282043 1.49151e-10 0.221349 1.11192e-06 9.4751e-07 6.43896e-06 1.39273e-05 0.00192871 0.741203
0.116667  318.612 0.0281317 1.56421e-10 0.221329 1.10865e-06 9.18658e-07 6.91102e-06 1.46999e-05 0.00206337 0.741332
0.117188  321.028 0.0280883 1.69775e-10 0.221257 1.09005e-06 9.15926e-07 7.57518e-06 1.51632e-05 0.00215232 0.741262
0.117708  323.449 0.028046 1.73838e-10 0.221199 1.07127e-06 9.13615e-07 8.21971e-06 1.56197e-05 0.00224181 0.741152
0.118229  326.022 0.0280006 2.04768e-10 0.221155 1.04275e-06 9.32249e-07 9.33466e-06 1.61515e-05 0.00234795 0.741094
0.11875  328.607 0.0279505 2.06041e-10 0.221121 1.014e-06 9.50526e-07 1.04076e-05 1.66631e-05 0.00245398 0.741198
0.119271  331.375 0.0278885 3.05083e-10 0.221018 9.76274e-07 1.01025e-06 1.22693e-05 1.7248e-05 0.00257484 0.740829
0.119792  334.166 0.0278623 3.169e-10 0.22128 9.39417e-07 1.06808e-06 1.40465e-05 1.77951e-05 0.00269702 0.741852
0.120052  335.682 0.0278236 5.09522e-10 0.221276 9.1744e-07 1.13812e-06 1.56203e-05 1.81007e-05 0.00276222 0.742476
0.120312  337.2 0.0277334 6.85152e-10 0.220875 8.92469e-07 1.19807e-06 1.7059e-05 1.83191e-05 0.00282021 0.741449
0.120573  338.738 0.0277394 7.67695e-10 0.2211 8.69709e-07 1.2628e-06 1.85105e-05 1.8539e-05 0.00288136 0.742582
0.120833  340.279 0.0277169 8.17708e-10 0.221104 8.4337e-07 1.31327e-06 1.97584e-05 1.86381e-05 0.00293361 0.743897
0.121094  341.985 0.0275688 1.56812e-09 0.220023 8.13992e-07 1.44247e-06 2.21424e-05 1.87154e-05 0.00297497 0.74092
0.121354  343.69 0.0275883 2.26669e-09 0.220127 7.85788e-07 1.56184e-06 2.43558e-05 1.87414e-05 0.00302299 0.741292
0.121615  345.428 0.0276525 2.78355e-09 0.220607 7.57351e-07 1.6804e-06 2.64886e-05 1.86619e-05 0.00306412 0.744042
0.121875  347.169 0.0274436 3.14691e-09 0.21902 7.16706e-07 1.74927e-06 2.78628e-05 1.81589e-05 0.00306548 0.739074
0.122005  348.157 0.0274912 4.60853e-09 0.21954 7.0567e-07 1.88862e-06 2.98265e-05 1.81028e-05 0.00308405 0.741243
0.122135  349.145 0.0275298 6.01171e-09 0.219675 6.906e-07 2.0094e-06 3.14998e-05 1.78962e-05 0.00308808 0.743249
0.122266  350.134 0.0273137 7.29561e-09 0.217853 6.67123e-07 2.09455e-06 3.26393e-05 1.74132e-05 0.00306055 0.737988
0.122396  351.122 0.0273727 8.61034e-09 0.218079 6.49933e-07 2.19688e-06 3.40022e-05 1.70589e-05 0.00305854 0.738975
0.122526  352.138 0.0274736 9.91659e-09 0.218506 6.33986e-07 2.31009e-06 3.54467e-05 1.66723e-05 0.0030531 0.741465
0.122656  353.153 0.0272702 1.10308e-08 0.216795 6.0972e-07 2.38121e-06 3.62787e-05 1.59952e-05 0.00301631 0.735835
0.122786  354.166 0.0273253 1.22112e-08 0.217199 5.93465e-07 2.48198e-06 3.75306e-05 1.5509e-05 0.0030138 0.736267
0.122917  355.177 0.0274823 1.33446e-08 0.218259 5.78834e-07 2.58452e-06 3.88147e-05 1.5027e-05 0.00302062 0.739799
0.123047  356.365 0.0272821 1.84988e-08 0.216915 5.71433e-07 2.86531e-06 4.15034e-05 1.45491e-05 0.00300403 0.734681
0.123177  357.551 0.0273103 2.37734e-08 0.217543 5.72992e-07 3.18883e-06 4.48275e-05 1.43103e-05 0.00302762 0.735085
0.123307  358.734 0.0274974 2.9079e-08 0.219266 5.78691e-07 3.53191e-06 4.84676e-05 1.41642e-05 0.00307227 0.740344
0.123437  359.916 0.0272975 3.38036e-08 0.218213 5.74058e-07 3.80581e-06 5.12416e-05 1.36586e-05 0.00308135 0.736034
0.123503  360.532 0.0272826 3.65377e-08 0.218459 5.77702e-07 3.98961e-06 5.31494e-05 1.35376e-05 0.00310331 0.736091
0.123568  361.149 0.0272676 3.92718e-08 0.218705 5.81345e-07 4.17342e-06 5.50573e-05 1.34167e-05 0.00312527 0.736149
0.123633  361.764 0.0273627 4.20499e-08 0.219692 5.87502e-07 4.37189e-06 5.72133e-05 1.33606e-05 0.00316036 0.739449
0.123698  362.38 0.0274578 4.4828e-08 0.22068 5.93659e-07 4.57036e-06 5.93693e-05 1.33044e-05 0.00319545 0.742748
0.123828  363.611 0.0272331 4.93361e-08 0.219527 5.91521e-07 4.85556e-06 6.23513e-05 1.26966e-05 0.00321774 0.739094
0.123958  364.842 0.0271403 5.38634e-08 0.219548 5.93923e-07 5.16649e-06 6.58302e-05 1.22049e-05 0.00326594 0.738394
0.124023  365.592 0.0272337 6.27405e-08 0.220458 6.13519e-07 5.58493e-06 6.91765e-05 1.22365e-05 0.00330593 0.741995
0.124089  366.342 0.0273272 7.16177e-08 0.221369 6.33114e-07 6.00336e-06 7.25229e-05 1.22682e-05 0.00334592 0.745596
0.124154  367.092 0.027209 7.96351e-08 0.220613 6.42853e-07 6.33461e-06 7.487e-05 1.19639e-05 0.00335483 0.743854
0.124219  367.842 0.0270908 8.76525e-08 0.219856 6.52591e-07 6.66585e-06 7.72171e-05 1.16596e-05 0.00336374 0.742112
0.124284  368.592 0.0270102 9.55865e-08 0.219454 6.62486e-07 6.9924e-06 7.96104e-05 1.13418e-05 0.00337861 0.740945
0.124349  369.342 0.0269296 1.03521e-07 0.219053 6.7238e-07 7.31895e-06 8.20037e-05 1.10241e-05 0.00339348 0.739778
0.124414  370.091 0.0270287 1.1181e-07 0.219865 6.85326e-07 7.66807e-06 8.47562e-05 1.078e-05 0.00342411 0.743367
0.124479  370.841 0.0271278 1.201e-07 0.220676 6.98272e-07 8.0172e-06 8.75087e-05 1.05359e-05 0.00345474 0.746955
0.124609  372.415 0.0269207 1.36409e-07 0.218918 7.04489e-07 8.55589e-06 9.03536e-05 9.14515e-06 0.00343694 0.743545
0.12474  373.987 0.0267261 1.52229e-07 0.217436 7.07238e-07 9.04459e-06 9.28976e-05 7.60834e-06 0.00342124 0.739415
0.124805  374.772 0.026842 1.60973e-07 0.218193 7.1356e-07 9.33313e-06 9.47707e-05 6.9665e-06 0.00343503 0.742871
0.12487  375.556 0.0269579 1.69717e-07 0.218951 7.19881e-07 9.62167e-06 9.66438e-05 6.32466e-06 0.00344882 0.746327
0.125  377.124 0.0268058 1.83264e-07 0.217347 7.04592e-07 9.8854e-06 9.73353e-05 4.16565e-06 0.0034076 0.743303
0.125065  378.052 0.02661 2.03074e-07 0.215889 7.18369e-07 1.03827e-05 9.83423e-05 3.20864e-06 0.00338198 0.738123
0.12513  378.98 0.0268375 2.26498e-07 0.217459 7.52465e-07 1.11042e-05 0.000101682 2.82823e-06 0.00341203 0.74369
0.125195  379.906 0.0267561 2.46739e-07 0.216449 7.68872e-07 1.1621e-05 0.000103049 1.93363e-06 0.00339306 0.740849
0.12526  380.83 0.0265957 2.6703e-07 0.215284 7.88917e-07 1.21771e-05 0.000104923 1.15032e-06 0.00338334 0.736385
0.125293  381.303 0.0266967 2.8013e-07 0.216041 8.11602e-07 1.26113e-05 0.000107165 1.06245e-06 0.00340657 0.738832
0.125326  381.775 0.0267978 2.9323e-07 0.216799 8.34287e-07 1.30455e-05 0.000109408 9.74583e-07 0.00342981 0.741278
0.125391  382.718 0.0267545 3.16313e-07 0.21629 8.66315e-07 1.3753e-05 0.000112477 4.35468e-07 0.0034415 0.739663
0.125456  383.661 0.0266147 3.3906e-07 0.215423 9.01525e-07 1.44975e-05 0.000116029 -1e-10 0.00346033 0.735997
0.125488  384.132 0.0266964 3.52624e-07 0.216118 9.30277e-07 1.50062e-05 0.000119078 8.21104e-08 0.00349554 0.738167
0.125521  384.603 0.0267782 3.66188e-07 0.216813 9.59029e-07 1.55149e-05 0.000122127 1.64521e-07 0.00353074 0.740337
0.125553  385.129 0.0267657 3.85805e-07 0.216711 9.94288e-07 1.61556e-05 0.000124932 2.12358e-07 0.003555 0.739949
0.125586  385.655 0.0267532 4.05423e-07 0.216609 1.02955e-06 1.67963e-05 0.000127736 2.60194e-07 0.00357927 0.739562
0.125618  386.181 0.0266888 4.24593e-07 0.216253 1.06533e-06 1.74434e-05 0.000130667 3.32832e-07 0.00360439 0.738013
0.125651  386.707 0.0266245 4.43763e-07 0.215898 1.10111e-06 1.80906e-05 0.000133598 4.05469e-07 0.0036295 0.736464
0.125667  386.97 0.0266558 4.54472e-07 0.216192 1.12409e-06 1.84792e-05 0.000135632 5.73654e-07 0.00365283 0.737368
0.125684  387.233 0.0266872 4.65181e-07 0.216485 1.14706e-06 1.88678e-05 0.000137666 7.41839e-07 0.00367615 0.738272
0.1257  387.496 0.0267185 4.75891e-07 0.216778 1.17004e-06 1.92564e-05 0.0001397 9.10023e-07 0.00369947 0.739176
0.125716  387.759 0.0267499 4.866e-07 0.217072 1.19302e-06 1.9645e-05 0.000141734 1.07821e-06 0.00372279 0.740081
0.125749  388.284 0.0267423 5.0635e-07 0.217029 1.23351e-06 2.03517e-05 0.000145279 1.28673e-06 0.00375751 0.739983
0.125781  388.81 0.0267347 5.261e-07 0.216985 1.27401e-06 2.10584e-05 0.000148824 1.49525e-06 0.00379222 0.739886
0.125814  389.346 0.026678 5.46549e-07 0.216688 1.31542e-06 2.17917e-05 0.000152385 1.68123e-06 0.00382591 0.738613
0.125846  389.883 0.0266213 5.66998e-07 0.216391 1.35683e-06 2.25251e-05 0.000155946 1.86722e-06 0.0038596 0.737341
0.125863  390.151 0.0266458 5.78308e-07 0.216633 1.38177e-06 2.2948e-05 0.000158192 2.06621e-06 0.00388478 0.738093
0.125879  390.42 0.0266703 5.89618e-07 0.216874 1.40672e-06 2.3371e-05 0.000160439 2.2652e-06 0.00390997 0.738845
0.125895  390.688 0.0266948 6.00928e-07 0.217115 1.43167e-06 2.37939e-05 0.000162685 2.46419e-06 0.00393516 0.739597
0.125911  390.956 0.0267193 6.12238e-07 0.217357 1.45661e-06 2.42169e-05 0.000164932 2.66318e-06 0.00396035 0.740349
0.125928  391.224 0.0267183 6.22674e-07 0.217357 1.47865e-06 2.46011e-05 0.000166911 2.79815e-06 0.00397993 0.740388
0.125944  391.493 0.0267172 6.3311e-07 0.217356 1.5007e-06 2.49853e-05 0.00016889 2.93312e-06 0.00399951 0.740427
0.12596  391.761 0.0267161 6.43546e-07 0.217356 1.52274e-06 2.53696e-05 0.000170869 3.06809e-06 0.0040191 0.740466
0.125977  392.029 0.0267151 6.53982e-07 0.217355 1.54478e-06 2.57538e-05 0.000172848 3.20306e-06 0.00403868 0.740505
0.125993  392.297 0.0266891 6.63805e-07 0.217202 1.56529e-06 2.61176e-05 0.000174713 3.30965e-06 0.0040556 0.739935
0.126009  392.566 0.0266631 6.73627e-07 0.217048 1.58581e-06 2.64814e-05 0.000176578 3.41623e-06 0.00407252 0.739365
0.126025  392.834 0.0266371 6.83449e-07 0.216895 1.60632e-06 2.68452e-05 0.000178442 3.52282e-06 0.00408944 0.738794
0.126042  393.102 0.0266111 6.93271e-07 0.216741 1.62683e-06 2.72089e-05 0.000180307 3.62941e-06 0.00410636 0.738224
0.126058  393.402 0.0266292 7.10269e-07 0.216927 1.6593e-06 2.77652e-05 0.000182672 3.88016e-06 0.00413187 0.738824
0.126074  393.702 0.0266473 7.27266e-07 0.217113 1.69176e-06 2.83215e-05 0.000185037 4.13091e-06 0.00415737 0.739424
0.12609  394.002 0.0266655 7.44264e-07 0.2173 1.72422e-06 2.88777e-05 0.000187402 4.38166e-06 0.00418288 0.740024
0.126107  394.302 0.0266836 7.61261e-07 0.217486 1.75668e-06 2.9434e-05 0.000189767 4.63241e-06 0.00420839 0.740625
0.126123  394.602 0.0266839 7.7741e-07 0.217493 1.78614e-06 2.99493e-05 0.000191865 4.82019e-06 0.00422873 0.740706
0.126139  394.902 0.0266841 7.93559e-07 0.217499 1.8156e-06 3.04646e-05 0.000193964 5.00798e-06 0.00424908 0.740788
0.126156  395.202 0.0266844 8.09708e-07 0.217506 1.84506e-06 3.09799e-05 0.000196063 5.19576e-06 0.00426942 0.740869
0.126172  395.501 0.0266847 8.25857e-07 0.217513 1.87452e-06 3.14952e-05 0.000198162 5.38354e-06 0.00428977 0.740951
0.126188  395.801 0.0266618 8.41244e-07 0.217372 1.90177e-06 3.198e-05 0.000200086 5.52928e-06 0.00430664 0.740453
0.126204  396.101 0.026639 8.56631e-07 0.21723 1.92901e-06 3.24649e-05 0.000202009 5.67501e-06 0.00432352 0.739955
0.126221  396.401 0.0266162 8.72018e-07 0.217089 1.95625e-06 3.29498e-05 0.000203933 5.82075e-06 0.0043404 0.739457
0.126237  396.701 0.0265934 8.87404e-07 0.216948 1.9835e-06 3.34346e-05 0.000205857 5.96648e-06 0.00435727 0.738959
0.126253  397.001 0.0266064 9.03834e-07 0.217075 2.01348e-06 3.39584e-05 0.000208069 6.17527e-06 0.00437891 0.739391
0.12627  397.3 0.0266193 9.20263e-07 0.217202 2.04346e-06 3.44823e-05 0.000210282 6.38406e-06 0.00440055 0.739823
0.126286  397.6 0.0266323 9.36692e-07 0.217329 2.07345e-06 3.50061e-05 0.000212494 6.59285e-06 0.00442219 0.740255
0.126302  397.9 0.0266453 9.53122e-07 0.217456 2.10343e-06 3.553e-05 0.000214706 6.80163e-06 0.00444383 0.740687
0.126318  398.206 0.0266451 9.69911e-07 0.217459 2.13193e-06 3.60442e-05 0.000216718 6.9497e-06 0.00446203 0.740745
0.126335  398.511 0.0266448 9.86699e-07 0.217462 2.16042e-06 3.65584e-05 0.00021873 7.09776e-06 0.00448022 0.740803
0.126351  398.817 0.0266446 1.00349e-06 0.217465 2.18892e-06 3.70727e-05 0.000220742 7.24582e-06 0.00449842 0.740861
0.126367  399.123 0.0266444 1.02028e-06 0.217469 2.21742e-06 3.75869e-05 0.000222753 7.39388e-06 0.00451662 0.740919
0.1264  399.734 0.0266022 1.05214e-06 0.217203 2.26931e-06 3.85439e-05 0.000226384 7.59681e-06 0.00454581 0.739971
0.126432  400.345 0.02656 1.084e-06 0.216937 2.32121e-06 3.95009e-05 0.000230014 7.79974e-06 0.004575 0.739024
0.126449  400.651 0.026568 1.101e-06 0.217026 2.34958e-06 4.0015e-05 0.000232077 7.95442e-06 0.00459352 0.739309
0.126465  400.956 0.026576 1.11799e-06 0.217116 2.37794e-06 4.05292e-05 0.000234139 8.1091e-06 0.00461204 0.739593
0.126481  401.262 0.0265841 1.13499e-06 0.217206 2.40631e-06 4.10433e-05 0.000236201 8.26377e-06 0.00463057 0.739877
0.126497  401.567 0.0265921 1.15199e-06 0.217296 2.43468e-06 4.15575e-05 0.000238264 8.41845e-06 0.00464909 0.740161
0.126514  401.873 0.0265927 1.16831e-06 0.2173 2.46058e-06 4.20367e-05 0.000240134 8.52776e-06 0.00466423 0.740208
0.12653  402.178 0.0265933 1.18463e-06 0.217304 2.48647e-06 4.25158e-05 0.000242005 8.63708e-06 0.00467938 0.740255
0.126546  402.483 0.0265939 1.20095e-06 0.217308 2.51236e-06 4.2995e-05 0.000243876 8.74639e-06 0.00469452 0.740302
0.126562  402.788 0.0265944 1.21727e-06 0.217313 2.53826e-06 4.34742e-05 0.000245746 8.85571e-06 0.00470966 0.740348
0.126595  403.471 0.0265585 1.26704e-06 0.217106 2.60879e-06 4.47654e-05 0.00024927 9.12875e-06 0.00473971 0.739574
0.126628  404.154 0.0265226 1.31682e-06 0.2169 2.67932e-06 4.60566e-05 0.000252793 9.40179e-06 0.00476976 0.7388
0.126644  404.495 0.0265281 1.34281e-06 0.216981 2.71697e-06 4.67384e-05 0.000254788 9.58796e-06 0.00478834 0.739028
0.12666  404.836 0.0265336 1.36881e-06 0.217062 2.75462e-06 4.74202e-05 0.000256782 9.77412e-06 0.00480691 0.739256
0.126676  405.177 0.0265391 1.3948e-06 0.217143 2.79227e-06 4.8102e-05 0.000258776 9.96028e-06 0.00482549 0.739484
0.126693  405.518 0.0265446 1.4208e-06 0.217224 2.82992e-06 4.87838e-05 0.000260771 1.01464e-05 0.00484407 0.739712
0.126709  405.859 0.0265459 1.44628e-06 0.217251 2.86574e-06 4.94397e-05 0.000262638 1.0302e-05 0.0048604 0.739798
0.126725  406.2 0.0265472 1.47177e-06 0.217279 2.90156e-06 5.00956e-05 0.000264505 1.04576e-05 0.00487673 0.739884
0.126742  406.54 0.0265485 1.49726e-06 0.217306 2.93738e-06 5.07516e-05 0.000266371 1.06132e-05 0.00489306 0.73997
0.126758  406.881 0.0265498 1.52274e-06 0.217333 2.9732e-06 5.14075e-05 0.000268238 1.07688e-05 0.00490939 0.740056
0.12679  407.563 0.0265199 1.57192e-06 0.217173 3.0404e-06 5.26555e-05 0.000271672 1.10095e-05 0.00493681 0.739398
0.126823  408.244 0.0264899 1.62109e-06 0.217012 3.10759e-06 5.39036e-05 0.000275106 1.12502e-05 0.00496423 0.738739
0.126839  408.591 0.0264937 1.64858e-06 0.217094 3.1454e-06 5.46089e-05 0.000277099 1.14077e-05 0.00498267 0.738964
0.126855  408.938 0.0264975 1.67606e-06 0.217176 3.18321e-06 5.53143e-05 0.000279091 1.15651e-05 0.00500112 0.739189
0.126872  409.285 0.0265013 1.70354e-06 0.217257 3.22102e-06 5.60196e-05 0.000281083 1.17226e-05 0.00501956 0.739414
0.126888  409.633 0.0265051 1.73102e-06 0.217339 3.25883e-06 5.6725e-05 0.000283076 1.18801e-05 0.00503801 0.739639
0.126904  409.98 0.026507 1.75815e-06 0.21739 3.29553e-06 5.7415e-05 0.000285003 1.20217e-05 0.00505523 0.739791
0.126921  410.326 0.0265089 1.78528e-06 0.217441 3.33222e-06 5.8105e-05 0.000286931 1.21633e-05 0.00507245 0.739944
0.126937  410.673 0.0265108 1.81241e-06 0.217491 3.36892e-06 5.8795e-05 0.000288859 1.2305e-05 0.00508967 0.740096
0.126953  411.02 0.0265127 1.83955e-06 0.217542 3.40561e-06 5.94851e-05 0.000290787 1.24466e-05 0.00510688 0.740249
0.126986  411.714 0.0264882 1.89199e-06 0.217454 3.47529e-06 6.08118e-05 0.000294414 1.26767e-05 0.00513728 0.739835
0.127018  412.407 0.0264636 1.94443e-06 0.217366 3.54497e-06 6.21385e-05 0.000298042 1.29069e-05 0.00516767 0.73942
0.127034  412.754 0.026466 1.9718e-06 0.217443 3.58247e-06 6.28443e-05 0.00030008 1.30715e-05 0.00518607 0.739609
0.127051  413.101 0.0264683 1.99918e-06 0.21752 3.61998e-06 6.355e-05 0.000302119 1.32361e-05 0.00520446 0.739799
0.127067  413.447 0.0264707 2.02655e-06 0.217598 3.65748e-06 6.42557e-05 0.000304158 1.34007e-05 0.00522285 0.739988
0.127083  413.794 0.0264731 2.05392e-06 0.217675 3.69498e-06 6.49615e-05 0.000306197 1.35654e-05 0.00524125 0.740177
0.1271  414.181 0.0264716 2.09471e-06 0.217717 3.74711e-06 6.59112e-05 0.000308143 1.3793e-05 0.00526179 0.74031
0.127116  414.567 0.0264702 2.13549e-06 0.217759 3.79923e-06 6.68609e-05 0.000310088 1.40206e-05 0.00528233 0.740443
0.127132  414.954 0.0264688 2.17627e-06 0.217801 3.85136e-06 6.78107e-05 0.000312033 1.42482e-05 0.00530288 0.740576
0.127148  415.341 0.0264674 2.21706e-06 0.217842 3.90349e-06 6.87604e-05 0.000313979 1.44759e-05 0.00532342 0.740709
0.127165  415.727 0.0264537 2.25692e-06 0.217801 3.95408e-06 6.9688e-05 0.000315836 1.46843e-05 0.00534237 0.740532
0.127181  416.114 0.02644 2.29678e-06 0.217759 4.00466e-06 7.06156e-05 0.000317693 1.48927e-05 0.00536131 0.740355
0.127197  416.5 0.0264263 2.33664e-06 0.217717 4.05525e-06 7.15432e-05 0.00031955 1.51011e-05 0.00538026 0.740178
0.127214  416.887 0.0264127 2.3765e-06 0.217676 4.10584e-06 7.24708e-05 0.000321406 1.53095e-05 0.00539921 0.740001
0.12723  417.273 0.0264103 2.41748e-06 0.217729 4.15909e-06 7.34417e-05 0.000323471 1.55654e-05 0.00542103 0.740137
0.127246  417.659 0.026408 2.45845e-06 0.217783 4.21235e-06 7.44127e-05 0.000325535 1.58214e-05 0.00544284 0.740272
0.127262  418.046 0.0264056 2.49943e-06 0.217837 4.26561e-06 7.53836e-05 0.000327599 1.60774e-05 0.00546466 0.740407
0.127279  418.432 0.0264033 2.54041e-06 0.217891 4.31886e-06 7.63545e-05 0.000329663 1.63333e-05 0.00548648 0.740542
0.127295  418.818 0.0264016 2.58126e-06 0.217939 4.37205e-06 7.73262e-05 0.000331738 1.65931e-05 0.00550824 0.740685
0.127311  419.204 0.0263999 2.62211e-06 0.217986 4.42524e-06 7.82979e-05 0.000333812 1.6853e-05 0.00552999 0.740828
0.127327  419.591 0.0263982 2.66296e-06 0.218034 4.47842e-06 7.92696e-05 0.000335886 1.71128e-05 0.00555175 0.74097
0.127344  419.977 0.0263965 2.70381e-06 0.218082 4.53161e-06 8.02413e-05 0.000337961 1.73726e-05 0.0055735 0.741113
0.12736  420.37 0.0263838 2.74577e-06 0.218052 4.58458e-06 8.12311e-05 0.000339954 1.75923e-05 0.00559465 0.741006
0.127376  420.763 0.0263711 2.78773e-06 0.218022 4.63754e-06 8.22209e-05 0.000341947 1.7812e-05 0.0056158 0.740899
0.127393  421.157 0.0263583 2.82969e-06 0.217992 4.6905e-06 8.32107e-05 0.00034394 1.80318e-05 0.00563695 0.740792
0.127409  421.55 0.0263456 2.87164e-06 0.217962 4.74347e-06 8.42005e-05 0.000345933 1.82515e-05 0.0056581 0.740685
0.127425  421.943 0.0263416 2.9146e-06 0.218006 4.79887e-06 8.52306e-05 0.000348102 1.85132e-05 0.00568164 0.74082
0.127441  422.336 0.0263375 2.95755e-06 0.21805 4.85426e-06 8.62608e-05 0.000350271 1.87749e-05 0.00570518 0.740954
0.127458  422.729 0.0263335 3.0005e-06 0.218094 4.90966e-06 8.72909e-05 0.00035244 1.90366e-05 0.00572872 0.741089
0.127474  423.123 0.0263294 3.04346e-06 0.218138 4.96505e-06 8.8321e-05 0.000354608 1.92983e-05 0.00575227 0.741224
0.12749  423.516 0.0263266 3.0863e-06 0.218181 5.02052e-06 8.93543e-05 0.000356795 1.95665e-05 0.00577589 0.741384
0.127506  423.909 0.0263239 3.12915e-06 0.218225 5.07599e-06 9.03877e-05 0.000358981 1.98347e-05 0.00579951 0.741545
0.127523  424.302 0.0263211 3.17199e-06 0.218269 5.13146e-06 9.1421e-05 0.000361167 2.0103e-05 0.00582313 0.741706
0.127539  424.695 0.0263183 3.21484e-06 0.218313 5.18692e-06 9.24543e-05 0.000363354 2.03712e-05 0.00584676 0.741867
0.127555  425.088 0.0263067 3.25656e-06 0.218293 5.24086e-06 9.34653e-05 0.00036546 2.06242e-05 0.00586902 0.7418
0.127572  425.481 0.0262951 3.29829e-06 0.218273 5.29479e-06 9.44764e-05 0.000367567 2.08771e-05 0.00589129 0.741734
0.127588  425.874 0.0262836 3.34001e-06 0.218253 5.34872e-06 9.54874e-05 0.000369673 2.11301e-05 0.00591355 0.741667
0.127604  426.267 0.026272 3.38173e-06 0.218233 5.40265e-06 9.64984e-05 0.000371779 2.13831e-05 0.00593582 0.741601
0.12762  426.703 0.0262671 3.44388e-06 0.218265 5.47705e-06 9.78379e-05 0.000373822 2.17168e-05 0.00596269 0.741768
0.127637  427.139 0.0262622 3.50603e-06 0.218297 5.55144e-06 9.91774e-05 0.000375864 2.20506e-05 0.00598957 0.741936
0.127653  427.575 0.0262574 3.56817e-06 0.218329 5.62584e-06 0.000100517 0.000377906 2.23844e-05 0.00601644 0.742104
0.127669  428.012 0.0262525 3.63032e-06 0.218362 5.70023e-06 0.000101856 0.000379949 2.27182e-05 0.00604331 0.742271
0.127686  428.448 0.0262493 3.69239e-06 0.218398 5.77468e-06 0.000103199 0.000382004 2.30582e-05 0.00607025 0.742475
0.127702  428.884 0.0262461 3.75446e-06 0.218435 5.84913e-06 0.000104542 0.00038406 2.33982e-05 0.00609719 0.74268
0.127718  429.32 0.0262429 3.81653e-06 0.218471 5.92358e-06 0.000105885 0.000386115 2.37382e-05 0.00612413 0.742884
0.127734  429.756 0.0262397 3.8786e-06 0.218508 5.99803e-06 0.000107227 0.000388171 2.40782e-05 0.00615107 0.743088
0.127751  430.192 0.0262292 3.93947e-06 0.218489 6.07079e-06 0.000108545 0.00039014 2.44019e-05 0.00617663 0.7431
0.127767  430.628 0.0262187 4.00034e-06 0.218471 6.14355e-06 0.000109863 0.00039211 2.47257e-05 0.0062022 0.743112
0.127783  431.064 0.0262081 4.0612e-06 0.218452 6.21631e-06 0.000111181 0.00039408 2.50494e-05 0.00622776 0.743123
0.127799  431.501 0.0261976 4.12207e-06 0.218434 6.28907e-06 0.000112499 0.00039605 2.53732e-05 0.00625332 0.743135
0.127816  431.937 0.026192 4.18362e-06 0.218458 6.36336e-06 0.000113844 0.000398117 2.57231e-05 0.00628021 0.743285
0.127832  432.373 0.0261864 4.24516e-06 0.218482 6.43765e-06 0.000115189 0.000400185 2.6073e-05 0.0063071 0.743435
0.127848  432.809 0.0261808 4.3067e-06 0.218506 6.51195e-06 0.000116535 0.000402253 2.64229e-05 0.006334 0.743585
0.127865  433.245 0.0261751 4.36824e-06 0.21853 6.58624e-06 0.00011788 0.000404321 2.67728e-05 0.00636089 0.743735
0.127881  433.688 0.026168 4.43172e-06 0.218524 6.65984e-06 0.000119237 0.000406285 2.70856e-05 0.0063869 0.74385
0.127897  434.131 0.0261609 4.49521e-06 0.218518 6.73343e-06 0.000120593 0.000408249 2.73984e-05 0.00641292 0.743965
0.127913  434.574 0.0261538 4.55869e-06 0.218512 6.80703e-06 0.00012195 0.000410213 2.77112e-05 0.00643893 0.74408
0.12793  435.017 0.0261467 4.62218e-06 0.218507 6.88062e-06 0.000123306 0.000412177 2.80239e-05 0.00646494 0.744195
0.127946  435.461 0.0261336 4.68438e-06 0.218454 6.95237e-06 0.000124636 0.000414052 2.83202e-05 0.00648957 0.744149
0.127962  435.904 0.0261204 4.74659e-06 0.218402 7.02411e-06 0.000125965 0.000415926 2.86165e-05 0.0065142 0.744103
0.127979  436.347 0.0261073 4.80879e-06 0.21835 7.09586e-06 0.000127294 0.000417801 2.89128e-05 0.00653883 0.744057
0.127995  436.79 0.0260941 4.87099e-06 0.218298 7.1676e-06 0.000128624 0.000419675 2.92091e-05 0.00656345 0.744011
0.128011  437.233 0.0260846 4.9337e-06 0.218278 7.24042e-06 0.000129973 0.000421616 2.95251e-05 0.00658898 0.744068
0.128027  437.676 0.0260751 4.9964e-06 0.218257 7.31325e-06 0.000131323 0.000423556 2.98411e-05 0.00661451 0.744124
0.128044  438.119 0.0260655 5.05911e-06 0.218237 7.38607e-06 0.000132673 0.000425496 3.01571e-05 0.00664004 0.74418
0.12806  438.563 0.026056 5.12181e-06 0.218217 7.45889e-06 0.000134022 0.000427436 3.04731e-05 0.00666557 0.744236
0.128076  439.006 0.0260484 5.18444e-06 0.218205 7.53158e-06 0.000135373 0.000429377 3.07935e-05 0.00669107 0.744336
0.128092  439.449 0.0260408 5.24706e-06 0.218194 7.60427e-06 0.000136723 0.000431317 3.11139e-05 0.00671656 0.744437
0.128109  439.892 0.0260332 5.30968e-06 0.218182 7.67696e-06 0.000138073 0.000433257 3.14343e-05 0.00674205 0.744538
0.128125  440.335 0.0260256 5.3723e-06 0.218171 7.74965e-06 0.000139424 0.000435198 3.17547e-05 0.00676755 0.744638
0.128158  441.311 0.0259994 5.54842e-06 0.218037 7.93266e-06 0.000142679 0.000438225 3.24109e-05 0.00681995 0.744511
0.12819  442.286 0.0259731 5.72454e-06 0.217903 8.11568e-06 0.000145934 0.000441253 3.30671e-05 0.00687235 0.744383
0.128223  443.262 0.0259522 5.90142e-06 0.217816 8.30014e-06 0.00014922 0.000444366 3.37527e-05 0.00692594 0.744404
0.128255  444.238 0.0259312 6.0783e-06 0.217729 8.4846e-06 0.000152505 0.000447479 3.44384e-05 0.00697953 0.744425
0.128288  445.213 0.0259139 6.25513e-06 0.217662 8.6688e-06 0.000155792 0.000450589 3.51328e-05 0.00703306 0.744534
0.12832  446.189 0.0258967 6.43196e-06 0.217595 8.853e-06 0.000159079 0.000453699 3.58272e-05 0.00708659 0.744643
0.128353  447.164 0.0258716 6.60625e-06 0.217466 9.0335e-06 0.000162312 0.000456652 3.64933e-05 0.00713775 0.744538
0.128385  448.139 0.0258466 6.78053e-06 0.217338 9.21401e-06 0.000165546 0.000459604 3.71593e-05 0.00718891 0.744433
0.128418  449.128 0.025831 6.9628e-06 0.21726 9.39229e-06 0.00016881 0.000462474 3.77328e-05 0.00724013 0.744549
0.128451  450.116 0.0258154 7.14507e-06 0.217181 9.57058e-06 0.000172075 0.000465343 3.83063e-05 0.00729135 0.744665
0.128483  451.104 0.0258033 7.32736e-06 0.217123 9.74875e-06 0.000175344 0.000468217 3.88893e-05 0.00734262 0.744865
0.128516  452.092 0.0257912 7.50966e-06 0.217066 9.92693e-06 0.000178614 0.00047109 3.94723e-05 0.00739389 0.745065
0.128548  453.08 0.0257729 7.68953e-06 0.21696 1.01018e-05 0.000181836 0.000473832 4.0032e-05 0.00744317 0.745095
0.128581  454.068 0.0257547 7.86939e-06 0.216854 1.02766e-05 0.000185058 0.000476574 4.05917e-05 0.00749245 0.745125
0.128613  455.056 0.025739 8.04959e-06 0.216773 1.04522e-05 0.0001883 0.000479359 4.11702e-05 0.00754232 0.74523
0.128646  456.044 0.0257233 8.22978e-06 0.216693 1.06278e-05 0.000191542 0.000482143 4.17488e-05 0.0075922 0.745336
0.128678  457.121 0.0257049 8.48004e-06 0.216561 1.08461e-05 0.000195348 0.00048406 4.23143e-05 0.00764434 0.745315
0.128711  458.198 0.0256865 8.73031e-06 0.216429 1.10644e-05 0.000199154 0.000485978 4.28798e-05 0.00769648 0.745294
0.128776  460.352 0.02564 9.2263e-06 0.216089 1.14953e-05 0.000206687 0.000489605 4.39788e-05 0.00779749 0.744986
0.128809  461.428 0.0256184 9.47447e-06 0.215936 1.17115e-05 0.000210472 0.00049145 4.4546e-05 0.00784842 0.744884
0.128841  462.505 0.0255968 9.72263e-06 0.215784 1.19276e-05 0.000214258 0.000493296 4.51131e-05 0.00789935 0.744781
0.128874  463.582 0.025578 9.97096e-06 0.21565 1.21442e-05 0.000218057 0.00049516 4.56945e-05 0.0079505 0.744749
0.128906  464.658 0.0255591 1.02193e-05 0.215516 1.23608e-05 0.000221857 0.000497023 4.62758e-05 0.00800165 0.744717
0.128971  466.833 0.0255149 1.07298e-05 0.215163 1.27765e-05 0.000229302 0.000500264 4.72138e-05 0.00809778 0.744211
0.129036  469.007 0.0254727 1.12403e-05 0.214833 1.31933e-05 0.00023678 0.00050355 4.81827e-05 0.00819434 0.743771
0.129102  471.181 0.0254351 1.17509e-05 0.214534 1.36111e-05 0.000244288 0.000506873 4.91806e-05 0.00829122 0.743452
0.129167  473.355 0.0253917 1.22573e-05 0.214189 1.40248e-05 0.000251744 0.000510069 5.01638e-05 0.00838567 0.742976
0.129232  475.697 0.0253694 1.29536e-05 0.213997 1.45325e-05 0.000260376 0.000512056 5.10088e-05 0.0084965 0.742957
0.129297  478.038 0.0253472 1.36498e-05 0.213805 1.50402e-05 0.000269009 0.000514042 5.18537e-05 0.00860732 0.742938
0.129362  480.38 0.0253249 1.43461e-05 0.213612 1.55478e-05 0.000277642 0.000516029 5.26987e-05 0.00871815 0.742919
0.129427  482.722 0.0253026 1.50424e-05 0.21342 1.60555e-05 0.000286275 0.000518016 5.35436e-05 0.00882897 0.7429
0.129557  487.439 0.025244 1.64594e-05 0.212942 1.70175e-05 0.000303079 0.000521016 5.4962e-05 0.00904525 0.74237
0.129688  492.155 0.0251855 1.78764e-05 0.212463 1.79794e-05 0.000319883 0.000524016 5.63805e-05 0.00926153 0.74184
0.129948  502.209 0.0250349 2.15936e-05 0.211379 2.02437e-05 0.000356667 0.00052472 5.83127e-05 0.00975342 0.739469
0.130208  512.315 0.0249788 2.54823e-05 0.211215 2.25072e-05 0.000394315 0.000526812 6.01745e-05 0.0103021 0.739722
0.130339  517.648 0.0249363 2.79615e-05 0.211103 2.3823e-05 0.000414199 0.000525916 6.03756e-05 0.010614 0.739891
0.130469  522.983 0.0248823 3.0413e-05 0.210882 2.51092e-05 0.000433722 0.000524584 6.05218e-05 0.0109184 0.739714
0.130599  528.344 0.0247925 3.29138e-05 0.210494 2.63938e-05 0.000453094 0.000522937 6.07959e-05 0.0112321 0.738561
0.130729  533.706 0.0247172 3.54217e-05 0.210213 2.76787e-05 0.000472568 0.000521381 6.11807e-05 0.0115492 0.737799
0.130859  539.314 0.0246827 3.86142e-05 0.210332 2.92152e-05 0.000493173 0.000519438 6.07088e-05 0.0119344 0.738518
0.13099  544.923 0.0246438 4.17922e-05 0.210425 3.07355e-05 0.000513623 0.000517309 6.02635e-05 0.0123173 0.739083
0.13112  550.561 0.0245954 4.50387e-05 0.210482 3.22874e-05 0.000534039 0.000514891 6.00679e-05 0.0127151 0.739932
0.13125  556.201 0.0245411 4.82651e-05 0.210487 3.38196e-05 0.000554228 0.000512154 5.98858e-05 0.0131089 0.740601
0.131315  559.128 0.0244785 5.01766e-05 0.210236 3.46839e-05 0.000563621 0.000509851 5.9305e-05 0.0133162 0.740028
0.13138  562.055 0.0244264 5.2116e-05 0.21007 3.55736e-05 0.000573375 0.000507825 5.88341e-05 0.0135294 0.739759
0.131445  564.983 0.0243704 5.40508e-05 0.209863 3.64654e-05 0.000583139 0.000505775 5.83852e-05 0.0137408 0.739363
0.13151  567.913 0.02431 5.59853e-05 0.209628 3.73655e-05 0.000592998 0.000503773 5.79811e-05 0.0139521 0.738857
0.131641  573.797 0.0242572 6.00786e-05 0.209703 3.93327e-05 0.000614206 0.000500837 5.78436e-05 0.0144274 0.73988
0.131771  579.687 0.0242037 6.41639e-05 0.20977 4.1298e-05 0.000635405 0.000497661 5.779e-05 0.0149036 0.740889
0.131836  582.717 0.024167 6.65465e-05 0.209704 4.24148e-05 0.000645011 0.000495484 5.72526e-05 0.0151551 0.741376
0.131901  585.749 0.0241358 6.89521e-05 0.209689 4.3557e-05 0.00065494 0.000493492 5.68041e-05 0.0154115 0.742041
0.131966  588.782 0.0241043 7.13599e-05 0.209664 4.47094e-05 0.000664974 0.000491523 5.63965e-05 0.0156682 0.742691
0.132031  591.817 0.0240683 7.37608e-05 0.209607 4.58672e-05 0.000675042 0.000489532 5.60157e-05 0.0159238 0.743221
0.132096  594.865 0.0240007 7.61255e-05 0.209269 4.70322e-05 0.000684391 0.000486904 5.58963e-05 0.0161639 0.742783
0.132161  597.914 0.0239331 7.84918e-05 0.208926 4.82059e-05 0.000693811 0.000484275 5.58129e-05 0.0164039 0.742341
0.132227  600.965 0.023862 8.0851e-05 0.208555 4.93832e-05 0.000703233 0.000481601 5.57516e-05 0.0166422 0.741805
0.132292  604.017 0.0237936 8.32224e-05 0.208206 5.05752e-05 0.000712803 0.000478979 5.57405e-05 0.0168822 0.741349
0.132357  607.133 0.0237547 8.60664e-05 0.208067 5.20146e-05 0.000721926 0.000476595 5.54383e-05 0.0171534 0.741654
0.132422  610.25 0.0237135 8.89048e-05 0.207907 5.34562e-05 0.000731033 0.000474163 5.51517e-05 0.0174228 0.741888
0.132487  613.368 0.0236741 9.1753e-05 0.207763 5.49089e-05 0.00074024 0.000471754 5.49014e-05 0.017693 0.742174
0.132552  616.487 0.0236351 9.46039e-05 0.207618 5.63675e-05 0.000749476 0.000469327 5.46735e-05 0.0179626 0.742463
0.132617  619.615 0.0236023 9.75134e-05 0.207485 5.78871e-05 0.000758574 0.000466776 5.47427e-05 0.01823 0.743039
0.132682  622.744 0.0235708 0.000100432 0.207362 5.94166e-05 0.000767751 0.000464241 5.48405e-05 0.018498 0.74365
0.132747  625.874 0.0235397 0.000103354 0.207241 6.09529e-05 0.000776963 0.000461698 5.49588e-05 0.0187656 0.744268
0.132812  629.005 0.0235074 0.000106275 0.207111 6.24935e-05 0.000786179 0.000459132 5.50917e-05 0.0190322 0.744851
0.132878  632.181 0.0234334 0.000109437 0.206624 6.42176e-05 0.000792981 0.000455772 5.48664e-05 0.0192789 0.744127
0.132943  635.358 0.0233595 0.000112602 0.206138 6.59487e-05 0.000799819 0.000452411 5.46623e-05 0.0195255 0.743412
0.133008  638.535 0.0232846 0.000115767 0.205645 6.76844e-05 0.000806662 0.000449034 5.44736e-05 0.0197711 0.74267
0.133073  641.714 0.0232102 0.000118937 0.205156 6.94288e-05 0.000813555 0.000445669 5.43068e-05 0.0200169 0.741947
0.133138  644.896 0.0231639 0.000122322 0.204897 7.13526e-05 0.00082151 0.000442889 5.46737e-05 0.0202844 0.741855
0.133203  648.079 0.023117 0.000125708 0.204632 7.32813e-05 0.000829472 0.000440104 5.50521e-05 0.020551 0.741743
0.133268  651.262 0.0230705 0.000129099 0.204371 7.52184e-05 0.000837475 0.000437335 5.54467e-05 0.0208176 0.741643
0.133333  654.447 0.0230241 0.000132495 0.204111 7.71628e-05 0.000845505 0.000434578 5.58545e-05 0.0210838 0.741546
0.133398  657.678 0.022982 0.000136768 0.203876 7.99286e-05 0.000849452 0.00043179 5.52689e-05 0.0213824 0.741535
0.133464  660.909 0.02294 0.000141042 0.203641 8.26943e-05 0.0008534 0.000429002 5.46832e-05 0.021681 0.741524
0.133529  664.14 0.0228979 0.000145316 0.203406 8.54601e-05 0.000857347 0.000426215 5.40976e-05 0.0219796 0.741512
0.133594  667.371 0.0228559 0.000149589 0.203171 8.82259e-05 0.000861294 0.000423427 5.3512e-05 0.0222783 0.741501
0.133659  670.604 0.0228138 0.000153854 0.202934 9.09816e-05 0.000865137 0.000420554 5.29444e-05 0.0225766 0.741484
0.133724  673.837 0.0227716 0.000158119 0.202698 9.37373e-05 0.00086898 0.000417682 5.23769e-05 0.022875 0.741466
0.133789  677.07 0.0227295 0.000162384 0.202461 9.64931e-05 0.000872822 0.000414809 5.18094e-05 0.0231734 0.741448
0.133854  680.303 0.0226874 0.000166649 0.202225 9.92488e-05 0.000876665 0.000411937 5.12418e-05 0.0234718 0.741431
0.133919  683.538 0.0226455 0.000170909 0.20199 0.000101996 0.000880418 0.000409018 5.06832e-05 0.0237703 0.741418
0.133984  686.773 0.0226037 0.000175168 0.201756 0.000104743 0.000884171 0.000406098 5.01246e-05 0.0240688 0.741406
0.134049  690.008 0.0225619 0.000179428 0.201521 0.00010749 0.000887924 0.000403179 4.9566e-05 0.0243673 0.741394
0.134115  693.243 0.0225201 0.000183688 0.201286 0.000110237 0.000891677 0.000400259 4.90074e-05 0.0246658 0.741381
0.13418  696.479 0.0224784 0.000187942 0.201052 0.000112975 0.00089534 0.00039731 4.84475e-05 0.0249643 0.74137
0.134245  699.715 0.0224366 0.000192197 0.200818 0.000115714 0.000899004 0.000394361 4.78876e-05 0.0252628 0.741359
0.13431  702.951 0.0223949 0.000196451 0.200584 0.000118452 0.000902667 0.000391412 4.73277e-05 0.0255614 0.741349
0.134375  706.187 0.0223531 0.000200705 0.20035 0.00012119 0.00090633 0.000388463 4.67678e-05 0.0258599 0.741338
0.13444  709.396 0.0223094 0.000205009 0.200123 0.0001243 0.000909243 0.000385586 4.64162e-05 0.026164 0.741341
0.134505  712.605 0.0222657 0.000209314 0.199896 0.000127411 0.000912157 0.000382708 4.60646e-05 0.0264681 0.741344
0.13457  715.815 0.0222219 0.000213618 0.199669 0.000130521 0.00091507 0.000379831 4.57129e-05 0.0267722 0.741347
0.134635  719.024 0.0221782 0.000217922 0.199442 0.000133631 0.000917983 0.000376953 4.53613e-05 0.0270764 0.74135
0.1347  722.234 0.0221346 0.000222224 0.199217 0.000136735 0.000920836 0.000374071 4.49939e-05 0.0273808 0.741358
0.134766  725.444 0.022091 0.000226526 0.198992 0.000139838 0.00092369 0.000371188 4.46264e-05 0.0276852 0.741366
0.134831  728.654 0.0220474 0.000230827 0.198767 0.000142941 0.000926543 0.000368306 4.4259e-05 0.0279897 0.741375
0.134896  731.864 0.0220038 0.000235129 0.198542 0.000146045 0.000929396 0.000365423 4.38916e-05 0.0282941 0.741383
0.134961  735.075 0.0219603 0.000239427 0.198318 0.000149142 0.000932194 0.000362539 4.35021e-05 0.0285988 0.741395
0.135026  738.285 0.0219168 0.000243725 0.198094 0.000152238 0.000934991 0.000359654 4.31127e-05 0.0289034 0.741407
0.135091  741.496 0.0218732 0.000248023 0.19787 0.000155335 0.000937788 0.000356769 4.27232e-05 0.0292081 0.741419
0.135156  744.706 0.0218297 0.000252322 0.197646 0.000158432 0.000940585 0.000353885 4.23338e-05 0.0295127 0.741431
0.135221  747.917 0.021786 0.000256613 0.197421 0.000161522 0.000943323 0.000350998 4.19168e-05 0.0298173 0.741437
0.135286  751.127 0.0217422 0.000260905 0.197195 0.000164612 0.000946062 0.000348111 4.14998e-05 0.0301219 0.741443
0.135352  754.338 0.0216984 0.000265197 0.19697 0.000167703 0.0009488 0.000345224 4.10828e-05 0.0304265 0.741449
0.135417  757.548 0.0216547 0.000269489 0.196744 0.000170793 0.000951538 0.000342337 4.06658e-05 0.0307311 0.741455
0.135482  760.676 0.0216033 0.000274949 0.19649 0.000177406 0.000951803 0.000339963 4.02937e-05 0.0310746 0.741471
0.135547  763.803 0.0215519 0.000280408 0.196235 0.000184018 0.000952068 0.000337589 3.99217e-05 0.031418 0.741486
0.135612  766.93 0.0215005 0.000285867 0.195981 0.000190631 0.000952334 0.000335215 3.95497e-05 0.0317614 0.741502
0.135677  770.057 0.0214491 0.000291327 0.195727 0.000197244 0.000952599 0.00033284 3.91777e-05 0.0321048 0.741517
0.135742  773.184 0.0213978 0.000296782 0.195473 0.000203845 0.000952833 0.000330468 3.8771e-05 0.0324485 0.741538
0.135807  776.311 0.0213465 0.000302237 0.19522 0.000210445 0.000953068 0.000328097 3.83643e-05 0.0327921 0.741558
0.135872  779.438 0.0212952 0.000307693 0.194966 0.000217046 0.000953302 0.000325725 3.79575e-05 0.0331357 0.741578
0.135937  782.565 0.0212439 0.000313148 0.194713 0.000223647 0.000953537 0.000323353 3.75508e-05 0.0334793 0.741598
0.136003  785.693 0.0211924 0.000318596 0.194458 0.000230233 0.000953734 0.000320978 3.7105e-05 0.0338227 0.741613
0.136068  788.82 0.0211409 0.000324043 0.194203 0.000236819 0.000953931 0.000318604 3.66591e-05 0.0341661 0.741627
0.136133  791.947 0.0210894 0.000329491 0.193948 0.000243406 0.000954127 0.00031623 3.62133e-05 0.0345095 0.741641
0.136198  795.074 0.0210379 0.000334938 0.193692 0.000249992 0.000954324 0.000313856 3.57674e-05 0.0348529 0.741656
0.136263  798.201 0.0209864 0.000340381 0.193438 0.000256568 0.000954499 0.000311483 3.52806e-05 0.0351964 0.741671
0.136328  801.328 0.0209349 0.000345825 0.193183 0.000263143 0.000954673 0.00030911 3.47938e-05 0.03554 0.741687
0.136393  804.455 0.0208834 0.000351268 0.192928 0.000269719 0.000954847 0.000306737 3.4307e-05 0.0358835 0.741703
0.136458  807.582 0.0208319 0.000356711 0.192673 0.000276294 0.000955021 0.000304364 3.38203e-05 0.0362271 0.741719
0.136523  810.684 0.0207777 0.000362142 0.192406 0.00028345 0.000955494 0.00030205 3.32357e-05 0.0365751 0.74173
0.136589  813.785 0.0207236 0.000367574 0.192138 0.000290605 0.000955967 0.000299736 3.26512e-05 0.0369231 0.741742
0.136654  816.887 0.0206694 0.000373005 0.191871 0.000297761 0.00095644 0.000297422 3.20666e-05 0.0372711 0.741753
0.136719  819.989 0.0206152 0.000378436 0.191603 0.000304916 0.000956913 0.000295108 3.14821e-05 0.0376191 0.741765
0.136784  823.09 0.0205608 0.000383859 0.191334 0.000312058 0.000957357 0.000292792 3.08534e-05 0.0379668 0.741771
0.136849  826.191 0.0205065 0.000389283 0.191065 0.000319199 0.000957802 0.000290475 3.02248e-05 0.0383146 0.741777
0.136914  829.293 0.0204521 0.000394706 0.190796 0.000326341 0.000958247 0.000288159 2.95962e-05 0.0386623 0.741784
0.136979  832.394 0.0203977 0.000400129 0.190527 0.000333482 0.000958691 0.000285843 2.89675e-05 0.03901 0.74179
0.137044  835.495 0.0203434 0.000405547 0.190257 0.000340613 0.000959118 0.000283527 2.82952e-05 0.0393577 0.741796
0.137109  838.596 0.020289 0.000410965 0.189988 0.000347744 0.000959545 0.000281212 2.76229e-05 0.0397054 0.741801
0.137174  841.697 0.0202346 0.000416383 0.189719 0.000354875 0.000959972 0.000278896 2.69505e-05 0.0400531 0.741807
0.13724  844.798 0.0201802 0.000421802 0.189449 0.000362006 0.000960398 0.00027658 2.62782e-05 0.0404009 0.741813
0.137305  847.898 0.020126 0.000427217 0.189181 0.000369129 0.000960813 0.000274267 2.5563e-05 0.0407488 0.741823
0.13737  850.999 0.0200717 0.000432633 0.188912 0.000376252 0.000961229 0.000271954 2.48478e-05 0.0410966 0.741833
0.137435  854.1 0.0200175 0.000438049 0.188644 0.000383375 0.000961644 0.000269641 2.41325e-05 0.0414445 0.741843
0.1375  857.2 0.0199632 0.000443465 0.188375 0.000390498 0.000962059 0.000267328 2.34173e-05 0.0417924 0.741853
0.13763  863.169 0.0198457 0.000456152 0.187726 0.00041563 0.000966519 0.00026372 2.32999e-05 0.0425745 0.741836
0.13776  869.138 0.0197282 0.00046884 0.187077 0.000440762 0.00097098 0.000260113 2.31824e-05 0.0433565 0.74182
0.137891  875.106 0.0196106 0.000481517 0.186427 0.000465852 0.000975405 0.000256506 2.29773e-05 0.0441382 0.7418
0.138021  881.074 0.0194931 0.000494193 0.185777 0.000490943 0.00097983 0.000252899 2.27721e-05 0.0449199 0.741781
0.138151  887.041 0.0193757 0.000506865 0.185129 0.000515999 0.000984235 0.000249295 2.24816e-05 0.0457018 0.741769
0.138281  893.009 0.0192583 0.000519536 0.184482 0.000541055 0.000988641 0.000245691 2.21911e-05 0.0464837 0.741756
0.138411  898.975 0.0191408 0.000532194 0.183832 0.000566071 0.000993015 0.000242085 2.18174e-05 0.0472651 0.74174
0.138542  904.942 0.0190233 0.000544853 0.183183 0.000591088 0.000997389 0.000238479 2.14437e-05 0.0480465 0.741724
0.138672  910.866 0.018906 0.000557475 0.182506 0.000617 0.0010028 0.000234956 2.05788e-05 0.0488391 0.741677
0.138802  916.791 0.0187887 0.000570098 0.181829 0.000642911 0.00100822 0.000231434 1.97139e-05 0.0496316 0.741631
0.138932  922.714 0.0186715 0.000582716 0.181154 0.000668795 0.00101362 0.000227913 1.87754e-05 0.0504244 0.74159
0.139063  928.638 0.0185543 0.000595334 0.180478 0.000694678 0.00101902 0.000224392 1.78369e-05 0.0512172 0.741549
0.139193  934.56 0.0184371 0.000607941 0.179802 0.000720529 0.00102441 0.00022087 1.68294e-05 0.0520097 0.741506
0.139323  940.483 0.0183198 0.000620548 0.179125 0.000746381 0.00102979 0.000217349 1.58219e-05 0.0528022 0.741463
0.139453  946.404 0.0182025 0.000633145 0.178448 0.000772203 0.00103515 0.000213828 1.47506e-05 0.0535945 0.741416
0.139583  952.326 0.0180852 0.000645742 0.17777 0.000798026 0.00104051 0.000210308 1.36793e-05 0.0543868 0.74137
0.139714  958.003 0.0179632 0.00065976 0.176966 0.000835573 0.00105432 0.000207599 1.37042e-05 0.0552878 0.741319
0.139844  963.681 0.0178412 0.000673777 0.176163 0.00087312 0.00106813 0.000204889 1.3729e-05 0.0561888 0.741268
0.139974  969.357 0.0177193 0.000687785 0.175359 0.000910621 0.00108191 0.000202181 1.36964e-05 0.0570896 0.741217
0.140104  975.034 0.0175973 0.000701793 0.174555 0.000948123 0.00109569 0.000199472 1.36637e-05 0.0579903 0.741166
0.140234  980.71 0.0174752 0.000715791 0.17375 0.00098558 0.00110944 0.000196763 1.35778e-05 0.0588907 0.741112
0.140365  986.386 0.0173531 0.000729789 0.172946 0.00102304 0.00112319 0.000194054 1.34919e-05 0.0597911 0.741057
0.140495  992.061 0.0172311 0.000743782 0.172142 0.00106046 0.00113693 0.000191345 1.33571e-05 0.0606917 0.741006
0.140625  997.736 0.0171091 0.000757776 0.171338 0.00109788 0.00115067 0.000188636 1.32224e-05 0.0615922 0.740954
0.140755  1003.36 0.0169874 0.000771724 0.170521 0.00113565 0.00116541 0.000185992 1.2721e-05 0.0625073 0.740925
0.140885  1008.99 0.0168658 0.000785672 0.169705 0.00117342 0.00118016 0.000183348 1.22196e-05 0.0634224 0.740896
0.141016  1014.62 0.0167441 0.000799611 0.168889 0.00121115 0.00119489 0.000180704 1.1679e-05 0.0643373 0.740865
0.141146  1020.25 0.0166224 0.000813551 0.168072 0.00124888 0.00120961 0.000178059 1.11383e-05 0.0652522 0.740834
0.141276  1025.87 0.0165007 0.000827487 0.167256 0.00128659 0.00122433 0.000175414 1.05628e-05 0.0661672 0.740804
0.141406  1031.5 0.016379 0.000841423 0.166439 0.0013243 0.00123904 0.00017277 9.98723e-06 0.0670823 0.740774
0.141536  1037.13 0.0162574 0.000855355 0.165623 0.00136198 0.00125375 0.000170127 9.38088e-06 0.0679974 0.740744
0.141667  1042.75 0.0161357 0.000869287 0.164806 0.00139967 0.00126845 0.000167483 8.77453e-06 0.0689126 0.740715
0.141797  1048.1 0.0160102 0.000883779 0.163851 0.00144653 0.00129325 0.000165399 8.76914e-06 0.0699302 0.74069
0.141927  1053.46 0.0158846 0.000898271 0.162895 0.00149339 0.00131806 0.000163314 8.76375e-06 0.0709478 0.740666
0.142057  1058.81 0.0157591 0.00091276 0.16194 0.00154023 0.00134284 0.00016123 8.73288e-06 0.0719654 0.740643
0.142188  1064.16 0.0156336 0.000927248 0.160985 0.00158706 0.00136762 0.000159145 8.70201e-06 0.072983 0.740619
0.142318  1069.51 0.015508 0.000941733 0.16003 0.00163386 0.00139238 0.000157061 8.64856e-06 0.0740006 0.740596
0.142448  1074.86 0.0153825 0.000956218 0.159075 0.00168067 0.00141714 0.000154977 8.59511e-06 0.0750182 0.740573
0.142578  1080.21 0.015257 0.000970698 0.15812 0.00172744 0.00144188 0.000152893 8.52171e-06 0.0760357 0.740549
0.142708  1085.56 0.0151314 0.000985177 0.157165 0.00177422 0.00146662 0.000150808 8.44831e-06 0.0770533 0.740525
0.142839  1090.86 0.0150049 0.00099943 0.15619 0.0018206 0.00149199 0.000148753 8.21487e-06 0.0780749 0.740472
0.142969  1096.16 0.0148785 0.00101368 0.155215 0.00186699 0.00151737 0.000146697 7.98143e-06 0.0790965 0.740418
0.143099  1101.46 0.014752 0.00102793 0.154239 0.00191336 0.00154273 0.000144641 7.7332e-06 0.0801181 0.740365
0.143229  1106.76 0.0146255 0.00104218 0.153264 0.00195973 0.00156809 0.000142585 7.48496e-06 0.0811397 0.740312
0.143359  1112.06 0.014499 0.00105643 0.152289 0.00200608 0.00159343 0.000140529 7.22407e-06 0.0821612 0.740258
0.14349  1117.35 0.0143725 0.00107067 0.151313 0.00205242 0.00161877 0.000138473 6.96318e-06 0.0831828 0.740204
0.14362  1122.65 0.014246 0.00108492 0.150337 0.00209876 0.0016441 0.000136417 6.6916e-06 0.0842043 0.74015
0.14375  1127.95 0.0141196 0.00109916 0.149361 0.00214509 0.00166944 0.000134361 6.42003e-06 0.0852259 0.740097
0.14401  1137.89 0.0138714 0.00112665 0.147222 0.00224659 0.00173892 0.000131037 6.40061e-06 0.0874024 0.740098
0.144271  1147.84 0.0136233 0.00115415 0.145083 0.00234805 0.00180837 0.000127713 6.36468e-06 0.0895788 0.740099
0.144531  1157.78 0.0133752 0.00118164 0.142944 0.00244949 0.00187778 0.000124388 6.31468e-06 0.091755 0.740099
0.144792  1167.72 0.0131272 0.00120913 0.140805 0.0025509 0.00194716 0.000121064 6.25268e-06 0.0939314 0.7401
0.145052  1177.55 0.01288 0.001236 0.138651 0.00265056 0.00201708 0.00011778 6.09827e-06 0.0961023 0.740158
0.145313  1187.38 0.0126328 0.00126287 0.136497 0.00275022 0.00208698 0.000114496 5.93557e-06 0.0982733 0.740215
0.145573  1197.21 0.0123857 0.00128974 0.134344 0.00284987 0.00215687 0.000111212 5.76606e-06 0.100444 0.740272
0.145833  1207.04 0.0121386 0.00131662 0.13219 0.00294952 0.00222675 0.000107929 5.59104e-06 0.102616 0.74033
0.146094  1216.12 0.0119044 0.00134002 0.129944 0.00304615 0.00230963 0.000105199 5.60728e-06 0.104757 0.740294
0.146354  1225.19 0.0116702 0.00136342 0.127697 0.00314277 0.00239248 0.000102468 5.61945e-06 0.106897 0.740257
0.146615  1234.26 0.011436 0.00138683 0.12545 0.00323939 0.00247531 9.97375e-05 5.62824e-06 0.109038 0.74022
0.146875  1243.33 0.0112018 0.00141024 0.123204 0.00333601 0.00255812 9.7006e-05 5.63427e-06 0.111179 0.740184
0.147135  1252.29 0.0109719 0.00143317 0.120968 0.00343062 0.00264092 9.43187e-05 5.62222e-06 0.1133 0.740162
0.147396  1261.26 0.0107419 0.00145611 0.118733 0.00352522 0.00272371 9.16307e-05 5.60836e-06 0.11542 0.74014
0.147656  1270.22 0.010512 0.00147906 0.116498 0.00361982 0.00280648 8.89424e-05 5.59307e-06 0.117541 0.740117
0.147917  1279.18 0.0102821 0.00150202 0.114262 0.00371441 0.00288926 8.62546e-05 5.57666e-06 0.119661 0.740095
0.148177  1287.32 0.010079 0.00152032 0.112124 0.00379752 0.00297847 8.40492e-05 5.61987e-06 0.121639 0.740011
0.148438  1295.45 0.00987582 0.00153864 0.109985 0.00388062 0.00306766 8.18438e-05 5.66227e-06 0.123616 0.739926
0.148698  1303.59 0.00967271 0.00155697 0.107845 0.00396371 0.00315685 7.96379e-05 5.70403e-06 0.125593 0.739841
0.148958  1311.72 0.00946963 0.00157533 0.105706 0.00404679 0.00324603 7.74315e-05 5.7453e-06 0.12757 0.739756
0.149219  1319.75 0.00927389 0.00159418 0.10362 0.00413053 0.00333673 7.52929e-05 5.7882e-06 0.129562 0.739792
0.149479  1327.77 0.00907819 0.00161306 0.101534 0.00421425 0.00342743 7.31541e-05 5.83083e-06 0.131553 0.739826
0.14974  1335.8 0.00888254 0.00163197 0.0994485 0.00429793 0.00351815 7.10158e-05 5.87331e-06 0.133545 0.739862
0.15  1343.82 0.0086869 0.00165092 0.0973621 0.00438155 0.00360887 6.88789e-05 5.9157e-06 0.135537 0.739897
0.15026  1350.52 0.00853553 0.00166137 0.0956096 0.00443862 0.0036969 6.73337e-05 5.97217e-06 0.137172 0.739937
0.150521  1357.21 0.00838416 0.00167182 0.0938571 0.0044957 0.00378493 6.57886e-05 6.02863e-06 0.138807 0.739978
0.150781  1363.91 0.0082329 0.0016823 0.0921054 0.00455292 0.00387298 6.42427e-05 6.08477e-06 0.140442 0.740021
0.151042  1370.61 0.00808164 0.00169278 0.0903536 0.00461013 0.00396102 6.26969e-05 6.14092e-06 0.142077 0.740063
0.151302  1377.3 0.0079305 0.00170328 0.0886026 0.00466745 0.00404907 6.11502e-05 6.19686e-06 0.143711 0.740108
0.151563  1384 0.00777936 0.00171377 0.0868516 0.00472477 0.00413711 5.96034e-05 6.25281e-06 0.145346 0.740152
0.151823  1390.7 0.00762825 0.00172428 0.0851007 0.00478216 0.00422513 5.80557e-05 6.30862e-06 0.146979 0.740193
0.152083  1397.4 0.00747715 0.00173479 0.0833499 0.00483954 0.00431315 5.65079e-05 6.36443e-06 0.148612 0.740233
0.152604  1410.4 0.00718869 0.00175294 0.0800126 0.00494576 0.00448427 5.35543e-05 6.47467e-06 0.15173 0.740374
0.153125  1423.41 0.00690038 0.00177114 0.0766772 0.00505215 0.00465541 5.06002e-05 6.5849e-06 0.154849 0.74052
0.153646  1436.41 0.00661214 0.00178937 0.0733434 0.00515863 0.00482654 4.76457e-05 6.69508e-06 0.157966 0.740663
0.154167  1449.41 0.00632402 0.00180763 0.0700127 0.00526518 0.00499764 4.46931e-05 6.80519e-06 0.161081 0.740807
0.154688  1459.45 0.00614415 0.0018061 0.0677936 0.00530604 0.00513734 4.29323e-05 6.88932e-06 0.163097 0.740879
0.155208  1469.51 0.00596427 0.00180461 0.0655729 0.00534708 0.00527706 4.11707e-05 6.97338e-06 0.165114 0.740947
0.155729  1479.56 0.00578448 0.00180318 0.0633514 0.00538829 0.00541683 3.94077e-05 7.0574e-06 0.167131 0.741014
0.15625  1489.62 0.00560484 0.00180182 0.0611302 0.00542967 0.00555668 3.76439e-05 7.1414e-06 0.169149 0.741084
0.156771  1499.4 0.00543483 0.00179922 0.0590301 0.00546787 0.00569239 3.59692e-05 7.22461e-06 0.171077 0.741199
0.157292  1509.18 0.00526493 0.00179669 0.0569303 0.00550619 0.00582813 3.42937e-05 7.30772e-06 0.173004 0.741311
0.157813  1518.96 0.00509516 0.00179423 0.0548318 0.00554465 0.00596393 3.26183e-05 7.39073e-06 0.174931 0.741427
0.158333  1528.74 0.00492552 0.00179183 0.0527351 0.0055832 0.00609974 3.09441e-05 7.47356e-06 0.176858 0.741544
0.158854  1536.39 0.00482729 0.00177854 0.0514538 0.00558018 0.00619968 2.99776e-05 7.52305e-06 0.178016 0.741589
0.159375  1544.04 0.0047291 0.00176531 0.0501713 0.00557732 0.00629971 2.90106e-05 7.57239e-06 0.179176 0.741633
0.159896  1551.7 0.00463101 0.00175217 0.048888 0.00557461 0.00639982 2.80428e-05 7.6216e-06 0.180335 0.741677
0.160417  1559.35 0.00453301 0.00173911 0.0476042 0.00557202 0.00650001 2.70744e-05 7.67069e-06 0.181496 0.741723
0.160938  1566.83 0.00444125 0.001726 0.0463902 0.00556831 0.00659673 2.61528e-05 7.71751e-06 0.182611 0.741791
0.161458  1574.31 0.00434956 0.00171297 0.0451758 0.00556467 0.00669351 2.52308e-05 7.76421e-06 0.183727 0.741859
0.161979  1581.79 0.00425794 0.00170002 0.0439613 0.00556106 0.00679032 2.43086e-05 7.81081e-06 0.184843 0.741928
0.1625  1589.26 0.00416637 0.00168714 0.0427468 0.0055574 0.00688709 2.33869e-05 7.85732e-06 0.185959 0.741998
0.163542  1601.28 0.0040619 0.00165281 0.0412822 0.00550478 0.0070196 2.22973e-05 7.8915e-06 0.187312 0.742021
0.164583  1613.3 0.00395759 0.00161855 0.0398168 0.00545284 0.00715243 2.12064e-05 7.92527e-06 0.188665 0.742045
0.165625  1625.09 0.00386102 0.00158522 0.0384237 0.00540023 0.00727981 2.01612e-05 7.9541e-06 0.18998 0.742103
0.166667  1636.88 0.00376457 0.00155192 0.0370322 0.00534791 0.00740725 1.91163e-05 7.98259e-06 0.191293 0.742161
0.167708  1646.61 0.00370741 0.0015172 0.0361565 0.00527309 0.0074892 1.84574e-05 7.96894e-06 0.192149 0.742158
0.16875  1656.35 0.00365029 0.00148249 0.0352804 0.00519852 0.00757131 1.7798e-05 7.95516e-06 0.193005 0.742154
0.169792  1665.93 0.00359789 0.00144903 0.034437 0.00512366 0.00764919 1.71597e-05 7.93743e-06 0.193844 0.742173
0.170833  1675.51 0.00354552 0.00141556 0.0335945 0.00504894 0.00772712 1.65215e-05 7.91959e-06 0.194681 0.74219
0.171875  1683.6 0.00351183 0.00138381 0.0330159 0.00496479 0.00777321 1.6083e-05 7.87542e-06 0.19529 0.742184
0.172917  1691.69 0.00347813 0.00135205 0.0324374 0.00488077 0.00781946 1.56442e-05 7.83131e-06 0.195899 0.74218
0.173958  1699.67 0.00344745 0.00132158 0.0318703 0.00479708 0.00786263 1.52141e-05 7.78431e-06 0.196498 0.742186
0.175  1707.65 0.00341675 0.00129109 0.0313037 0.0047135 0.00790591 1.47842e-05 7.73746e-06 0.197096 0.742192
0.176042  1714.5 0.00339474 0.00126338 0.03087 0.00462761 0.00792725 1.44619e-05 7.67586e-06 0.197577 0.742193
0.177083  1721.35 0.0033726 0.00123562 0.0304353 0.00454172 0.00794867 1.41391e-05 7.61441e-06 0.198058 0.742192
0.178125  1728.12 0.00335248 0.00120908 0.0299997 0.00445674 0.00796793 1.38184e-05 7.55063e-06 0.19853 0.742193
0.179167  1734.88 0.00333221 0.00118252 0.0295618 0.00437173 0.00798723 1.34973e-05 7.48716e-06 0.199009 0.742202
0.18125  1746.65 0.00330064 0.00113531 0.0288258 0.00420488 0.00799569 1.29801e-05 7.3453e-06 0.199833 0.742251
0.183333  1758.29 0.00327298 0.00109032 0.028086 0.00404126 0.00800159 1.24642e-05 7.19908e-06 0.200631 0.74231
0.185417  1768.52 0.00325005 0.00105079 0.0274229 0.00388463 0.00798588 1.20274e-05 7.04622e-06 0.201331 0.742368
0.1875  1778.66 0.00323013 0.00101328 0.0267545 0.00373281 0.00796922 1.15905e-05 6.88939e-06 0.202003 0.742433
0.189583  1787.64 0.00321274 0.000980626 0.0261369 0.00359094 0.00793768 1.12091e-05 6.73132e-06 0.202596 0.742474
0.191667  1796.57 0.00319754 0.000949884 0.0255249 0.00345684 0.00790806 1.08308e-05 6.57068e-06 0.203166 0.742619
0.19375  1804.53 0.00318239 0.000923301 0.0249591 0.0033361 0.00786868 1.04966e-05 6.41189e-06 0.203612 0.742523
0.195833  1812.45 0.00316814 0.000899072 0.0244301 0.00323023 0.0078392 1.0176e-05 6.25586e-06 0.204076 0.742712
0.197917  1819.57 0.00314869 0.000878417 0.0239592 0.00314313 0.00780702 9.89851e-06 6.10808e-06 0.204388 0.742414
0.2  1826.64 0.00312518 0.00086216 0.0235605 0.00308414 0.00780486 9.64931e-06 5.9764e-06 0.204859 0.742428
0.203125  1834.21 0.00310086 0.000842681 0.0232113 0.00301855 0.00777809 9.41867e-06 5.82148e-06 0.205311 0.742438
0.20625  1841.81 0.00307665 0.000823087 0.0228637 0.00295261 0.00775132 9.18818e-06 5.66634e-06 0.205762 0.742448
0.209375  1849.43 0.00305245 0.000803392 0.0225169 0.00288643 0.00772453 8.95768e-06 5.51096e-06 0.206214 0.742458
0.2125  1857.06 0.00302821 0.000783608 0.0221708 0.00282006 0.00769779 8.7271e-06 5.35543e-06 0.206665 0.742468
0.215625  1864.83 0.00300698 0.000762489 0.0218336 0.00275111 0.00768069 8.49428e-06 5.20289e-06 0.207103 0.742491
0.21875  1872.63 0.00298567 0.000741303 0.0214969 0.00268208 0.0076637 8.26137e-06 5.05028e-06 0.207541 0.742514
0.221875  1880.43 0.00296427 0.000720057 0.0211607 0.00261302 0.00764689 8.02844e-06 4.8976e-06 0.207979 0.742538
0.225  1888.26 0.00294278 0.00069876 0.0208257 0.00254397 0.00763033 7.79567e-06 4.74488e-06 0.208416 0.742561
0.228125  1896.87 0.00292345 0.000683101 0.0205726 0.00249555 0.00763376 7.6071e-06 4.6029e-06 0.20873 0.742566
0.23125  1905.5 0.002904 0.000667375 0.0203197 0.00244694 0.00763714 7.4185e-06 4.46087e-06 0.209045 0.742572
0.234375  1914.13 0.00288442 0.000651586 0.020067 0.00239819 0.00764047 7.22987e-06 4.31877e-06 0.209361 0.742578
0.2375  1922.77 0.00286471 0.000635732 0.0198146 0.00234932 0.00764373 7.04122e-06 4.17662e-06 0.209677 0.742582
0.240625  1931.43 0.00284451 0.000619368 0.0195774 0.00230243 0.0076538 6.85741e-06 4.03735e-06 0.209986 0.742594
0.24375  1940.1 0.00282413 0.000602937 0.0193398 0.00225535 0.00766366 6.67343e-06 3.898e-06 0.210296 0.742602
0.246875  1948.77 0.00280359 0.000586443 0.0191015 0.00220809 0.00767332 6.48918e-06 3.75859e-06 0.210608 0.742619
0.25  1957.44 0.0027828 0.000569873 0.01886 0.00216054 0.00768246 6.30413e-06 3.61905e-06 0.210919 0.742631
0.253125  1965.52 0.00276103 0.000557347 0.0186529 0.00212027 0.00767833 6.17081e-06 3.51799e-06 0.211206 0.742617
0.25625  1973.6 0.00273925 0.00054482 0.0184458 0.00208 0.0076742 6.03749e-06 3.41693e-06 0.211494 0.742603
0.259375  1981.69 0.00271751 0.000532271 0.0182393 0.00203959 0.00766984 5.90429e-06 3.31576e-06 0.211781 0.742589
0.2625  1989.78 0.00269576 0.000519722 0.0180327 0.00199918 0.00766548 5.77108e-06 3.21459e-06 0.212067 0.742575
0.265625  1997.87 0.00267401 0.000507158 0.0178262 0.00195871 0.00766099 5.63789e-06 3.11341e-06 0.212354 0.742561
0.26875  2005.97 0.00265226 0.000494593 0.0176196 0.00191823 0.00765649 5.5047e-06 3.01222e-06 0.212641 0.742548
0.271875  2014.07 0.00263048 0.000482018 0.0174131 0.00187773 0.00765192 5.3715e-06 2.91109e-06 0.212928 0.742533
0.275  2022.17 0.0026087 0.000469443 0.0172065 0.00183722 0.00764735 5.23831e-06 2.80996e-06 0.213215 0.742519
0.278125  2030.26 0.00258736 0.000456485 0.0170095 0.00179681 0.00764903 5.10997e-06 2.71076e-06 0.21349 0.742506
0.28125  2038.35 0.00256602 0.000443527 0.0168126 0.00175639 0.00765072 4.98163e-06 2.61156e-06 0.213765 0.742493
0.284375  2046.45 0.00254465 0.000430567 0.0166152 0.00171598 0.00765235 4.85325e-06 2.51247e-06 0.214041 0.74248
0.2875  2054.54 0.00252328 0.000417607 0.0164179 0.00167556 0.00765398 4.72488e-06 2.41339e-06 0.214317 0.742466
0.290625  2062.63 0.00250187 0.000404649 0.0162202 0.00163516 0.00765552 4.59654e-06 2.31451e-06 0.214592 0.742453
0.29375  2070.72 0.00248046 0.000391692 0.0160225 0.00159475 0.00765706 4.4682e-06 2.21563e-06 0.214868 0.74244
0.296875  2078.76 0.002459 0.000378744 0.0158243 0.00155438 0.00765829 4.34007e-06 2.11721e-06 0.215144 0.742427
0.3  2086.81 0.00243755 0.000365797 0.0156261 0.00151401 0.00765952 4.21195e-06 2.0188e-06 0.215421 0.742414
0.309375  2093.37 0.00240651 0.000355794 0.0154556 0.00148085 0.00761102 4.11667e-06 1.94834e-06 0.21572 0.742398
0.31875  2099.93 0.00237548 0.000345792 0.0152851 0.0014477 0.00756252 4.02138e-06 1.87788e-06 0.216019 0.742382
0.328125  2106.52 0.00234443 0.000335729 0.0151143 0.00141425 0.00751367 3.92574e-06 1.80699e-06 0.216318 0.742366
0.3375  2113.1 0.00231337 0.000325667 0.0149436 0.0013808 0.00746482 3.8301e-06 1.7361e-06 0.216618 0.74235
0.346875  2119.71 0.00228227 0.000315568 0.0147721 0.00134722 0.00741589 3.73408e-06 1.66492e-06 0.216919 0.742334
0.35625  2126.32 0.00225117 0.00030547 0.0146007 0.00131363 0.00736695 3.63805e-06 1.59374e-06 0.21722 0.742318
0.365625  2132.92 0.00222007 0.000295367 0.0144283 0.00128002 0.00731799 3.54183e-06 1.52253e-06 0.217522 0.742302
0.375  2139.53 0.00218898 0.000285264 0.014256 0.0012464 0.00726902 3.4456e-06 1.45132e-06 0.217824 0.742286
0.4875  2137.15 0.00219074 0.000305329 0.0143601 0.00133686 0.00714954 3.27496e-06 1.35892e-06 0.217726 0.742285
0.65625  2133.12 0.00221106 0.000321218 0.0145275 0.00141429 0.0071789 3.1504e-06 1.30374e-06 0.217414 0.742284
0.909375  2129.73 0.00224094 0.00033573 0.014776 0.00148609 0.00727921 3.1266e-06 1.30358e-06 0.216949 0.742284
1.28906  2129.5 0.00224187 0.000336114 0.014784 0.00148776 0.00728173 3.13023e-06 1.30571e-06 0.216936 0.742284
1.85859  2129.37 0.00224201 0.000336198 0.0147857 0.00148804 0.00728148 3.13137e-06 1.30648e-06 0.216934 0.742284
2.71289  2129.3 0.00224196 0.0003362 0.0147857 0.00148799 0.00728089 3.13168e-06 1.30673e-06 0.216935 0.742284
3.99434  2129.06 0.00224155 0.000336124 0.0147839 0.0014874 0.0072777 3.13214e-06 1.30733e-06 0.216941 0.742284
5.9165  2129 0.00224144 0.000336104 0.0147835 0.00148725 0.00727691 3.13226e-06 1.30748e-06 0.216943 0.742284
8.79976  2128.2 0.00224005 0.000335844 0.0147774 0.00148523 0.00726627 3.1337e-06 1.30941e-06 0.216963 0.742284
13.1246  2128.2 0.00224005 0.000335844 0.0147774 0.00148523 0.00726627 3.1337e-06 1.30941e-06 0.216963 0.742284
19.612  2128.2 0.00224005 0.000335844 0.0147774 0.00148523 0.00726627 3.1337e-06 1.30941e-06 0.216963 0.742284
29.3429  2128.2 0.00224005 0.000335844 0.0147774 0.00148523 0.00726627 3.1337e-06 1.30941e-06 0.216963 0.742284
43.9394  2128.2 0.00224005 0.000335844 0.0147774 0.00148523 0.00726627 3.1337e-06 1.30941e-06 0.216963 0.742284
65.8341  2128.2 0.00224005 0.000335844 0.0147774 0.00148523 0.00726627 3.1337e-06 1.30941e-06 0.216963 0.742284
98.6761  2128.2 0.00224005 0.000335844 0.0147774 0.00148523 0.00726627 3.1337e-06 1.30941e-06 0.216963 0.742284
147.939  2128.2 0.00224005 0.000335844 0.0147774 0.00148523 0.00726627 3.1337e-06 1.30941e-06 0.216963 0.742284
